Dif_X,Dif_Y,Dif_Z,Dif_X1,Dif_X2,Dif_X3,Dif_Y1,Dif_Y2,Dif_Y3,Dif_Z1,Dif_Z2,Dif_Z3,NDI_X,NDI_Y,NDI_Z,NDI_Rot_X1,NDI_Rot_X2,NDI_Rot_X3,NDI_Rot_Y1,NDI_Rot_Y2,NDI_Rot_Y3,NDI_Rot_Z1,NDI_Rot_Z2,NDI_Rot_Z3,NDI_Quality,Kuka_X,Kuka_Y,Kuka_Z,Kuka_A,Kuka_B,Kuka_C,Kuka_TSL
-0.893000,-1.674400,-1.004600,0.003906,0.008179,0.000244,-0.008667,0.014282,0.007690,-0.014649,-0.008667,0.004517,261.305000,-18.305900,-38.286000,-0.019409,-0.022949,0.999390,-0.865601,-0.499878,-0.028320,0.500244,-0.865845,-0.010132,388.000000,639.444000,-46.337000,304.129000,3.117000,0.039000,3.141000,0
-0.781000,-1.677589,-1.004600,0.003906,0.008179,0.000244,-0.008667,0.014282,0.007690,-0.014649,-0.008667,0.004517,261.417000,-18.305900,-38.286000,-0.019409,-0.022949,0.999390,-0.865601,-0.499878,-0.028320,0.500244,-0.865845,-0.010132,388.000000,639.444000,-46.337000,304.129000,3.117000,0.039000,3.141000,0
-0.781000,-1.680777,-1.004600,0.003906,0.008179,0.000244,-0.008667,0.014282,0.007690,-0.014649,-0.008545,0.004517,261.417000,-18.305900,-38.286000,-0.019409,-0.022949,0.999390,-0.865601,-0.499878,-0.028320,0.500244,-0.865723,-0.010132,388.000000,639.444000,-46.337000,304.129000,3.117000,0.039000,3.141000,0
-0.781000,-1.683966,-1.004600,0.003784,0.008179,0.000244,-0.008667,0.014160,0.007690,-0.014649,-0.008545,0.004517,261.417000,-18.305900,-38.286000,-0.019531,-0.022949,0.999390,-0.865601,-0.500000,-0.028320,0.500244,-0.865723,-0.010132,388.000000,639.444000,-46.337000,304.129000,3.117000,0.039000,3.141000,0
-0.781000,-1.687154,-1.004600,0.003784,0.008179,0.000244,-0.008667,0.014160,0.007690,-0.014527,-0.008545,0.004517,261.417000,-18.305900,-38.286000,-0.019531,-0.022949,0.999390,-0.865601,-0.500000,-0.028320,0.500366,-0.865723,-0.010132,392.000000,639.444000,-46.337000,304.129000,3.117000,0.039000,3.141000,0
-0.781000,-1.690343,-1.004600,0.003784,0.008179,0.000244,-0.008667,0.014160,0.007690,-0.014527,-0.008545,0.004517,261.417000,-18.305900,-38.286000,-0.019531,-0.022949,0.999390,-0.865601,-0.500000,-0.028320,0.500366,-0.865723,-0.010132,392.000000,639.444000,-46.337000,304.129000,3.117000,0.039000,3.141000,0
-0.781000,-1.693531,-1.004600,0.003784,0.008179,0.000244,-0.008667,0.014160,0.007690,-0.014527,-0.008545,0.004517,261.417000,-18.305900,-38.286000,-0.019531,-0.022949,0.999390,-0.865601,-0.500000,-0.028320,0.500366,-0.865723,-0.010132,392.000000,639.444000,-46.337000,304.129000,3.117000,0.039000,3.141000,0
-0.781000,-1.696720,-1.004600,0.003784,0.008179,0.000244,-0.008667,0.014160,0.007690,-0.014527,-0.008545,0.004517,261.417000,-18.305900,-38.286000,-0.019531,-0.022949,0.999390,-0.865601,-0.500000,-0.028320,0.500366,-0.865723,-0.010132,392.000000,639.444000,-46.337000,304.129000,3.117000,0.039000,3.141000,0
-0.781000,-1.699909,-1.004600,0.003784,0.008179,0.000244,-0.008667,0.014160,0.007690,-0.014527,-0.008545,0.004517,261.417000,-18.305900,-38.286000,-0.019531,-0.022949,0.999390,-0.865601,-0.500000,-0.028320,0.500366,-0.865723,-0.010132,392.000000,639.444000,-46.337000,304.129000,3.117000,0.039000,3.141000,0
-0.781000,-1.703097,-1.004600,0.003784,0.008179,0.000244,-0.008667,0.014160,0.007690,-0.014527,-0.008545,0.004517,261.417000,-18.305900,-38.286000,-0.019531,-0.022949,0.999390,-0.865601,-0.500000,-0.028320,0.500366,-0.865723,-0.010132,392.000000,639.444000,-46.337000,304.129000,3.117000,0.039000,3.141000,0
-0.781000,-1.706286,-1.004600,0.003784,0.008179,0.000244,-0.008667,0.014160,0.007690,-0.014527,-0.008545,0.004517,261.417000,-18.305900,-38.286000,-0.019531,-0.022949,0.999390,-0.865601,-0.500000,-0.028320,0.500366,-0.865723,-0.010132,392.000000,639.444000,-46.337000,304.129000,3.117000,0.039000,3.141000,0
-0.781000,-1.709474,-1.004600,0.003784,0.008179,0.000244,-0.008667,0.014160,0.007690,-0.014527,-0.008545,0.004517,261.417000,-18.305900,-38.286000,-0.019531,-0.022949,0.999390,-0.865601,-0.500000,-0.028320,0.500366,-0.865723,-0.010132,392.000000,639.444000,-46.337000,304.130000,3.117000,0.039000,3.141000,0
-0.781000,-1.712663,-1.004600,0.003784,0.008179,0.000244,-0.008667,0.014160,0.007690,-0.014527,-0.008545,0.004517,261.417000,-18.305900,-38.286000,-0.019531,-0.022949,0.999390,-0.865601,-0.500000,-0.028320,0.500366,-0.865723,-0.010132,392.000000,639.444000,-46.337000,304.130000,3.117000,0.039000,3.141000,0
-0.781000,-1.715851,-1.004600,0.003784,0.008179,0.000244,-0.008667,0.014160,0.007690,-0.014527,-0.008545,0.004517,261.417000,-18.305900,-38.286000,-0.019531,-0.022949,0.999390,-0.865601,-0.500000,-0.028320,0.500366,-0.865723,-0.010132,392.000000,639.444000,-46.337000,304.130000,3.117000,0.039000,3.141000,0
-0.781000,-1.719040,-1.004600,0.003784,0.008179,0.000244,-0.008667,0.014160,0.007690,-0.014527,-0.008545,0.004517,261.417000,-18.305900,-38.286000,-0.019531,-0.022949,0.999390,-0.865601,-0.500000,-0.028320,0.500366,-0.865723,-0.010132,392.000000,639.444000,-46.337000,304.130000,3.117000,0.039000,3.141000,0
-0.781000,-1.722229,-1.004600,0.003784,0.008179,0.000244,-0.008667,0.014160,0.007690,-0.014527,-0.008545,0.004639,261.417000,-18.305900,-38.286000,-0.019531,-0.022949,0.999390,-0.865601,-0.500000,-0.028320,0.500366,-0.865723,-0.010010,392.000000,639.444000,-46.337000,304.129000,3.117000,0.039000,3.141000,0
-0.781000,-1.725417,-1.004600,0.003784,0.008179,0.000244,-0.008667,0.014160,0.007568,-0.014527,-0.008545,0.004639,261.417000,-18.305900,-38.286000,-0.019531,-0.022949,0.999390,-0.865601,-0.500000,-0.028442,0.500366,-0.865723,-0.010010,392.000000,639.444000,-46.337000,304.129000,3.117000,0.039000,3.141000,0
-0.781000,-1.728606,-1.004600,0.003784,0.008179,0.000244,-0.008667,0.014160,0.007568,-0.014527,-0.008545,0.004639,261.417000,-18.305900,-38.286000,-0.019531,-0.022949,0.999390,-0.865601,-0.500000,-0.028442,0.500366,-0.865723,-0.010010,396.000000,639.444000,-46.337000,304.129000,3.117000,0.039000,3.141000,0
-0.781000,-1.731794,-0.893000,0.003662,0.008179,0.000244,-0.008667,0.014160,0.007568,-0.014527,-0.008545,0.004639,261.417000,-18.305900,-38.174400,-0.019653,-0.022949,0.999390,-0.865601,-0.500000,-0.028442,0.500366,-0.865723,-0.010010,396.000000,639.444000,-46.337000,304.129000,3.117000,0.039000,3.141000,0
-0.781000,-1.734983,-0.893000,0.003662,0.008301,0.000244,-0.008667,0.014160,0.007568,-0.014527,-0.008545,0.004639,261.417000,-18.305900,-38.174400,-0.019653,-0.022827,0.999390,-0.865601,-0.500000,-0.028442,0.500366,-0.865723,-0.010010,396.000000,639.444000,-46.337000,304.130000,3.117000,0.039000,3.141000,0
-0.781000,-1.738171,-0.893000,0.003662,0.008301,0.000244,-0.008667,0.014160,0.007568,-0.014527,-0.008545,0.004639,261.417000,-18.305900,-38.174400,-0.019653,-0.022827,0.999390,-0.865601,-0.500000,-0.028442,0.500366,-0.865723,-0.010010,396.000000,639.444000,-46.337000,304.130000,3.117000,0.039000,3.141000,0
-0.781000,-1.741360,-0.893000,0.003662,0.008301,0.000244,-0.008667,0.014160,0.007568,-0.014649,-0.008545,0.004639,261.417000,-18.305900,-38.174400,-0.019653,-0.022827,0.999390,-0.865601,-0.500000,-0.028442,0.500244,-0.865723,-0.010010,396.000000,639.444000,-46.337000,304.130000,3.117000,0.039000,3.141000,0
-0.781000,-1.744549,-0.893000,0.003662,0.008301,0.000244,-0.008667,0.014282,0.007568,-0.014649,-0.008667,0.004639,261.417000,-18.305900,-38.174400,-0.019653,-0.022827,0.999390,-0.865601,-0.499878,-0.028442,0.500244,-0.865845,-0.010010,396.000000,639.444000,-46.337000,304.130000,3.117000,0.039000,3.141000,0
-0.781000,-1.747737,-0.893000,0.003662,0.008301,0.000244,-0.008667,0.014282,0.007568,-0.014649,-0.008667,0.004639,261.417000,-18.305900,-38.174400,-0.019653,-0.022827,0.999390,-0.865601,-0.499878,-0.028442,0.500244,-0.865845,-0.010010,396.000000,639.444000,-46.337000,304.129000,3.117000,0.039000,3.141000,0
-0.781000,-1.750926,-0.893000,0.003662,0.008301,0.000244,-0.008667,0.014282,0.007568,-0.014649,-0.008667,0.004639,261.417000,-18.305900,-38.174400,-0.019653,-0.022827,0.999390,-0.865601,-0.499878,-0.028442,0.500244,-0.865845,-0.010010,396.000000,639.444000,-46.337000,304.129000,3.117000,0.039000,3.141000,0
-0.781000,-1.754114,-0.893000,0.003662,0.008301,0.000244,-0.008789,0.014282,0.007568,-0.014649,-0.008667,0.004639,261.417000,-18.305900,-38.174400,-0.019653,-0.022827,0.999390,-0.865723,-0.499878,-0.028442,0.500244,-0.865845,-0.010010,396.000000,639.444000,-46.337000,304.130000,3.117000,0.039000,3.141000,0
-0.781000,-1.757303,-0.893000,0.003662,0.008301,0.000244,-0.008789,0.014282,0.007568,-0.014649,-0.008667,0.004639,261.417000,-18.305900,-38.174400,-0.019653,-0.022827,0.999390,-0.865723,-0.499878,-0.028442,0.500244,-0.865845,-0.010010,396.000000,639.444000,-46.337000,304.129000,3.117000,0.039000,3.141000,0
-0.781000,-1.760491,-0.893000,0.003662,0.008301,0.000244,-0.008789,0.014282,0.007568,-0.014771,-0.008667,0.004639,261.417000,-18.305900,-38.174400,-0.019653,-0.022827,0.999390,-0.865723,-0.499878,-0.028442,0.500122,-0.865845,-0.010010,396.000000,639.444000,-46.337000,304.130000,3.117000,0.039000,3.141000,0
-0.781000,-1.763680,-0.893000,0.003662,0.008301,0.000244,-0.008789,0.014404,0.007568,-0.014771,-0.008667,0.004761,261.417000,-18.305900,-38.174400,-0.019653,-0.022827,0.999390,-0.865723,-0.499756,-0.028442,0.500122,-0.865845,-0.009888,396.000000,639.444000,-46.337000,304.130000,3.117000,0.039000,3.141000,0
-0.781000,-1.766869,-0.893000,0.003540,0.008301,0.000244,-0.008789,0.014404,0.007568,-0.014771,-0.008667,0.004761,261.417000,-18.305900,-38.174400,-0.019775,-0.022827,0.999390,-0.865723,-0.499756,-0.028442,0.500122,-0.865845,-0.009888,396.000000,639.444000,-46.337000,304.130000,3.117000,0.039000,3.141000,0
-0.781000,-1.770057,-0.893000,0.003540,0.008301,0.000244,-0.008789,0.014404,0.007568,-0.014771,-0.008667,0.004761,261.417000,-18.305900,-38.174400,-0.019775,-0.022827,0.999390,-0.865723,-0.499756,-0.028442,0.500122,-0.865845,-0.009888,396.000000,639.444000,-46.337000,304.130000,3.117000,0.039000,3.141000,0
-0.781000,-1.773246,-0.893000,0.003662,0.008301,0.000244,-0.008789,0.014404,0.007568,-0.014771,-0.008667,0.004761,261.417000,-18.305900,-38.174400,-0.019653,-0.022827,0.999390,-0.865723,-0.499756,-0.028442,0.500122,-0.865845,-0.009888,396.000000,639.444000,-46.337000,304.130000,3.117000,0.039000,3.141000,0
-0.781000,-1.776434,-0.893000,0.003662,0.008301,0.000244,-0.008789,0.014404,0.007568,-0.014771,-0.008667,0.004761,261.417000,-18.305900,-38.174400,-0.019653,-0.022827,0.999390,-0.865723,-0.499756,-0.028442,0.500122,-0.865845,-0.009888,396.000000,639.444000,-46.337000,304.130000,3.117000,0.039000,3.141000,0
-0.781000,-1.779623,-0.893000,0.003662,0.008301,0.000244,-0.008789,0.014404,0.007568,-0.014771,-0.008667,0.004761,261.417000,-18.305900,-38.174400,-0.019653,-0.022827,0.999390,-0.865723,-0.499756,-0.028442,0.500122,-0.865845,-0.009888,396.000000,639.444000,-46.337000,304.130000,3.117000,0.039000,3.141000,0
-0.781000,-1.782811,-0.893000,0.003662,0.008301,0.000244,-0.008789,0.014404,0.007568,-0.014771,-0.008789,0.004761,261.417000,-18.305900,-38.174400,-0.019653,-0.022827,0.999390,-0.865723,-0.499756,-0.028442,0.500122,-0.865967,-0.009888,396.000000,639.444000,-46.337000,304.129000,3.117000,0.039000,3.141000,0
-0.781000,-1.786000,-0.893000,0.003662,0.008301,0.000244,-0.008789,0.014404,0.007568,-0.014893,-0.008789,0.004761,261.417000,-18.417500,-38.174400,-0.019653,-0.022827,0.999390,-0.865723,-0.499756,-0.028442,0.500000,-0.865967,-0.009888,396.000000,639.444000,-46.337000,304.130000,3.117000,0.039000,3.141000,0
-0.781000,-1.778560,-0.893000,0.003662,0.008301,0.000244,-0.008789,0.014526,0.007568,-0.014893,-0.008789,0.004761,261.417000,-18.417500,-38.174400,-0.019653,-0.022827,0.999390,-0.865723,-0.499634,-0.028442,0.500000,-0.865967,-0.009888,396.000000,639.444000,-46.337000,304.130000,3.117000,0.039000,3.141000,0
-0.781000,-1.771120,-0.893000,0.003662,0.008301,0.000244,-0.008789,0.014526,0.007568,-0.014893,-0.008789,0.004761,261.417000,-18.417500,-38.174400,-0.019653,-0.022827,0.999390,-0.865723,-0.499634,-0.028442,0.500000,-0.865967,-0.009888,396.000000,639.444000,-46.337000,304.130000,3.117000,0.039000,3.141000,0
-0.781000,-1.763680,-0.893000,0.003662,0.008301,0.000244,-0.008789,0.014526,0.007568,-0.014893,-0.008789,0.004761,261.417000,-18.417500,-38.174400,-0.019653,-0.022827,0.999390,-0.865723,-0.499634,-0.028442,0.500000,-0.865967,-0.009888,392.000000,639.444000,-46.337000,304.130000,3.117000,0.039000,3.141000,0
-0.781000,-1.756240,-0.893000,0.003662,0.008301,0.000244,-0.008789,0.014526,0.007568,-0.014893,-0.008789,0.004761,261.417000,-18.417500,-38.174400,-0.019653,-0.022827,0.999390,-0.865723,-0.499634,-0.028442,0.500000,-0.865967,-0.009888,392.000000,639.444000,-46.337000,304.130000,3.117000,0.039000,3.141000,0
-0.781000,-1.748800,-0.893000,0.003662,0.008301,0.000244,-0.008789,0.014526,0.007568,-0.014893,-0.008789,0.004761,261.417000,-18.417500,-38.174400,-0.019653,-0.022827,0.999390,-0.865723,-0.499634,-0.028442,0.500000,-0.865967,-0.009888,392.000000,639.444000,-46.337000,304.130000,3.117000,0.039000,3.141000,0
-0.781000,-1.741360,-0.893000,0.003662,0.008301,0.000244,-0.008789,0.014526,0.007568,-0.014893,-0.008789,0.004761,261.417000,-18.417500,-38.174400,-0.019653,-0.022827,0.999390,-0.865723,-0.499634,-0.028442,0.500000,-0.865967,-0.009888,392.000000,639.444000,-46.337000,304.130000,3.117000,0.039000,3.141000,0
-0.781000,-1.733920,-0.893000,0.003662,0.008301,0.000244,-0.008789,0.014526,0.007568,-0.014893,-0.008789,0.004761,261.417000,-18.417500,-38.174400,-0.019653,-0.022827,0.999390,-0.865723,-0.499634,-0.028442,0.500000,-0.865967,-0.009888,392.000000,639.444000,-46.337000,304.130000,3.117000,0.039000,3.141000,0
-0.781000,-1.726480,-0.893000,0.003662,0.008301,0.000244,-0.008911,0.014526,0.007568,-0.014893,-0.008789,0.004761,261.417000,-18.417500,-38.174400,-0.019653,-0.022827,0.999390,-0.865845,-0.499634,-0.028442,0.500000,-0.865967,-0.009888,392.000000,639.444000,-46.337000,304.130000,3.117000,0.039000,3.141000,0
-0.781000,-1.719040,-0.893000,0.003662,0.008301,0.000244,-0.008911,0.014526,0.007568,-0.014893,-0.008789,0.004761,261.417000,-18.417500,-38.174400,-0.019653,-0.022827,0.999390,-0.865845,-0.499634,-0.028442,0.500000,-0.865967,-0.009888,392.000000,639.444000,-46.337000,304.130000,3.117000,0.039000,3.141000,0
-0.893000,-1.711600,-0.893000,0.003662,0.008301,0.000244,-0.008789,0.014526,0.007568,-0.014893,-0.008789,0.004639,261.305000,-18.417500,-38.174400,-0.019653,-0.022827,0.999390,-0.865723,-0.499634,-0.028442,0.500000,-0.865967,-0.010010,392.000000,639.444000,-46.337000,304.130000,3.117000,0.039000,3.141000,0
-0.893000,-1.704160,-0.893000,0.003662,0.008301,0.000244,-0.008789,0.014526,0.007568,-0.014893,-0.008789,0.004639,261.305000,-18.417500,-38.174400,-0.019653,-0.022827,0.999390,-0.865723,-0.499634,-0.028442,0.500000,-0.865967,-0.010010,392.000000,639.444000,-46.337000,304.130000,3.117000,0.039000,3.141000,0
-0.893000,-1.696720,-0.893000,0.003662,0.008301,0.000244,-0.008789,0.014526,0.007568,-0.014893,-0.008789,0.004639,261.305000,-18.417500,-38.174400,-0.019653,-0.022827,0.999390,-0.865723,-0.499634,-0.028442,0.500000,-0.865967,-0.010010,392.000000,639.444000,-46.337000,304.130000,3.117000,0.039000,3.141000,0
-0.781000,-1.689280,-0.893000,0.003662,0.008301,0.000244,-0.008789,0.014526,0.007568,-0.014893,-0.008789,0.004639,261.417000,-18.417500,-38.174400,-0.019653,-0.022827,0.999390,-0.865723,-0.499634,-0.028442,0.500000,-0.865967,-0.010010,392.000000,639.444000,-46.337000,304.130000,3.117000,0.039000,3.141000,0
-0.781000,-1.681840,-0.893000,0.003662,0.008301,0.000244,-0.008789,0.014404,0.007568,-0.014893,-0.008789,0.004639,261.417000,-18.417500,-38.174400,-0.019653,-0.022827,0.999390,-0.865723,-0.499756,-0.028442,0.500000,-0.865967,-0.010010,392.000000,639.444000,-46.337000,304.130000,3.117000,0.039000,3.141000,0
-0.781000,-1.674400,-0.893000,0.003662,0.008301,0.000244,-0.008789,0.014404,0.007568,-0.014771,-0.008667,0.004639,261.417000,-18.305900,-38.174400,-0.019653,-0.022827,0.999390,-0.865723,-0.499756,-0.028442,0.500122,-0.865845,-0.010010,392.000000,639.444000,-46.337000,304.130000,3.117000,0.039000,3.141000,0
-0.781000,-1.679252,-0.893000,0.003784,0.008301,0.000244,-0.008789,0.014404,0.007690,-0.014771,-0.008667,0.004639,261.417000,-18.305900,-38.174400,-0.019531,-0.022827,0.999390,-0.865723,-0.499756,-0.028320,0.500122,-0.865845,-0.010010,392.000000,639.444000,-46.337000,304.130000,3.117000,0.039000,3.141000,0
-0.781000,-1.684104,-0.893000,0.003784,0.008301,0.000244,-0.008789,0.014404,0.007690,-0.014771,-0.008667,0.004639,261.417000,-18.305900,-38.174400,-0.019531,-0.022827,0.999390,-0.865723,-0.499756,-0.028320,0.500122,-0.865845,-0.010010,392.000000,639.445000,-46.337000,304.130000,3.117000,0.039000,3.141000,0
-0.781000,-1.688957,-0.893000,0.003784,0.008301,0.000244,-0.008789,0.014404,0.007690,-0.014771,-0.008667,0.004639,261.417000,-18.305900,-38.174400,-0.019531,-0.022827,0.999390,-0.865723,-0.499756,-0.028320,0.500122,-0.865845,-0.010010,392.000000,639.444000,-46.337000,304.130000,3.117000,0.039000,3.141000,0
-0.781000,-1.693809,-0.893000,0.003784,0.008301,0.000244,-0.008789,0.014282,0.007690,-0.014649,-0.008667,0.004639,261.417000,-18.305900,-38.174400,-0.019531,-0.022827,0.999390,-0.865723,-0.499878,-0.028320,0.500244,-0.865845,-0.010010,392.000000,639.445000,-46.337000,304.130000,3.117000,0.039000,3.141000,0
-0.893000,-1.698661,-0.893000,0.003784,0.008301,0.000244,-0.008789,0.014282,0.007690,-0.014649,-0.008667,0.004639,261.305000,-18.305900,-38.174400,-0.019531,-0.022827,0.999390,-0.865723,-0.499878,-0.028320,0.500244,-0.865845,-0.010010,392.000000,639.444000,-46.337000,304.130000,3.117000,0.039000,3.141000,0
-0.893000,-1.703513,-0.893000,0.003784,0.008301,0.000244,-0.008789,0.014282,0.007690,-0.014649,-0.008667,0.004639,261.305000,-18.305900,-38.174400,-0.019531,-0.022827,0.999390,-0.865723,-0.499878,-0.028320,0.500244,-0.865845,-0.010010,392.000000,639.445000,-46.337000,304.130000,3.117000,0.039000,3.141000,0
-0.893000,-1.708365,-0.893000,0.003784,0.008301,0.000244,-0.008789,0.014282,0.007690,-0.014771,-0.008667,0.004639,261.305000,-18.305900,-38.174400,-0.019531,-0.022827,0.999390,-0.865723,-0.499878,-0.028320,0.500122,-0.865845,-0.010010,392.000000,639.441000,-46.337000,304.130000,3.117000,0.039000,3.141000,0
-0.893000,-1.713217,-0.893000,0.003784,0.008301,0.000244,-0.008789,0.014404,0.007690,-0.014771,-0.008667,0.004639,261.305000,-18.305900,-38.174400,-0.019531,-0.022827,0.999390,-0.865723,-0.499756,-0.028320,0.500122,-0.865845,-0.010010,392.000000,639.435000,-46.337000,304.134000,3.117000,0.039000,3.141000,0
-0.893000,-1.718070,-0.893000,0.003784,0.008179,0.000244,-0.008789,0.014404,0.007690,-0.014771,-0.008667,0.004639,261.305000,-18.305900,-38.174400,-0.019531,-0.022949,0.999390,-0.865723,-0.499756,-0.028320,0.500122,-0.865845,-0.010010,392.000000,639.414000,-46.336000,304.141000,3.117000,0.039000,3.141000,0
-0.893000,-1.722922,-0.893000,0.003784,0.008179,0.000244,-0.008789,0.014404,0.007568,-0.014771,-0.008667,0.004639,261.305000,-18.305900,-38.174400,-0.019531,-0.022949,0.999390,-0.865723,-0.499756,-0.028442,0.500122,-0.865845,-0.010010,392.000000,639.361000,-46.333000,304.142000,3.117000,0.038000,3.141000,0
-0.893000,-1.727774,-0.893000,0.003784,0.008179,0.000244,-0.008789,0.014404,0.007568,-0.014771,-0.008667,0.004639,261.305000,-18.305900,-38.174400,-0.019531,-0.022949,0.999390,-0.865723,-0.499756,-0.028442,0.500122,-0.865845,-0.010010,388.000000,639.274000,-46.330000,304.134000,3.117000,0.038000,3.141000,0
-0.893000,-1.732626,-0.893000,0.003784,0.008179,0.000244,-0.008789,0.014404,0.007568,-0.014771,-0.008667,0.004639,261.305000,-18.305900,-38.174400,-0.019531,-0.022949,0.999390,-0.865723,-0.499756,-0.028442,0.500122,-0.865845,-0.010010,388.000000,639.154000,-46.326000,304.114000,3.117000,0.038000,3.141000,0
-0.893000,-1.737478,-0.893000,0.003662,0.008179,0.000244,-0.008789,0.014404,0.007568,-0.014771,-0.008667,0.004639,261.305000,-18.305900,-38.174400,-0.019653,-0.022949,0.999390,-0.865723,-0.499756,-0.028442,0.500122,-0.865845,-0.010010,388.000000,639.017000,-46.321000,304.092000,3.117000,0.038000,3.141000,0
-0.893000,-1.742330,-0.893000,0.003662,0.008179,0.000244,-0.008789,0.014404,0.007568,-0.014771,-0.008667,0.004639,261.305000,-18.305900,-38.174400,-0.019653,-0.022949,0.999390,-0.865723,-0.499756,-0.028442,0.500122,-0.865845,-0.010010,388.000000,638.861000,-46.316000,304.072000,3.117000,0.038000,3.141000,0
-0.893000,-1.747183,-0.893000,0.003662,0.008179,0.000244,-0.008789,0.014404,0.007568,-0.014771,-0.008667,0.004639,261.305000,-18.305900,-38.174400,-0.019653,-0.022949,0.999390,-0.865723,-0.499756,-0.028442,0.500122,-0.865845,-0.010010,388.000000,638.682000,-46.314000,304.056000,3.117000,0.038000,3.141000,0
-0.893000,-1.752035,-0.893000,0.003662,0.008179,0.000244,-0.008789,0.014404,0.007568,-0.014771,-0.008789,0.004639,261.305000,-18.305900,-38.174400,-0.019653,-0.022949,0.999390,-0.865723,-0.499756,-0.028442,0.500122,-0.865967,-0.010010,388.000000,638.480000,-46.314000,304.045000,3.117000,0.038000,3.141000,0
-0.893000,-1.756887,-0.893000,0.003662,0.008179,0.000244,-0.008789,0.014526,0.007568,-0.014893,-0.008789,0.004639,261.305000,-18.305900,-38.174400,-0.019653,-0.022949,0.999390,-0.865723,-0.499634,-0.028442,0.500000,-0.865967,-0.010010,388.000000,638.246000,-46.313000,304.032000,3.117000,0.038000,3.141000,0
-0.893000,-1.761739,-0.893000,0.003662,0.008179,0.000244,-0.008789,0.014526,0.007568,-0.014893,-0.008789,0.004639,261.305000,-18.305900,-38.174400,-0.019653,-0.022949,0.999390,-0.865723,-0.499634,-0.028442,0.500000,-0.865967,-0.010010,388.000000,637.987000,-46.311000,304.034000,3.117000,0.038000,3.141000,0
-0.893000,-1.766591,-0.893000,0.003662,0.008179,0.000244,-0.008911,0.014526,0.007568,-0.014893,-0.008789,0.004639,261.305000,-18.305900,-38.174400,-0.019653,-0.022949,0.999390,-0.865845,-0.499634,-0.028442,0.500000,-0.865967,-0.010010,388.000000,637.697000,-46.307000,304.020000,3.117000,0.038000,3.141000,0
-0.893000,-1.771443,-0.893000,0.003784,0.008179,0.000244,-0.008911,0.014526,0.007568,-0.014893,-0.008789,0.004639,261.305000,-18.305900,-38.174400,-0.019531,-0.022949,0.999390,-0.865845,-0.499634,-0.028442,0.500000,-0.865967,-0.010010,388.000000,637.412000,-46.306000,304.014000,3.117000,0.038000,3.141000,0
-0.893000,-1.776296,-0.893000,0.003784,0.008179,0.000244,-0.008911,0.014526,0.007690,-0.014893,-0.008789,0.004639,261.305000,-18.305900,-38.174400,-0.019531,-0.022949,0.999390,-0.865845,-0.499634,-0.028320,0.500000,-0.865967,-0.010010,388.000000,637.131000,-46.306000,304.019000,3.117000,0.038000,3.141000,0
-0.893000,-1.781148,-1.004600,0.003784,0.008179,0.000244,-0.008911,0.014526,0.007690,-0.014893,-0.008789,0.004639,261.305000,-18.305900,-38.286000,-0.019531,-0.022949,0.999390,-0.865845,-0.499634,-0.028320,0.500000,-0.865967,-0.010010,388.000000,636.845000,-46.308000,304.034000,3.117000,0.038000,3.141000,0
-0.893000,-1.786000,-1.004600,0.003784,0.008179,0.000244,-0.008911,0.014648,0.007690,-0.015015,-0.008789,0.004639,261.305000,-18.417500,-38.286000,-0.019531,-0.022949,0.999390,-0.865845,-0.499512,-0.028320,0.499878,-0.865967,-0.010010,392.000000,636.561000,-46.315000,304.045000,3.117000,0.038000,3.141000,0
-0.893000,-1.789600,-1.004600,0.003784,0.008301,0.000244,-0.008911,0.014648,0.007690,-0.015015,-0.008789,0.004517,261.305000,-18.417500,-38.286000,-0.019531,-0.022827,0.999390,-0.865845,-0.499512,-0.028320,0.499878,-0.865967,-0.010132,392.000000,636.283000,-46.324000,304.071000,3.117000,0.038000,3.141000,0
-0.893000,-1.793200,-1.004600,0.003784,0.008301,0.000244,-0.008911,0.014648,0.007690,-0.015015,-0.008789,0.004639,261.305000,-18.417500,-38.286000,-0.019531,-0.022827,0.999390,-0.865845,-0.499512,-0.028320,0.499878,-0.865967,-0.010010,392.000000,636.015000,-46.333000,304.109000,3.117000,0.038000,3.141000,0
-0.893000,-1.796800,-1.004600,0.003784,0.008301,0.000244,-0.008911,0.014648,0.007690,-0.015015,-0.008911,0.004639,261.305000,-18.417500,-38.286000,-0.019531,-0.022827,0.999390,-0.865845,-0.499512,-0.028320,0.499878,-0.866089,-0.010010,392.000000,635.744000,-46.337000,304.140000,3.117000,0.039000,3.141000,0
-0.893000,-1.800400,-1.004600,0.003784,0.008301,0.000244,-0.009033,0.014770,0.007813,-0.015137,-0.008911,0.004639,261.305000,-18.417500,-38.286000,-0.019531,-0.022827,0.999390,-0.865967,-0.499390,-0.028198,0.499756,-0.866089,-0.010010,392.000000,635.390000,-46.339000,304.165000,3.117000,0.039000,3.141000,0
-0.893000,-1.804000,-1.004600,0.003906,0.008423,0.000244,-0.009033,0.014770,0.007813,-0.015137,-0.008911,0.004639,261.305000,-18.417500,-38.286000,-0.019409,-0.022705,0.999390,-0.865967,-0.499390,-0.028198,0.499756,-0.866089,-0.010010,392.000000,634.932000,-46.339000,304.201000,3.117000,0.039000,3.141000,0
-0.893000,-1.807600,-1.004600,0.003906,0.008423,0.000244,-0.009033,0.014770,0.007813,-0.015137,-0.008911,0.004639,261.305000,-18.417500,-38.286000,-0.019409,-0.022705,0.999390,-0.865967,-0.499390,-0.028198,0.499756,-0.866089,-0.010010,396.000000,634.659000,-46.341000,304.216000,3.117000,0.039000,3.141000,0
-0.893000,-1.811200,-1.004600,0.003906,0.008423,0.000244,-0.009033,0.014770,0.007813,-0.015137,-0.008911,0.004761,261.305000,-18.417500,-38.286000,-0.019409,-0.022705,0.999390,-0.865967,-0.499390,-0.028198,0.499756,-0.866089,-0.009888,396.000000,634.384000,-46.341000,304.221000,3.117000,0.039000,3.141000,0
-0.893000,-1.814800,-1.004600,0.003906,0.008545,0.000244,-0.009033,0.014770,0.007813,-0.015137,-0.008911,0.004761,261.305000,-18.417500,-38.286000,-0.019409,-0.022583,0.999390,-0.865967,-0.499390,-0.028198,0.499756,-0.866089,-0.009888,396.000000,634.113000,-46.340000,304.221000,3.117000,0.039000,3.141000,0
-0.893000,-1.818400,-1.004600,0.003906,0.008545,0.000244,-0.009033,0.014892,0.007935,-0.015259,-0.008911,0.004761,261.305000,-18.417500,-38.286000,-0.019409,-0.022583,0.999390,-0.865967,-0.499268,-0.028076,0.499634,-0.866089,-0.009888,396.000000,633.840000,-46.340000,304.212000,3.117000,0.039000,3.141000,0
-0.893000,-1.822000,-1.004600,0.003906,0.008545,0.000244,-0.009033,0.014892,0.007935,-0.015259,-0.009033,0.004761,261.305000,-18.417500,-38.286000,-0.019409,-0.022583,0.999390,-0.865967,-0.499268,-0.028076,0.499634,-0.866211,-0.009888,400.000000,633.572000,-46.340000,304.206000,3.117000,0.039000,3.140000,0
-0.893000,-1.825600,-1.004600,0.003906,0.008545,0.000244,-0.009033,0.014892,0.007935,-0.015259,-0.009033,0.004761,261.305000,-18.417500,-38.286000,-0.019409,-0.022583,0.999390,-0.865967,-0.499268,-0.028076,0.499634,-0.866211,-0.009888,400.000000,633.299000,-46.338000,304.198000,3.117000,0.039000,3.140000,0
-0.893000,-1.829200,-1.004600,0.003784,0.008545,0.000244,-0.009033,0.014892,0.007935,-0.015259,-0.009033,0.004883,261.305000,-18.417500,-38.286000,-0.019531,-0.022583,0.999390,-0.865967,-0.499268,-0.028076,0.499634,-0.866211,-0.009766,400.000000,633.027000,-46.337000,304.188000,3.117000,0.039000,3.140000,0
-0.893000,-1.832800,-1.004600,0.003784,0.008545,0.000244,-0.009155,0.014892,0.007935,-0.015259,-0.009033,0.004883,261.305000,-18.417500,-38.286000,-0.019531,-0.022583,0.999390,-0.866089,-0.499268,-0.028076,0.499634,-0.866211,-0.009766,404.000000,632.752000,-46.336000,304.168000,3.117000,0.039000,3.140000,0
-0.893000,-1.836400,-1.004600,0.003784,0.008667,0.000244,-0.009155,0.015014,0.007935,-0.015381,-0.009033,0.004883,261.305000,-18.417500,-38.286000,-0.019531,-0.022461,0.999390,-0.866089,-0.499146,-0.028076,0.499512,-0.866211,-0.009766,404.000000,632.474000,-46.337000,304.154000,3.117000,0.039000,3.141000,0
-0.893000,-1.840000,-1.004600,0.003784,0.008667,0.000244,-0.009155,0.015014,0.007935,-0.015381,-0.009033,0.004883,261.305000,-18.417500,-38.286000,-0.019531,-0.022461,0.999390,-0.866089,-0.499146,-0.028076,0.499512,-0.866211,-0.009766,404.000000,632.203000,-46.337000,304.153000,3.117000,0.039000,3.141000,0
-1.005000,-1.843600,-1.004600,0.003784,0.008667,0.000244,-0.009155,0.015014,0.007935,-0.015381,-0.009033,0.004883,261.193000,-18.417500,-38.286000,-0.019531,-0.022461,0.999390,-0.866089,-0.499146,-0.028076,0.499512,-0.866211,-0.009766,408.000000,631.929000,-46.338000,304.145000,3.117000,0.039000,3.141000,0
-1.005000,-1.847200,-1.004600,0.003784,0.008667,0.000244,-0.009155,0.015014,0.007935,-0.015503,-0.009155,0.005005,261.193000,-18.417500,-38.286000,-0.019531,-0.022461,0.999390,-0.866089,-0.499146,-0.028076,0.499390,-0.866333,-0.009644,408.000000,631.654000,-46.338000,304.141000,3.117000,0.039000,3.141000,0
-1.005000,-1.850800,-1.004600,0.003784,0.008667,0.000244,-0.009155,0.015137,0.007935,-0.015503,-0.009155,0.005005,261.193000,-18.417500,-38.286000,-0.019531,-0.022461,0.999390,-0.866089,-0.499023,-0.028076,0.499390,-0.866333,-0.009644,412.000000,631.373000,-46.337000,304.149000,3.117000,0.039000,3.141000,0
-1.005000,-1.854400,-1.004600,0.003784,0.008789,0.000244,-0.009277,0.015137,0.007935,-0.015503,-0.009155,0.005005,261.193000,-18.417500,-38.286000,-0.019531,-0.022339,0.999390,-0.866211,-0.499023,-0.028076,0.499390,-0.866333,-0.009644,412.000000,631.096000,-46.337000,304.159000,3.117000,0.039000,3.141000,0
-1.005000,-1.858000,-1.004600,0.003784,0.008789,0.000244,-0.009277,0.015137,0.007935,-0.015625,-0.009155,0.005005,261.193000,-18.417500,-38.286000,-0.019531,-0.022339,0.999390,-0.866211,-0.499023,-0.028076,0.499268,-0.866333,-0.009644,416.000000,630.821000,-46.339000,304.163000,3.117000,0.039000,3.141000,0
-1.005000,-1.861600,-1.004600,0.003662,0.008789,0.000244,-0.009277,0.015259,0.007935,-0.015625,-0.009155,0.005127,261.193000,-18.417500,-38.286000,-0.019653,-0.022339,0.999390,-0.866211,-0.498901,-0.028076,0.499268,-0.866333,-0.009521,416.000000,630.540000,-46.342000,304.173000,3.117000,0.039000,3.141000,0
-1.005000,-1.865200,-1.004600,0.003662,0.008911,0.000244,-0.009277,0.015259,0.007935,-0.015625,-0.009155,0.005127,261.193000,-18.417500,-38.286000,-0.019653,-0.022217,0.999390,-0.866211,-0.498901,-0.028076,0.499268,-0.866333,-0.009521,420.000000,630.252000,-46.346000,304.186000,3.117000,0.039000,3.141000,0
-1.005000,-1.868800,-1.004600,0.003662,0.008911,0.000244,-0.009277,0.015259,0.007935,-0.015625,-0.009277,0.005249,261.193000,-18.417500,-38.286000,-0.019653,-0.022217,0.999390,-0.866211,-0.498901,-0.028076,0.499268,-0.866455,-0.009399,420.000000,629.966000,-46.353000,304.188000,3.117000,0.039000,3.141000,0
-1.005000,-1.872400,-1.004600,0.003540,0.009033,0.000244,-0.009399,0.015381,0.007935,-0.015747,-0.009277,0.005249,261.193000,-18.417500,-38.286000,-0.019775,-0.022095,0.999390,-0.866333,-0.498779,-0.028076,0.499146,-0.866455,-0.009399,424.000000,629.689000,-46.360000,304.191000,3.117000,0.039000,3.141000,0
-1.005000,-1.876000,-1.004600,0.003540,0.009033,0.000244,-0.009399,0.015381,0.007935,-0.015747,-0.009277,0.005371,261.193000,-18.417500,-38.286000,-0.019775,-0.022095,0.999390,-0.866333,-0.498779,-0.028076,0.499146,-0.866455,-0.009277,424.000000,629.406000,-46.367000,304.195000,3.117000,0.039000,3.141000,0
-1.005000,-1.879600,-1.004600,0.003540,0.009033,0.000244,-0.009399,0.015381,0.007935,-0.015747,-0.009277,0.005371,261.193000,-18.417500,-38.286000,-0.019775,-0.022095,0.999390,-0.866333,-0.498779,-0.028076,0.499146,-0.866455,-0.009277,428.000000,629.124000,-46.373000,304.200000,3.117000,0.039000,3.141000,0
-1.005000,-1.883200,-1.004600,0.003540,0.009155,0.000244,-0.009399,0.015503,0.007935,-0.015870,-0.009277,0.005371,261.193000,-18.417500,-38.286000,-0.019775,-0.021973,0.999390,-0.866333,-0.498657,-0.028076,0.499023,-0.866455,-0.009277,432.000000,628.846000,-46.380000,304.200000,3.117000,0.039000,3.141000,0
-1.005000,-1.886800,-1.004600,0.003540,0.009155,0.000244,-0.009399,0.015503,0.007935,-0.015870,-0.009399,0.005493,261.193000,-18.417500,-38.286000,-0.019775,-0.021973,0.999390,-0.866333,-0.498657,-0.028076,0.499023,-0.866577,-0.009155,432.000000,628.567000,-46.384000,304.200000,3.117000,0.039000,3.141000,0
-1.005000,-1.890400,-1.116300,0.003540,0.009277,0.000244,-0.009521,0.015503,0.007935,-0.015992,-0.009399,0.005493,261.193000,-18.417500,-38.397700,-0.019775,-0.021851,0.999390,-0.866455,-0.498657,-0.028076,0.498901,-0.866577,-0.009155,436.000000,628.291000,-46.385000,304.211000,3.117000,0.039000,3.141000,0
-1.116000,-1.894000,-1.116300,0.003540,0.009277,0.000244,-0.009521,0.015625,0.008057,-0.015992,-0.009399,0.005493,261.082000,-18.417500,-38.397700,-0.019775,-0.021851,0.999390,-0.866455,-0.498535,-0.027954,0.498901,-0.866577,-0.009155,440.000000,628.005000,-46.386000,304.211000,3.117000,0.039000,3.141000,0
-1.116000,-1.897600,-1.116300,0.003540,0.009277,0.000244,-0.009521,0.015625,0.008057,-0.015992,-0.009399,0.005493,261.082000,-18.529100,-38.397700,-0.019775,-0.021851,0.999390,-0.866455,-0.498535,-0.027954,0.498901,-0.866577,-0.009155,440.000000,627.753000,-46.385000,304.217000,3.117000,0.039000,3.141000,0
-1.116000,-1.903800,-1.116300,0.003540,0.009399,0.000244,-0.009521,0.015747,0.008057,-0.016114,-0.009521,0.005615,261.082000,-18.529100,-38.397700,-0.019775,-0.021729,0.999390,-0.866455,-0.498413,-0.027954,0.498779,-0.866699,-0.009033,444.000000,627.456000,-46.384000,304.228000,3.117000,0.039000,3.141000,0
-1.116000,-1.910000,-1.116300,0.003540,0.009399,0.000244,-0.009521,0.015747,0.008057,-0.016114,-0.009521,0.005615,261.082000,-18.529100,-38.397700,-0.019775,-0.021729,0.999390,-0.866455,-0.498413,-0.027954,0.498779,-0.866699,-0.009033,448.000000,627.199000,-46.382000,304.223000,3.117000,0.039000,3.141000,0
-1.116000,-1.916200,-1.116300,0.003540,0.009399,0.000244,-0.009643,0.015747,0.008057,-0.016236,-0.009521,0.005615,261.082000,-18.529100,-38.397700,-0.019775,-0.021729,0.999390,-0.866577,-0.498413,-0.027954,0.498657,-0.866699,-0.009033,452.000000,626.908000,-46.379000,304.205000,3.117000,0.039000,3.141000,0
-1.116000,-1.922400,-1.116300,0.003540,0.009399,0.000244,-0.009643,0.015869,0.008179,-0.016236,-0.009521,0.005737,261.082000,-18.529100,-38.397700,-0.019775,-0.021729,0.999390,-0.866577,-0.498291,-0.027832,0.498657,-0.866699,-0.008911,452.000000,626.591000,-46.372000,304.184000,3.117000,0.039000,3.141000,0
-1.116000,-1.928600,-1.116300,0.003540,0.009521,0.000244,-0.009643,0.015869,0.008179,-0.016236,-0.009643,0.005737,261.082000,-18.529100,-38.397700,-0.019775,-0.021606,0.999390,-0.866577,-0.498291,-0.027832,0.498657,-0.866821,-0.008911,456.000000,626.303000,-46.366000,304.172000,3.117000,0.039000,3.141000,0
-1.116000,-1.934800,-1.116300,0.003540,0.009521,0.000244,-0.009643,0.015991,0.008179,-0.016358,-0.009643,0.005737,261.082000,-18.529100,-38.397700,-0.019775,-0.021606,0.999390,-0.866577,-0.498169,-0.027832,0.498535,-0.866821,-0.008911,460.000000,626.008000,-46.360000,304.159000,3.117000,0.039000,3.141000,0
-1.116000,-1.941000,-1.116300,0.003540,0.009643,0.000244,-0.009765,0.015991,0.008179,-0.016358,-0.009643,0.005859,261.082000,-18.529100,-38.397700,-0.019775,-0.021484,0.999390,-0.866699,-0.498169,-0.027832,0.498535,-0.866821,-0.008789,464.000000,625.712000,-46.356000,304.141000,3.117000,0.039000,3.141000,0
-1.116000,-1.947200,-1.116300,0.003540,0.009643,0.000244,-0.009765,0.015991,0.008179,-0.016480,-0.009643,0.005859,261.082000,-18.529100,-38.397700,-0.019775,-0.021484,0.999390,-0.866699,-0.498169,-0.027832,0.498413,-0.866821,-0.008789,468.000000,625.413000,-46.351000,304.119000,3.117000,0.039000,3.141000,0
-1.228000,-1.953400,-1.116300,0.003540,0.009766,0.000244,-0.009765,0.016113,0.008179,-0.016480,-0.009765,0.005981,260.970000,-18.529100,-38.397700,-0.019775,-0.021362,0.999390,-0.866699,-0.498047,-0.027832,0.498413,-0.866943,-0.008667,468.000000,625.121000,-46.347000,304.102000,3.117000,0.039000,3.141000,0
-1.228000,-1.959600,-1.116300,0.003540,0.009766,0.000244,-0.009765,0.016113,0.008179,-0.016480,-0.009765,0.005981,260.970000,-18.529100,-38.397700,-0.019775,-0.021362,0.999390,-0.866699,-0.498047,-0.027832,0.498413,-0.866943,-0.008667,472.000000,624.833000,-46.345000,304.085000,3.117000,0.038000,3.141000,0
-1.228000,-1.965800,-1.116300,0.003418,0.009888,0.000244,-0.009887,0.016235,0.008179,-0.016602,-0.009765,0.006103,260.970000,-18.529100,-38.397700,-0.019897,-0.021240,0.999390,-0.866821,-0.497925,-0.027832,0.498291,-0.866943,-0.008545,476.000000,624.542000,-46.343000,304.075000,3.117000,0.038000,3.141000,0
-1.228000,-1.972000,-1.116300,0.003418,0.009888,0.000244,-0.009887,0.016235,0.008179,-0.016602,-0.009765,0.006103,260.970000,-18.529100,-38.397700,-0.019897,-0.021240,0.999390,-0.866821,-0.497925,-0.027832,0.498291,-0.866943,-0.008545,480.000000,624.260000,-46.342000,304.076000,3.117000,0.038000,3.141000,0
-1.228000,-1.978200,-1.116300,0.003418,0.010010,0.000244,-0.009887,0.016357,0.008179,-0.016724,-0.009887,0.006226,260.970000,-18.529100,-38.397700,-0.019897,-0.021118,0.999390,-0.866821,-0.497803,-0.027832,0.498169,-0.867065,-0.008423,484.000000,623.976000,-46.343000,304.070000,3.117000,0.038000,3.141000,0
-1.228000,-1.984400,-1.116300,0.003418,0.010010,0.000244,-0.010009,0.016357,0.008179,-0.016846,-0.009887,0.006348,260.970000,-18.529100,-38.397700,-0.019897,-0.021118,0.999390,-0.866943,-0.497803,-0.027832,0.498047,-0.867065,-0.008301,488.000000,623.689000,-46.345000,304.077000,3.117000,0.038000,3.141000,0
-1.228000,-1.990600,-1.116300,0.003296,0.010132,0.000244,-0.010009,0.016479,0.008179,-0.016846,-0.009887,0.006348,260.970000,-18.529100,-38.397700,-0.020019,-0.020996,0.999390,-0.866943,-0.497681,-0.027832,0.498047,-0.867065,-0.008301,488.000000,623.414000,-46.349000,304.108000,3.117000,0.039000,3.141000,0
-1.340000,-1.996800,-1.116300,0.003296,0.010132,0.000244,-0.010009,0.016479,0.008301,-0.016968,-0.010010,0.006470,260.858000,-18.529100,-38.397700,-0.020019,-0.020996,0.999390,-0.866943,-0.497681,-0.027710,0.497925,-0.867188,-0.008179,496.000000,623.133000,-46.353000,304.124000,3.117000,0.039000,3.141000,0
-1.340000,-2.003000,-1.227900,0.003296,0.010254,0.000244,-0.010009,0.016601,0.008301,-0.016968,-0.010010,0.006470,260.858000,-18.529100,-38.509300,-0.020019,-0.020874,0.999390,-0.866943,-0.497559,-0.027710,0.497925,-0.867188,-0.008179,496.000000,622.860000,-46.357000,304.143000,3.117000,0.039000,3.141000,0
-1.340000,-2.009200,-1.227900,0.003296,0.010254,0.000244,-0.010131,0.016601,0.008301,-0.017090,-0.010010,0.006592,260.858000,-18.640700,-38.509300,-0.020019,-0.020874,0.999390,-0.867065,-0.497559,-0.027710,0.497803,-0.867188,-0.008057,504.000000,622.588000,-46.361000,304.174000,3.117000,0.039000,3.141000,0
-1.340000,-2.006720,-1.227900,0.003296,0.010376,0.000244,-0.010131,0.016723,0.008301,-0.017090,-0.010132,0.006592,260.858000,-18.640700,-38.509300,-0.020019,-0.020752,0.999390,-0.867065,-0.497437,-0.027710,0.497803,-0.867310,-0.008057,508.000000,622.313000,-46.365000,304.202000,3.117000,0.039000,3.141000,0
-1.340000,-2.004240,-1.227900,0.003296,0.010376,0.000244,-0.010131,0.016723,0.008301,-0.017212,-0.010132,0.006592,260.858000,-18.640700,-38.509300,-0.020019,-0.020752,0.999390,-0.867065,-0.497437,-0.027710,0.497681,-0.867310,-0.008057,512.000000,622.035000,-46.366000,304.214000,3.117000,0.039000,3.141000,0
-1.340000,-2.001760,-1.227900,0.003174,0.010498,0.000244,-0.010131,0.016846,0.008301,-0.017212,-0.010132,0.006714,260.858000,-18.640700,-38.509300,-0.020142,-0.020630,0.999390,-0.867065,-0.497314,-0.027710,0.497681,-0.867310,-0.007935,516.000000,621.754000,-46.365000,304.230000,3.117000,0.039000,3.141000,0
-1.451000,-1.999280,-1.227900,0.003174,0.010498,0.000244,-0.010254,0.016846,0.008301,-0.017212,-0.010132,0.006714,260.747000,-18.640700,-38.509300,-0.020142,-0.020630,0.999390,-0.867188,-0.497314,-0.027710,0.497681,-0.867310,-0.007935,520.000000,621.467000,-46.362000,304.242000,3.117000,0.039000,3.141000,0
-1.451000,-1.996800,-1.227900,0.003174,0.010620,0.000244,-0.010254,0.016846,0.008301,-0.017334,-0.010254,0.006836,260.747000,-18.640700,-38.509300,-0.020142,-0.020508,0.999390,-0.867188,-0.497314,-0.027710,0.497559,-0.867432,-0.007813,524.000000,621.181000,-46.360000,304.245000,3.117000,0.039000,3.141000,0
-1.451000,-1.994320,-1.227900,0.003174,0.010620,0.000244,-0.010254,0.016968,0.008301,-0.017334,-0.010254,0.006836,260.747000,-18.640700,-38.509300,-0.020142,-0.020508,0.999390,-0.867188,-0.497192,-0.027710,0.497559,-0.867432,-0.007813,528.000000,620.899000,-46.362000,304.250000,3.117000,0.039000,3.141000,0
