Dif_X,Dif_Y,Dif_Z,Dif_X1,Dif_X2,Dif_X3,Dif_Y1,Dif_Y2,Dif_Y3,Dif_Z1,Dif_Z2,Dif_Z3,NDI_X,NDI_Y,NDI_Z,NDI_Rot_X1,NDI_Rot_X2,NDI_Rot_X3,NDI_Rot_Y1,NDI_Rot_Y2,NDI_Rot_Y3,NDI_Rot_Z1,NDI_Rot_Z2,NDI_Rot_Z3,NDI_Quality,Kuka_X,Kuka_Y,Kuka_Z,Kuka_A,Kuka_B,Kuka_C,Kuka_TSL
-0.669000,-1.786000,-0.669700,0.003784,0.007202,0.000367,-0.008179,0.013550,0.007202,-0.013794,-0.008179,0.003784,261.417000,-24.779900,-38.174400,-0.018921,-0.025146,0.999390,-0.864380,-0.501953,-0.028931,0.502319,-0.864502,-0.012207,300.000000,640.884000,-46.326000,304.134000,3.117000,0.039000,3.141000,0
-0.669000,-1.787329,-0.669700,0.003906,0.007202,0.000367,-0.008179,0.013550,0.007202,-0.013672,-0.008179,0.003662,261.417000,-24.779900,-38.174400,-0.018799,-0.025146,0.999390,-0.864380,-0.501953,-0.028931,0.502441,-0.864502,-0.012329,300.000000,640.884000,-46.326000,304.134000,3.117000,0.039000,3.141000,0
-0.669000,-1.788657,-0.669700,0.003906,0.007202,0.000367,-0.008179,0.013550,0.007202,-0.013672,-0.008179,0.003662,261.417000,-24.779900,-38.174400,-0.018799,-0.025146,0.999390,-0.864380,-0.501953,-0.028931,0.502441,-0.864502,-0.012329,300.000000,640.884000,-46.326000,304.134000,3.117000,0.039000,3.141000,0
-0.669000,-1.789986,-0.669700,0.003906,0.007202,0.000367,-0.008179,0.013550,0.007202,-0.013672,-0.008179,0.003662,261.417000,-24.779900,-38.174400,-0.018799,-0.025146,0.999390,-0.864380,-0.501953,-0.028931,0.502441,-0.864502,-0.012329,300.000000,640.884000,-46.326000,304.134000,3.117000,0.039000,3.141000,0
-0.669000,-1.791314,-0.669700,0.003906,0.007202,0.000367,-0.008179,0.013550,0.007202,-0.013672,-0.008179,0.003662,261.417000,-24.779900,-38.174400,-0.018799,-0.025146,0.999390,-0.864380,-0.501953,-0.028931,0.502441,-0.864502,-0.012329,300.000000,640.884000,-46.326000,304.134000,3.117000,0.039000,3.141000,0
-0.669000,-1.792643,-0.669700,0.003784,0.007202,0.000367,-0.008179,0.013550,0.007202,-0.013672,-0.008179,0.003784,261.417000,-24.779900,-38.174400,-0.018921,-0.025146,0.999390,-0.864380,-0.501953,-0.028931,0.502441,-0.864502,-0.012207,300.000000,640.884000,-46.326000,304.134000,3.117000,0.039000,3.141000,0
-0.669000,-1.793971,-0.669700,0.003784,0.007202,0.000367,-0.008179,0.013550,0.007202,-0.013672,-0.008179,0.003784,261.417000,-24.779900,-38.174400,-0.018921,-0.025146,0.999390,-0.864380,-0.501953,-0.028931,0.502441,-0.864502,-0.012207,300.000000,640.884000,-46.326000,304.134000,3.117000,0.039000,3.141000,0
-0.669000,-1.795300,-0.669700,0.003784,0.007202,0.000367,-0.008179,0.013550,0.007202,-0.013794,-0.008179,0.003784,261.417000,-24.779900,-38.174400,-0.018921,-0.025146,0.999390,-0.864380,-0.501953,-0.028931,0.502319,-0.864502,-0.012207,296.000000,640.884000,-46.326000,304.134000,3.117000,0.039000,3.141000,0
-0.669000,-1.796629,-0.669700,0.003784,0.007202,0.000367,-0.008179,0.013550,0.007202,-0.013794,-0.008179,0.003784,261.417000,-24.779900,-38.174400,-0.018921,-0.025146,0.999390,-0.864380,-0.501953,-0.028931,0.502319,-0.864502,-0.012207,296.000000,640.884000,-46.326000,304.134000,3.117000,0.039000,3.141000,0
-0.669000,-1.797957,-0.669700,0.003784,0.007202,0.000367,-0.008179,0.013550,0.007202,-0.013794,-0.008179,0.003784,261.417000,-24.779900,-38.174400,-0.018921,-0.025146,0.999390,-0.864380,-0.501953,-0.028931,0.502319,-0.864502,-0.012207,296.000000,640.884000,-46.326000,304.134000,3.117000,0.039000,3.141000,0
-0.669000,-1.799286,-0.669700,0.003784,0.007202,0.000367,-0.008179,0.013550,0.007202,-0.013794,-0.008179,0.003784,261.417000,-24.779900,-38.174400,-0.018921,-0.025146,0.999390,-0.864380,-0.501953,-0.028931,0.502319,-0.864502,-0.012207,296.000000,640.884000,-46.326000,304.134000,3.117000,0.039000,3.141000,0
-0.669000,-1.800614,-0.669700,0.003906,0.007202,0.000367,-0.008179,0.013550,0.007202,-0.013672,-0.008179,0.003784,261.417000,-24.779900,-38.174400,-0.018799,-0.025146,0.999390,-0.864380,-0.501953,-0.028931,0.502441,-0.864502,-0.012207,296.000000,640.884000,-46.326000,304.134000,3.117000,0.039000,3.141000,0
-0.669000,-1.801943,-0.781300,0.003906,0.007202,0.000367,-0.008179,0.013550,0.007202,-0.013672,-0.008179,0.003784,261.417000,-24.779900,-38.286000,-0.018799,-0.025146,0.999390,-0.864380,-0.501953,-0.028931,0.502441,-0.864502,-0.012207,296.000000,640.884000,-46.326000,304.134000,3.117000,0.039000,3.141000,0
-0.669000,-1.803271,-0.781300,0.003906,0.007202,0.000367,-0.008179,0.013550,0.007202,-0.013672,-0.008179,0.003784,261.417000,-24.779900,-38.286000,-0.018799,-0.025146,0.999390,-0.864380,-0.501953,-0.028931,0.502441,-0.864502,-0.012207,296.000000,640.884000,-46.326000,304.134000,3.117000,0.039000,3.141000,0
-0.669000,-1.804600,-0.781300,0.003906,0.007202,0.000367,-0.008179,0.013550,0.007202,-0.013672,-0.008179,0.003784,261.417000,-24.779900,-38.286000,-0.018799,-0.025146,0.999390,-0.864380,-0.501953,-0.028931,0.502441,-0.864502,-0.012207,296.000000,640.884000,-46.326000,304.134000,3.117000,0.039000,3.141000,0
-0.669000,-1.805929,-0.781300,0.003906,0.007324,0.000367,-0.008179,0.013550,0.007202,-0.013672,-0.008179,0.003784,261.417000,-24.779900,-38.286000,-0.018799,-0.025024,0.999390,-0.864380,-0.501953,-0.028931,0.502441,-0.864502,-0.012207,296.000000,640.884000,-46.326000,304.134000,3.117000,0.039000,3.141000,0
-0.669000,-1.807257,-0.781300,0.003906,0.007324,0.000367,-0.008179,0.013550,0.007202,-0.013794,-0.008179,0.003784,261.417000,-24.779900,-38.286000,-0.018799,-0.025024,0.999390,-0.864380,-0.501953,-0.028931,0.502319,-0.864502,-0.012207,300.000000,640.884000,-46.326000,304.134000,3.117000,0.039000,3.141000,0
-0.669000,-1.808586,-0.781300,0.003906,0.007324,0.000367,-0.008179,0.013550,0.007202,-0.013794,-0.008179,0.003784,261.417000,-24.779900,-38.286000,-0.018799,-0.025024,0.999390,-0.864380,-0.501953,-0.028931,0.502319,-0.864502,-0.012207,300.000000,640.884000,-46.326000,304.134000,3.117000,0.039000,3.141000,0
-0.669000,-1.809914,-0.781300,0.003906,0.007324,0.000367,-0.008179,0.013550,0.007202,-0.013794,-0.008179,0.003784,261.417000,-24.779900,-38.286000,-0.018799,-0.025024,0.999390,-0.864380,-0.501953,-0.028931,0.502319,-0.864502,-0.012207,300.000000,640.884000,-46.326000,304.134000,3.117000,0.039000,3.141000,0
-0.669000,-1.811243,-0.669700,0.003906,0.007324,0.000367,-0.008179,0.013550,0.007202,-0.013794,-0.008179,0.003784,261.417000,-24.779900,-38.174400,-0.018799,-0.025024,0.999390,-0.864380,-0.501953,-0.028931,0.502319,-0.864502,-0.012207,300.000000,640.884000,-46.326000,304.134000,3.117000,0.039000,3.141000,0
-0.669000,-1.812571,-0.669700,0.003784,0.007324,0.000367,-0.008179,0.013550,0.007202,-0.013794,-0.008179,0.003784,261.417000,-24.779900,-38.174400,-0.018921,-0.025024,0.999390,-0.864380,-0.501953,-0.028931,0.502319,-0.864502,-0.012207,300.000000,640.884000,-46.326000,304.134000,3.117000,0.039000,3.141000,0
-0.669000,-1.813900,-0.669700,0.003784,0.007324,0.000367,-0.008179,0.013550,0.007202,-0.013672,-0.008179,0.003784,261.417000,-24.779900,-38.174400,-0.018921,-0.025024,0.999390,-0.864380,-0.501953,-0.028931,0.502441,-0.864502,-0.012207,300.000000,640.884000,-46.326000,304.134000,3.117000,0.039000,3.141000,0
-0.669000,-1.815229,-0.669700,0.003784,0.007324,0.000367,-0.008179,0.013550,0.007202,-0.013672,-0.008179,0.003784,261.417000,-24.779900,-38.174400,-0.018921,-0.025024,0.999390,-0.864380,-0.501953,-0.028931,0.502441,-0.864502,-0.012207,300.000000,640.884000,-46.326000,304.134000,3.117000,0.039000,3.141000,0
-0.669000,-1.816557,-0.669700,0.003784,0.007324,0.000367,-0.008179,0.013550,0.007202,-0.013672,-0.008179,0.003784,261.417000,-24.779900,-38.174400,-0.018921,-0.025024,0.999390,-0.864380,-0.501953,-0.028931,0.502441,-0.864502,-0.012207,300.000000,640.884000,-46.327000,304.134000,3.117000,0.039000,3.141000,0
-0.669000,-1.817886,-0.669700,0.003784,0.007324,0.000367,-0.008179,0.013550,0.007202,-0.013672,-0.008179,0.003784,261.417000,-24.779900,-38.174400,-0.018921,-0.025024,0.999390,-0.864380,-0.501953,-0.028931,0.502441,-0.864502,-0.012207,300.000000,640.884000,-46.326000,304.134000,3.117000,0.039000,3.141000,0
-0.669000,-1.819214,-0.669700,0.003784,0.007324,0.000367,-0.008179,0.013550,0.007202,-0.013672,-0.008179,0.003784,261.417000,-24.779900,-38.174400,-0.018921,-0.025024,0.999390,-0.864380,-0.501953,-0.028931,0.502441,-0.864502,-0.012207,300.000000,640.884000,-46.326000,304.134000,3.117000,0.039000,3.141000,0
-0.669000,-1.820543,-0.669700,0.003906,0.007324,0.000367,-0.008179,0.013550,0.007202,-0.013672,-0.008179,0.003784,261.417000,-24.779900,-38.174400,-0.018799,-0.025024,0.999390,-0.864380,-0.501953,-0.028931,0.502441,-0.864502,-0.012207,300.000000,640.884000,-46.326000,304.134000,3.117000,0.039000,3.141000,0
-0.669000,-1.821871,-0.669700,0.003906,0.007324,0.000367,-0.008179,0.013550,0.007324,-0.013672,-0.008179,0.003784,261.417000,-24.779900,-38.174400,-0.018799,-0.025024,0.999390,-0.864380,-0.501953,-0.028809,0.502441,-0.864502,-0.012207,300.000000,640.884000,-46.326000,304.134000,3.117000,0.039000,3.141000,0
-0.669000,-1.823200,-0.781300,0.003906,0.007324,0.000367,-0.008179,0.013550,0.007324,-0.013672,-0.008179,0.003784,261.417000,-24.779900,-38.286000,-0.018799,-0.025024,0.999390,-0.864380,-0.501953,-0.028809,0.502441,-0.864502,-0.012207,300.000000,640.884000,-46.326000,304.134000,3.117000,0.039000,3.141000,0
-0.669000,-1.824529,-0.781300,0.003906,0.007324,0.000367,-0.008179,0.013550,0.007324,-0.013672,-0.008179,0.003784,261.417000,-24.779900,-38.286000,-0.018799,-0.025024,0.999390,-0.864380,-0.501953,-0.028809,0.502441,-0.864502,-0.012207,300.000000,640.884000,-46.326000,304.134000,3.117000,0.039000,3.141000,0
-0.669000,-1.825857,-0.781300,0.003906,0.007324,0.000367,-0.008179,0.013550,0.007324,-0.013672,-0.008179,0.003784,261.417000,-24.779900,-38.286000,-0.018799,-0.025024,0.999390,-0.864380,-0.501953,-0.028809,0.502441,-0.864502,-0.012207,300.000000,640.884000,-46.326000,304.134000,3.117000,0.039000,3.141000,0
-0.669000,-1.827186,-0.781300,0.003906,0.007324,0.000367,-0.008179,0.013550,0.007324,-0.013672,-0.008179,0.003784,261.417000,-24.779900,-38.286000,-0.018799,-0.025024,0.999390,-0.864380,-0.501953,-0.028809,0.502441,-0.864502,-0.012207,300.000000,640.884000,-46.326000,304.134000,3.117000,0.039000,3.141000,0
-0.669000,-1.828514,-0.781300,0.003906,0.007324,0.000367,-0.008179,0.013550,0.007324,-0.013672,-0.008179,0.003784,261.417000,-24.779900,-38.286000,-0.018799,-0.025024,0.999390,-0.864380,-0.501953,-0.028809,0.502441,-0.864502,-0.012207,300.000000,640.884000,-46.326000,304.134000,3.117000,0.039000,3.141000,0
-0.669000,-1.829843,-0.781300,0.003906,0.007324,0.000367,-0.008179,0.013428,0.007324,-0.013672,-0.008179,0.003784,261.417000,-24.779900,-38.286000,-0.018799,-0.025024,0.999390,-0.864380,-0.502075,-0.028809,0.502441,-0.864502,-0.012207,300.000000,640.884000,-46.326000,304.134000,3.117000,0.039000,3.141000,0
-0.669000,-1.831171,-0.781300,0.003906,0.007324,0.000367,-0.008179,0.013428,0.007324,-0.013672,-0.008179,0.003784,261.417000,-24.779900,-38.286000,-0.018799,-0.025024,0.999390,-0.864380,-0.502075,-0.028809,0.502441,-0.864502,-0.012207,300.000000,640.884000,-46.326000,304.134000,3.117000,0.039000,3.141000,0
-0.669000,-1.832500,-0.781300,0.003906,0.007324,0.000367,-0.008179,0.013428,0.007324,-0.013672,-0.008179,0.003784,261.417000,-24.779900,-38.286000,-0.018799,-0.025024,0.999390,-0.864380,-0.502075,-0.028809,0.502441,-0.864502,-0.012207,300.000000,640.884000,-46.326000,304.134000,3.117000,0.039000,3.141000,0
-0.669000,-1.833829,-0.781300,0.004028,0.007324,0.000367,-0.008179,0.013428,0.007324,-0.013672,-0.008179,0.003662,261.417000,-24.779900,-38.286000,-0.018677,-0.025024,0.999390,-0.864380,-0.502075,-0.028809,0.502441,-0.864502,-0.012329,300.000000,640.884000,-46.326000,304.134000,3.117000,0.039000,3.141000,0
-0.669000,-1.835157,-0.781300,0.004028,0.007324,0.000367,-0.008179,0.013550,0.007324,-0.013672,-0.008179,0.003662,261.417000,-24.779900,-38.286000,-0.018677,-0.025024,0.999390,-0.864380,-0.501953,-0.028809,0.502441,-0.864502,-0.012329,300.000000,640.884000,-46.326000,304.134000,3.117000,0.039000,3.141000,0
-0.669000,-1.836486,-0.781300,0.004028,0.007324,0.000367,-0.008179,0.013550,0.007446,-0.013672,-0.008179,0.003662,261.417000,-24.779900,-38.286000,-0.018677,-0.025024,0.999390,-0.864380,-0.501953,-0.028687,0.502441,-0.864502,-0.012329,300.000000,640.884000,-46.326000,304.134000,3.117000,0.039000,3.141000,0
-0.669000,-1.837814,-0.781300,0.004028,0.007324,0.000367,-0.008179,0.013550,0.007446,-0.013672,-0.008179,0.003662,261.417000,-24.779900,-38.286000,-0.018677,-0.025024,0.999390,-0.864380,-0.501953,-0.028687,0.502441,-0.864502,-0.012329,300.000000,640.884000,-46.326000,304.134000,3.117000,0.039000,3.141000,0
-0.669000,-1.839143,-0.781300,0.004028,0.007324,0.000367,-0.008179,0.013550,0.007446,-0.013672,-0.008179,0.003662,261.417000,-24.779900,-38.286000,-0.018677,-0.025024,0.999390,-0.864380,-0.501953,-0.028687,0.502441,-0.864502,-0.012329,304.000000,640.884000,-46.326000,304.134000,3.117000,0.039000,3.141000,0
-0.669000,-1.840471,-0.781300,0.004028,0.007324,0.000367,-0.008301,0.013550,0.007446,-0.013794,-0.008179,0.003662,261.417000,-24.779900,-38.286000,-0.018677,-0.025024,0.999390,-0.864502,-0.501953,-0.028687,0.502319,-0.864502,-0.012329,304.000000,640.884000,-46.326000,304.134000,3.117000,0.039000,3.141000,0
-0.669000,-1.841800,-0.781300,0.004028,0.007324,0.000367,-0.008301,0.013550,0.007446,-0.013794,-0.008301,0.003784,261.417000,-24.779900,-38.286000,-0.018677,-0.025024,0.999390,-0.864502,-0.501953,-0.028687,0.502319,-0.864624,-0.012207,304.000000,640.885000,-46.327000,304.140000,3.117000,0.039000,3.141000,0
-0.669000,-1.843129,-0.781300,0.004028,0.007324,0.000367,-0.008301,0.013550,0.007446,-0.013794,-0.008301,0.003784,261.417000,-24.779900,-38.286000,-0.018677,-0.025024,0.999390,-0.864502,-0.501953,-0.028687,0.502319,-0.864624,-0.012207,304.000000,640.887000,-46.329000,304.145000,3.117000,0.039000,3.141000,0
-0.669000,-1.844457,-0.781300,0.004028,0.007324,0.000367,-0.008301,0.013550,0.007446,-0.013794,-0.008301,0.003784,261.417000,-24.779900,-38.286000,-0.018677,-0.025024,0.999390,-0.864502,-0.501953,-0.028687,0.502319,-0.864624,-0.012207,304.000000,640.889000,-46.331000,304.147000,3.117000,0.039000,3.141000,0
-0.669000,-1.845786,-0.781300,0.004028,0.007324,0.000367,-0.008301,0.013550,0.007446,-0.013794,-0.008301,0.003784,261.417000,-24.779900,-38.286000,-0.018677,-0.025024,0.999390,-0.864502,-0.501953,-0.028687,0.502319,-0.864624,-0.012207,304.000000,640.890000,-46.332000,304.149000,3.117000,0.039000,3.141000,0
-0.669000,-1.847114,-0.781300,0.003906,0.007324,0.000367,-0.008301,0.013550,0.007324,-0.013794,-0.008301,0.003784,261.417000,-24.779900,-38.286000,-0.018799,-0.025024,0.999390,-0.864502,-0.501953,-0.028809,0.502319,-0.864624,-0.012207,304.000000,640.891000,-46.332000,304.150000,3.117000,0.039000,3.141000,0
-0.669000,-1.848443,-0.781300,0.003906,0.007324,0.000367,-0.008301,0.013550,0.007324,-0.013794,-0.008179,0.003784,261.417000,-24.779900,-38.286000,-0.018799,-0.025024,0.999390,-0.864502,-0.501953,-0.028809,0.502319,-0.864502,-0.012207,304.000000,640.891000,-46.333000,304.150000,3.117000,0.039000,3.141000,0
-0.669000,-1.849771,-0.781300,0.003906,0.007324,0.000367,-0.008179,0.013550,0.007324,-0.013794,-0.008179,0.003784,261.417000,-24.779900,-38.286000,-0.018799,-0.025024,0.999390,-0.864380,-0.501953,-0.028809,0.502319,-0.864502,-0.012207,308.000000,640.891000,-46.333000,304.150000,3.117000,0.039000,3.141000,0
-0.669000,-1.851100,-0.781300,0.003906,0.007324,0.000367,-0.008179,0.013550,0.007324,-0.013672,-0.008179,0.003784,261.417000,-24.779900,-38.286000,-0.018799,-0.025024,0.999390,-0.864380,-0.501953,-0.028809,0.502441,-0.864502,-0.012207,308.000000,640.891000,-46.333000,304.150000,3.117000,0.039000,3.141000,0
-0.669000,-1.852429,-0.781300,0.003906,0.007324,0.000367,-0.008179,0.013550,0.007324,-0.013672,-0.008179,0.003784,261.417000,-24.779900,-38.286000,-0.018799,-0.025024,0.999390,-0.864380,-0.501953,-0.028809,0.502441,-0.864502,-0.012207,308.000000,640.891000,-46.333000,304.150000,3.117000,0.039000,3.141000,0
-0.669000,-1.853757,-0.781300,0.003906,0.007324,0.000367,-0.008179,0.013550,0.007324,-0.013672,-0.008179,0.003784,261.417000,-24.779900,-38.286000,-0.018799,-0.025024,0.999390,-0.864380,-0.501953,-0.028809,0.502441,-0.864502,-0.012207,308.000000,640.891000,-46.333000,304.150000,3.117000,0.039000,3.141000,0
-0.669000,-1.855086,-0.781300,0.003906,0.007324,0.000367,-0.008179,0.013550,0.007324,-0.013672,-0.008179,0.003784,261.417000,-24.779900,-38.286000,-0.018799,-0.025024,0.999390,-0.864380,-0.501953,-0.028809,0.502441,-0.864502,-0.012207,308.000000,640.891000,-46.333000,304.150000,3.117000,0.039000,3.141000,0
-0.669000,-1.856414,-0.781300,0.003906,0.007324,0.000367,-0.008179,0.013550,0.007324,-0.013672,-0.008179,0.003784,261.417000,-24.779900,-38.286000,-0.018799,-0.025024,0.999390,-0.864380,-0.501953,-0.028809,0.502441,-0.864502,-0.012207,308.000000,640.889000,-46.333000,304.154000,3.117000,0.039000,3.141000,0
-0.669000,-1.857743,-0.781300,0.003906,0.007324,0.000367,-0.008179,0.013550,0.007324,-0.013672,-0.008179,0.003784,261.417000,-24.779900,-38.286000,-0.018799,-0.025024,0.999390,-0.864380,-0.501953,-0.028809,0.502441,-0.864502,-0.012207,308.000000,640.878000,-46.332000,304.157000,3.117000,0.039000,3.141000,0
-0.669000,-1.859071,-0.781300,0.003906,0.007324,0.000367,-0.008179,0.013550,0.007324,-0.013672,-0.008179,0.003784,261.417000,-24.779900,-38.286000,-0.018799,-0.025024,0.999390,-0.864380,-0.501953,-0.028809,0.502441,-0.864502,-0.012207,308.000000,640.837000,-46.329000,304.156000,3.117000,0.039000,3.141000,0
-0.669000,-1.860400,-0.781300,0.003906,0.007324,0.000367,-0.008179,0.013550,0.007324,-0.013672,-0.008179,0.003784,261.417000,-24.779900,-38.286000,-0.018799,-0.025024,0.999390,-0.864380,-0.501953,-0.028809,0.502441,-0.864502,-0.012207,308.000000,640.735000,-46.324000,304.154000,3.117000,0.038000,3.141000,0
-0.669000,-1.861729,-0.781300,0.003906,0.007324,0.000367,-0.008179,0.013550,0.007324,-0.013672,-0.008179,0.003784,261.417000,-24.779900,-38.286000,-0.018799,-0.025024,0.999390,-0.864380,-0.501953,-0.028809,0.502441,-0.864502,-0.012207,308.000000,640.591000,-46.318000,304.128000,3.117000,0.038000,3.141000,0
-0.669000,-1.863057,-0.781300,0.003906,0.007324,0.000367,-0.008179,0.013550,0.007324,-0.013672,-0.008179,0.003784,261.417000,-24.779900,-38.286000,-0.018799,-0.025024,0.999390,-0.864380,-0.501953,-0.028809,0.502441,-0.864502,-0.012207,308.000000,640.391000,-46.311000,304.087000,3.117000,0.038000,3.141000,0
-0.669000,-1.864386,-0.781300,0.003906,0.007324,0.000367,-0.008179,0.013550,0.007324,-0.013672,-0.008179,0.003784,261.417000,-24.779900,-38.286000,-0.018799,-0.025024,0.999390,-0.864380,-0.501953,-0.028809,0.502441,-0.864502,-0.012207,308.000000,640.175000,-46.304000,304.049000,3.117000,0.038000,3.141000,0
-0.669000,-1.865714,-0.781300,0.003906,0.007324,0.000367,-0.008179,0.013550,0.007324,-0.013672,-0.008179,0.003784,261.417000,-24.779900,-38.286000,-0.018799,-0.025024,0.999390,-0.864380,-0.501953,-0.028809,0.502441,-0.864502,-0.012207,308.000000,639.921000,-46.298000,304.027000,3.117000,0.038000,3.141000,0
-0.669000,-1.867043,-0.781300,0.003906,0.007324,0.000367,-0.008179,0.013550,0.007324,-0.013672,-0.008179,0.003784,261.417000,-24.779900,-38.286000,-0.018799,-0.025024,0.999390,-0.864380,-0.501953,-0.028809,0.502441,-0.864502,-0.012207,308.000000,639.637000,-46.292000,303.999000,3.117000,0.038000,3.141000,0
-0.669000,-1.868371,-0.781300,0.003906,0.007324,0.000367,-0.008179,0.013550,0.007324,-0.013672,-0.008179,0.003784,261.417000,-24.779900,-38.286000,-0.018799,-0.025024,0.999390,-0.864380,-0.501953,-0.028809,0.502441,-0.864502,-0.012207,308.000000,639.353000,-46.288000,303.974000,3.117000,0.038000,3.141000,0
-0.669000,-1.869700,-0.781300,0.003906,0.007324,0.000367,-0.008179,0.013550,0.007324,-0.013794,-0.008179,0.003784,261.417000,-24.779900,-38.286000,-0.018799,-0.025024,0.999390,-0.864380,-0.501953,-0.028809,0.502319,-0.864502,-0.012207,308.000000,639.091000,-46.286000,303.971000,3.117000,0.038000,3.141000,0
-0.669000,-1.871029,-0.781300,0.003906,0.007324,0.000367,-0.008179,0.013550,0.007324,-0.013794,-0.008179,0.003784,261.417000,-24.779900,-38.286000,-0.018799,-0.025024,0.999390,-0.864380,-0.501953,-0.028809,0.502319,-0.864502,-0.012207,308.000000,638.772000,-46.283000,303.979000,3.117000,0.038000,3.141000,0
-0.669000,-1.872357,-0.781300,0.003906,0.007324,0.000367,-0.008301,0.013550,0.007324,-0.013794,-0.008301,0.003784,261.417000,-24.779900,-38.286000,-0.018799,-0.025024,0.999390,-0.864502,-0.501953,-0.028809,0.502319,-0.864624,-0.012207,308.000000,638.493000,-46.285000,303.992000,3.117000,0.038000,3.141000,0
-0.669000,-1.873686,-0.781300,0.003906,0.007324,0.000367,-0.008301,0.013550,0.007324,-0.013794,-0.008301,0.003784,261.417000,-24.779900,-38.286000,-0.018799,-0.025024,0.999390,-0.864502,-0.501953,-0.028809,0.502319,-0.864624,-0.012207,308.000000,638.221000,-46.290000,304.009000,3.117000,0.038000,3.141000,0
-0.669000,-1.875014,-0.781300,0.003906,0.007324,0.000367,-0.008301,0.013672,0.007324,-0.013794,-0.008301,0.003784,261.417000,-24.779900,-38.286000,-0.018799,-0.025024,0.999390,-0.864502,-0.501831,-0.028809,0.502319,-0.864624,-0.012207,308.000000,637.958000,-46.296000,304.047000,3.117000,0.038000,3.141000,0
-0.669000,-1.876343,-0.781300,0.003906,0.007324,0.000367,-0.008301,0.013672,0.007324,-0.013794,-0.008301,0.003784,261.417000,-24.779900,-38.286000,-0.018799,-0.025024,0.999390,-0.864502,-0.501831,-0.028809,0.502319,-0.864624,-0.012207,308.000000,637.685000,-46.298000,304.068000,3.117000,0.039000,3.141000,0
-0.669000,-1.877671,-0.781300,0.003906,0.007324,0.000367,-0.008301,0.013672,0.007324,-0.013916,-0.008301,0.003784,261.417000,-24.779900,-38.286000,-0.018799,-0.025024,0.999390,-0.864502,-0.501831,-0.028809,0.502197,-0.864624,-0.012207,308.000000,637.441000,-46.301000,304.085000,3.117000,0.039000,3.141000,0
-0.669000,-1.879000,-0.781300,0.003906,0.007446,0.000367,-0.008301,0.013672,0.007446,-0.013916,-0.008301,0.003784,261.417000,-24.779900,-38.286000,-0.018799,-0.024902,0.999390,-0.864502,-0.501831,-0.028687,0.502197,-0.864624,-0.012207,312.000000,637.147000,-46.306000,304.111000,3.117000,0.039000,3.141000,0
-0.669000,-1.880329,-0.781300,0.004028,0.007446,0.000367,-0.008301,0.013672,0.007446,-0.013916,-0.008301,0.003784,261.417000,-24.779900,-38.286000,-0.018677,-0.024902,0.999390,-0.864502,-0.501831,-0.028687,0.502197,-0.864624,-0.012207,312.000000,636.872000,-46.313000,304.142000,3.117000,0.039000,3.141000,0
-0.669000,-1.881657,-0.781300,0.004028,0.007446,0.000367,-0.008301,0.013672,0.007446,-0.013916,-0.008301,0.003784,261.417000,-24.779900,-38.286000,-0.018677,-0.024902,0.999390,-0.864502,-0.501831,-0.028687,0.502197,-0.864624,-0.012207,312.000000,636.590000,-46.322000,304.165000,3.117000,0.039000,3.141000,0
-0.669000,-1.882986,-0.781300,0.004028,0.007446,0.000367,-0.008423,0.013794,0.007568,-0.013916,-0.008301,0.003784,261.417000,-24.779900,-38.286000,-0.018677,-0.024902,0.999390,-0.864624,-0.501709,-0.028564,0.502197,-0.864624,-0.012207,312.000000,636.316000,-46.329000,304.195000,3.117000,0.039000,3.141000,0
-0.669000,-1.884314,-0.781300,0.004150,0.007446,0.000367,-0.008423,0.013794,0.007568,-0.014038,-0.008423,0.003784,261.417000,-24.779900,-38.286000,-0.018555,-0.024902,0.999390,-0.864624,-0.501709,-0.028564,0.502075,-0.864746,-0.012207,312.000000,636.051000,-46.335000,304.232000,3.117000,0.039000,3.141000,0
-0.669000,-1.885643,-0.781300,0.004150,0.007446,0.000367,-0.008423,0.013794,0.007568,-0.014038,-0.008423,0.003784,261.417000,-24.779900,-38.286000,-0.018555,-0.024902,0.999390,-0.864624,-0.501709,-0.028564,0.502075,-0.864746,-0.012207,312.000000,635.806000,-46.341000,304.245000,3.117000,0.039000,3.141000,0
-0.669000,-1.886971,-0.781300,0.004150,0.007568,0.000367,-0.008423,0.013916,0.007690,-0.014038,-0.008423,0.003784,261.417000,-24.779900,-38.286000,-0.018555,-0.024780,0.999390,-0.864624,-0.501587,-0.028442,0.502075,-0.864746,-0.012207,316.000000,635.513000,-46.347000,304.257000,3.117000,0.039000,3.141000,0
-0.669000,-1.888300,-0.781300,0.004150,0.007568,0.000367,-0.008423,0.013916,0.007690,-0.014160,-0.008423,0.003784,261.417000,-24.779900,-38.286000,-0.018555,-0.024780,0.999390,-0.864624,-0.501587,-0.028442,0.501953,-0.864746,-0.012207,316.000000,635.240000,-46.350000,304.259000,3.117000,0.039000,3.141000,0
-0.669000,-1.889629,-0.781300,0.004150,0.007568,0.000367,-0.008545,0.013916,0.007690,-0.014160,-0.008423,0.003784,261.417000,-24.779900,-38.286000,-0.018555,-0.024780,0.999390,-0.864746,-0.501587,-0.028442,0.501953,-0.864746,-0.012207,316.000000,634.965000,-46.354000,304.259000,3.117000,0.039000,3.141000,0
-0.669000,-1.890957,-0.781300,0.004150,0.007568,0.000367,-0.008545,0.014038,0.007690,-0.014282,-0.008545,0.003906,261.417000,-24.779900,-38.286000,-0.018555,-0.024780,0.999390,-0.864746,-0.501465,-0.028442,0.501831,-0.864868,-0.012085,316.000000,634.691000,-46.356000,304.245000,3.117000,0.039000,3.141000,0
-0.669000,-1.892286,-0.781300,0.004150,0.007568,0.000367,-0.008545,0.014038,0.007690,-0.014282,-0.008545,0.003906,261.417000,-24.779900,-38.286000,-0.018555,-0.024780,0.999390,-0.864746,-0.501465,-0.028442,0.501831,-0.864868,-0.012085,316.000000,634.412000,-46.354000,304.222000,3.117000,0.039000,3.141000,0
-0.781000,-1.893614,-0.781300,0.004150,0.007690,0.000367,-0.008545,0.014160,0.007690,-0.014404,-0.008545,0.003906,261.305000,-24.779900,-38.286000,-0.018555,-0.024658,0.999390,-0.864746,-0.501343,-0.028442,0.501709,-0.864868,-0.012085,320.000000,634.160000,-46.352000,304.200000,3.117000,0.039000,3.141000,0
-0.781000,-1.894943,-0.781300,0.004150,0.007690,0.000367,-0.008667,0.014282,0.007690,-0.014404,-0.008667,0.003906,261.305000,-24.779900,-38.286000,-0.018555,-0.024658,0.999390,-0.864868,-0.501221,-0.028442,0.501709,-0.864990,-0.012085,320.000000,633.861000,-46.348000,304.177000,3.117000,0.038000,3.141000,0
-0.781000,-1.896271,-0.781300,0.004150,0.007690,0.000367,-0.008667,0.014282,0.007690,-0.014526,-0.008667,0.004028,261.305000,-24.779900,-38.286000,-0.018555,-0.024658,0.999390,-0.864868,-0.501221,-0.028442,0.501587,-0.864990,-0.011963,320.000000,633.587000,-46.343000,304.154000,3.117000,0.038000,3.141000,0
-0.781000,-1.897600,-0.781300,0.004150,0.007690,0.000367,-0.008667,0.014282,0.007813,-0.014526,-0.008667,0.004028,261.305000,-24.891500,-38.286000,-0.018555,-0.024658,0.999390,-0.864868,-0.501221,-0.028320,0.501587,-0.864990,-0.011963,320.000000,633.311000,-46.337000,304.131000,3.117000,0.038000,3.141000,0
-0.781000,-1.903800,-0.781300,0.004150,0.007812,0.000367,-0.008789,0.014404,0.007813,-0.014648,-0.008789,0.004028,261.305000,-24.891500,-38.286000,-0.018555,-0.024536,0.999390,-0.864990,-0.501099,-0.028320,0.501465,-0.865112,-0.011963,324.000000,633.040000,-46.332000,304.123000,3.117000,0.038000,3.141000,0
-0.781000,-1.910000,-0.781300,0.004150,0.007812,0.000367,-0.008789,0.014404,0.007813,-0.014648,-0.008789,0.004028,261.305000,-24.891500,-38.286000,-0.018555,-0.024536,0.999390,-0.864990,-0.501099,-0.028320,0.501465,-0.865112,-0.011963,324.000000,632.763000,-46.327000,304.112000,3.117000,0.038000,3.141000,0
-0.781000,-1.916200,-0.781300,0.004150,0.007812,0.000367,-0.008789,0.014526,0.007813,-0.014770,-0.008789,0.004150,261.305000,-24.891500,-38.286000,-0.018555,-0.024536,0.999390,-0.864990,-0.500977,-0.028320,0.501343,-0.865112,-0.011841,324.000000,632.512000,-46.323000,304.116000,3.117000,0.038000,3.141000,0
-0.781000,-1.922400,-0.781300,0.004150,0.007934,0.000367,-0.008789,0.014526,0.007813,-0.014770,-0.008789,0.004150,261.305000,-24.891500,-38.286000,-0.018555,-0.024414,0.999390,-0.864990,-0.500977,-0.028320,0.501343,-0.865112,-0.011841,328.000000,632.210000,-46.321000,304.135000,3.117000,0.038000,3.141000,0
-0.781000,-1.928600,-0.781300,0.004150,0.007934,0.000367,-0.008911,0.014649,0.007813,-0.014770,-0.008911,0.004150,261.305000,-24.891500,-38.286000,-0.018555,-0.024414,0.999390,-0.865112,-0.500854,-0.028320,0.501343,-0.865234,-0.011841,328.000000,631.933000,-46.320000,304.142000,3.117000,0.038000,3.141000,0
-0.781000,-1.934800,-0.781300,0.004028,0.007934,0.000367,-0.008911,0.014649,0.007813,-0.014892,-0.008911,0.004272,261.305000,-24.891500,-38.286000,-0.018677,-0.024414,0.999390,-0.865112,-0.500854,-0.028320,0.501221,-0.865234,-0.011719,328.000000,631.661000,-46.319000,304.151000,3.117000,0.038000,3.141000,0
-0.781000,-1.941000,-0.781300,0.004028,0.008057,0.000367,-0.008911,0.014649,0.007813,-0.014892,-0.008911,0.004272,261.305000,-24.891500,-38.286000,-0.018677,-0.024292,0.999390,-0.865112,-0.500854,-0.028320,0.501221,-0.865234,-0.011719,332.000000,631.380000,-46.318000,304.173000,3.117000,0.038000,3.141000,0
-0.781000,-1.947200,-0.781300,0.004028,0.008057,0.000367,-0.008911,0.014771,0.007813,-0.015014,-0.008911,0.004272,261.305000,-24.891500,-38.286000,-0.018677,-0.024292,0.999390,-0.865112,-0.500732,-0.028320,0.501099,-0.865234,-0.011719,332.000000,631.101000,-46.322000,304.199000,3.117000,0.038000,3.141000,0
-0.781000,-1.953400,-0.781300,0.004028,0.008179,0.000367,-0.009033,0.014771,0.007813,-0.015014,-0.009033,0.004395,261.305000,-24.891500,-38.286000,-0.018677,-0.024170,0.999390,-0.865234,-0.500732,-0.028320,0.501099,-0.865356,-0.011597,336.000000,630.855000,-46.328000,304.217000,3.117000,0.039000,3.141000,0
-0.781000,-1.959600,-0.781300,0.004028,0.008179,0.000367,-0.009033,0.014893,0.007813,-0.015014,-0.009033,0.004395,261.305000,-24.891500,-38.286000,-0.018677,-0.024170,0.999390,-0.865234,-0.500610,-0.028320,0.501099,-0.865356,-0.011597,336.000000,630.552000,-46.337000,304.244000,3.117000,0.039000,3.141000,0
-0.781000,-1.965800,-0.781300,0.004028,0.008179,0.000367,-0.009033,0.014893,0.007813,-0.015136,-0.009033,0.004517,261.305000,-24.891500,-38.286000,-0.018677,-0.024170,0.999390,-0.865234,-0.500610,-0.028320,0.500977,-0.865356,-0.011475,340.000000,630.268000,-46.344000,304.260000,3.117000,0.039000,3.141000,0
-0.781000,-1.972000,-0.893000,0.003906,0.008301,0.000367,-0.009033,0.014893,0.007813,-0.015136,-0.009033,0.004517,261.305000,-24.891500,-38.397700,-0.018799,-0.024048,0.999390,-0.865234,-0.500610,-0.028320,0.500977,-0.865356,-0.011475,340.000000,629.983000,-46.351000,304.260000,3.117000,0.039000,3.141000,0
-0.893000,-1.978200,-0.893000,0.003906,0.008301,0.000367,-0.009155,0.015015,0.007813,-0.015259,-0.009156,0.004517,261.193000,-24.891500,-38.397700,-0.018799,-0.024048,0.999390,-0.865356,-0.500488,-0.028320,0.500854,-0.865479,-0.011475,344.000000,629.710000,-46.356000,304.261000,3.117000,0.039000,3.141000,0
-0.893000,-1.984400,-0.893000,0.003906,0.008301,0.000367,-0.009155,0.015137,0.007935,-0.015381,-0.009156,0.004639,261.193000,-24.891500,-38.397700,-0.018799,-0.024048,0.999390,-0.865356,-0.500366,-0.028198,0.500732,-0.865479,-0.011352,344.000000,629.433000,-46.358000,304.259000,3.117000,0.039000,3.141000,0
-0.893000,-1.990600,-0.893000,0.003906,0.008423,0.000367,-0.009155,0.015137,0.007935,-0.015381,-0.009156,0.004639,261.193000,-24.891500,-38.397700,-0.018799,-0.023926,0.999390,-0.865356,-0.500366,-0.028198,0.500732,-0.865479,-0.011352,348.000000,629.183000,-46.358000,304.251000,3.117000,0.039000,3.141000,0
-0.893000,-1.996800,-0.893000,0.003906,0.008423,0.000367,-0.009278,0.015259,0.007935,-0.015503,-0.009278,0.004639,261.193000,-24.891500,-38.397700,-0.018799,-0.023926,0.999390,-0.865479,-0.500244,-0.028198,0.500610,-0.865601,-0.011352,348.000000,628.875000,-46.358000,304.228000,3.117000,0.039000,3.141000,0
-0.893000,-2.003000,-0.893000,0.003906,0.008423,0.000367,-0.009278,0.015259,0.007935,-0.015503,-0.009278,0.004761,261.193000,-24.891500,-38.397700,-0.018799,-0.023926,0.999390,-0.865479,-0.500244,-0.028198,0.500610,-0.865601,-0.011230,352.000000,628.600000,-46.355000,304.212000,3.117000,0.039000,3.141000,0
-0.893000,-2.009200,-0.893000,0.003906,0.008545,0.000367,-0.009278,0.015381,0.007935,-0.015625,-0.009278,0.004761,261.193000,-25.003100,-38.397700,-0.018799,-0.023804,0.999390,-0.865479,-0.500122,-0.028198,0.500488,-0.865601,-0.011230,352.000000,628.322000,-46.352000,304.204000,3.117000,0.039000,3.141000,0
-0.893000,-2.015400,-0.893000,0.003906,0.008545,0.000367,-0.009278,0.015381,0.007935,-0.015625,-0.009400,0.004761,261.193000,-25.003100,-38.397700,-0.018799,-0.023804,0.999390,-0.865479,-0.500122,-0.028198,0.500488,-0.865723,-0.011230,356.000000,628.035000,-46.349000,304.192000,3.117000,0.039000,3.141000,0
-0.893000,-2.021600,-0.893000,0.003784,0.008545,0.000367,-0.009400,0.015503,0.007935,-0.015747,-0.009400,0.004883,261.193000,-25.003100,-38.397700,-0.018921,-0.023804,0.999390,-0.865601,-0.500000,-0.028198,0.500366,-0.865723,-0.011108,356.000000,627.781000,-46.347000,304.186000,3.117000,0.039000,3.141000,0
-0.893000,-2.027800,-0.893000,0.003784,0.008667,0.000367,-0.009400,0.015503,0.007935,-0.015747,-0.009400,0.004883,261.193000,-25.003100,-38.397700,-0.018921,-0.023682,0.999390,-0.865601,-0.500000,-0.028198,0.500366,-0.865723,-0.011108,360.000000,627.498000,-46.345000,304.178000,3.117000,0.039000,3.141000,0
-0.893000,-2.034000,-0.893000,0.003784,0.008667,0.000367,-0.009400,0.015625,0.007935,-0.015869,-0.009400,0.005005,261.193000,-25.003100,-38.397700,-0.018921,-0.023682,0.999390,-0.865601,-0.499878,-0.028198,0.500244,-0.865723,-0.010986,360.000000,627.183000,-46.344000,304.173000,3.117000,0.039000,3.141000,0
-0.893000,-2.040200,-0.893000,0.003784,0.008789,0.000367,-0.009522,0.015625,0.007935,-0.015869,-0.009522,0.005005,261.193000,-25.003100,-38.397700,-0.018921,-0.023560,0.999390,-0.865723,-0.499878,-0.028198,0.500244,-0.865845,-0.010986,364.000000,626.893000,-46.346000,304.161000,3.117000,0.039000,3.141000,0
-0.893000,-2.046400,-0.893000,0.003784,0.008789,0.000367,-0.009522,0.015747,0.007935,-0.015991,-0.009522,0.005127,261.193000,-25.003100,-38.397700,-0.018921,-0.023560,0.999390,-0.865723,-0.499756,-0.028198,0.500122,-0.865845,-0.010864,368.000000,626.604000,-46.349000,304.147000,3.117000,0.039000,3.141000,0
-0.893000,-2.052600,-0.893000,0.003662,0.008789,0.000367,-0.009522,0.015747,0.007935,-0.015991,-0.009522,0.005127,261.193000,-25.003100,-38.397700,-0.019043,-0.023560,0.999390,-0.865723,-0.499756,-0.028198,0.500122,-0.865845,-0.010864,368.000000,626.319000,-46.353000,304.140000,3.117000,0.039000,3.141000,0
-0.893000,-2.058800,-0.893000,0.003662,0.008911,0.000367,-0.009644,0.015869,0.007935,-0.016113,-0.009644,0.005249,261.193000,-25.003100,-38.397700,-0.019043,-0.023438,0.999390,-0.865845,-0.499634,-0.028198,0.500000,-0.865967,-0.010742,372.000000,626.027000,-46.354000,304.134000,3.117000,0.039000,3.141000,0
-1.004000,-2.065000,-0.893000,0.003662,0.008911,0.000367,-0.009644,0.015869,0.007935,-0.016113,-0.009644,0.005249,261.082000,-25.003100,-38.397700,-0.019043,-0.023438,0.999390,-0.865845,-0.499634,-0.028198,0.500000,-0.865967,-0.010742,376.000000,625.762000,-46.355000,304.122000,3.117000,0.039000,3.141000,0
-1.004000,-2.071200,-0.893000,0.003662,0.009033,0.000367,-0.009644,0.015991,0.007935,-0.016235,-0.009644,0.005371,261.082000,-25.003100,-38.397700,-0.019043,-0.023315,0.999390,-0.865845,-0.499512,-0.028198,0.499878,-0.865967,-0.010620,380.000000,625.440000,-46.355000,304.104000,3.117000,0.039000,3.141000,0
-1.004000,-2.077400,-0.893000,0.003662,0.009033,0.000367,-0.009644,0.015991,0.007935,-0.016235,-0.009766,0.005371,261.082000,-25.003100,-38.397700,-0.019043,-0.023315,0.999390,-0.865845,-0.499512,-0.028198,0.499878,-0.866089,-0.010620,380.000000,625.149000,-46.354000,304.094000,3.117000,0.038000,3.141000,0
-1.004000,-2.083600,-0.893000,0.003540,0.009155,0.000367,-0.009766,0.016113,0.007935,-0.016357,-0.009766,0.005371,261.082000,-25.003100,-38.397700,-0.019165,-0.023193,0.999390,-0.865967,-0.499390,-0.028198,0.499756,-0.866089,-0.010620,384.000000,624.859000,-46.353000,304.086000,3.117000,0.038000,3.141000,0
-1.004000,-2.089800,-0.893000,0.003540,0.009155,0.000367,-0.009766,0.016113,0.008057,-0.016357,-0.009766,0.005493,261.082000,-25.003100,-38.397700,-0.019165,-0.023193,0.999390,-0.865967,-0.499390,-0.028076,0.499756,-0.866089,-0.010498,388.000000,624.575000,-46.350000,304.086000,3.117000,0.038000,3.141000,0
-1.004000,-2.096000,-0.893000,0.003540,0.009277,0.000367,-0.009766,0.016235,0.008057,-0.016479,-0.009766,0.005493,261.082000,-25.003100,-38.397700,-0.019165,-0.023071,0.999390,-0.865967,-0.499268,-0.028076,0.499634,-0.866089,-0.010498,392.000000,624.318000,-46.350000,304.088000,3.117000,0.038000,3.141000,0
-1.004000,-2.102200,-0.893000,0.003540,0.009277,0.000367,-0.009766,0.016235,0.008057,-0.016479,-0.009888,0.005615,261.082000,-25.003100,-38.397700,-0.019165,-0.023071,0.999390,-0.865967,-0.499268,-0.028076,0.499634,-0.866211,-0.010376,396.000000,624.033000,-46.349000,304.086000,3.117000,0.038000,3.141000,0
-1.004000,-2.108400,-0.893000,0.003540,0.009399,0.000367,-0.009888,0.016357,0.008057,-0.016601,-0.009888,0.005615,261.082000,-25.003100,-38.397700,-0.019165,-0.022949,0.999390,-0.866089,-0.499146,-0.028076,0.499512,-0.866211,-0.010376,396.000000,623.723000,-46.348000,304.092000,3.117000,0.039000,3.141000,0
-1.004000,-2.114600,-0.893000,0.003540,0.009399,0.000367,-0.009888,0.016357,0.008179,-0.016601,-0.009888,0.005615,261.082000,-25.003100,-38.397700,-0.019165,-0.022949,0.999390,-0.866089,-0.499146,-0.027954,0.499512,-0.866211,-0.010376,400.000000,623.445000,-46.346000,304.114000,3.117000,0.039000,3.141000,0
-1.116000,-2.120800,-0.893000,0.003662,0.009521,0.000367,-0.009888,0.016480,0.008179,-0.016723,-0.010010,0.005737,260.970000,-25.114700,-38.397700,-0.019043,-0.022827,0.999390,-0.866089,-0.499023,-0.027954,0.499390,-0.866333,-0.010254,404.000000,623.165000,-46.341000,304.125000,3.117000,0.039000,3.141000,0
-1.116000,-2.126119,-0.893000,0.003540,0.009521,0.000367,-0.010010,0.016480,0.008179,-0.016723,-0.010010,0.005737,260.970000,-25.114700,-38.397700,-0.019165,-0.022827,0.999390,-0.866211,-0.499023,-0.027954,0.499390,-0.866333,-0.010254,408.000000,622.887000,-46.338000,304.133000,3.117000,0.039000,3.141000,0
-1.116000,-2.131438,-0.893000,0.003540,0.009643,0.000367,-0.010010,0.016602,0.008179,-0.016845,-0.010010,0.005859,260.970000,-25.114700,-38.397700,-0.019165,-0.022705,0.999390,-0.866211,-0.498901,-0.027954,0.499268,-0.866333,-0.010132,412.000000,622.609000,-46.336000,304.149000,3.117000,0.039000,3.141000,0
-1.116000,-2.136757,-0.893000,0.003540,0.009643,0.000367,-0.010010,0.016602,0.008179,-0.016845,-0.010010,0.005859,260.970000,-25.114700,-38.397700,-0.019165,-0.022705,0.999390,-0.866211,-0.498901,-0.027954,0.499268,-0.866333,-0.010132,416.000000,622.361000,-46.335000,304.170000,3.117000,0.039000,3.141000,0
-1.116000,-2.142076,-0.893000,0.003540,0.009766,0.000367,-0.010010,0.016602,0.008301,-0.016845,-0.010132,0.005981,260.970000,-25.114700,-38.397700,-0.019165,-0.022583,0.999390,-0.866211,-0.498901,-0.027832,0.499268,-0.866455,-0.010010,420.000000,622.051000,-46.334000,304.178000,3.117000,0.039000,3.141000,0
-1.116000,-2.147395,-1.004600,0.003540,0.009766,0.000367,-0.010132,0.016724,0.008301,-0.016967,-0.010132,0.005981,260.970000,-25.114700,-38.509300,-0.019165,-0.022583,0.999390,-0.866333,-0.498779,-0.027832,0.499146,-0.866455,-0.010010,424.000000,621.769000,-46.334000,304.192000,3.117000,0.039000,3.141000,0
-1.116000,-2.152714,-1.004600,0.003540,0.009888,0.000367,-0.010132,0.016724,0.008301,-0.016967,-0.010132,0.006104,260.970000,-25.114700,-38.509300,-0.019165,-0.022461,0.999390,-0.866333,-0.498779,-0.027832,0.499146,-0.866455,-0.009888,428.000000,621.484000,-46.332000,304.213000,3.117000,0.039000,3.141000,0
-1.116000,-2.158033,-1.004600,0.003418,0.009888,0.000367,-0.010132,0.016846,0.008301,-0.017090,-0.010132,0.006104,260.970000,-25.114700,-38.509300,-0.019287,-0.022461,0.999390,-0.866333,-0.498657,-0.027832,0.499023,-0.866455,-0.009888,432.000000,621.193000,-46.330000,304.220000,3.117000,0.039000,3.141000,0
-1.116000,-2.163352,-1.004600,0.003418,0.010010,0.000367,-0.010132,0.016846,0.008301,-0.017090,-0.010254,0.006226,260.970000,-25.114700,-38.509300,-0.019287,-0.022339,0.999390,-0.866333,-0.498657,-0.027832,0.499023,-0.866577,-0.009766,436.000000,620.912000,-46.331000,304.228000,3.117000,0.039000,3.141000,0
