Dif_X,Dif_Y,Dif_Z,Dif_X1,Dif_X2,Dif_X3,Dif_Y1,Dif_Y2,Dif_Y3,Dif_Z1,Dif_Z2,Dif_Z3,NDI_X,NDI_Y,NDI_Z,NDI_Rot_X1,NDI_Rot_X2,NDI_Rot_X3,NDI_Rot_Y1,NDI_Rot_Y2,NDI_Rot_Y3,NDI_Rot_Z1,NDI_Rot_Z2,NDI_Rot_Z3,NDI_Quality,Kuka_X,Kuka_Y,Kuka_Z,Kuka_A,Kuka_B,Kuka_C,Kuka_TSL
-0.893000,-2.232400,-1.004600,0.003174,0.010254,0.000367,-0.010620,0.017334,0.008057,-0.017823,-0.010620,0.006592,261.417000,-10.715600,-38.286000,-0.020142,-0.021484,0.999390,-0.866455,-0.498657,-0.028198,0.498901,-0.866577,-0.008545,456.000000,642.689000,-46.326000,304.209000,3.117000,0.038000,3.141000,0
-0.893000,-2.232400,-1.004600,0.003174,0.010254,0.000367,-0.010620,0.017334,0.008057,-0.017823,-0.010620,0.006592,261.417000,-10.715600,-38.286000,-0.020142,-0.021484,0.999390,-0.866455,-0.498657,-0.028198,0.498901,-0.866577,-0.008545,456.000000,642.689000,-46.326000,304.209000,3.117000,0.038000,3.141000,0
-0.893000,-2.232400,-1.004600,0.003174,0.010254,0.000367,-0.010498,0.017334,0.008057,-0.017823,-0.010620,0.006592,261.417000,-10.715600,-38.286000,-0.020142,-0.021484,0.999390,-0.866333,-0.498657,-0.028198,0.498901,-0.866577,-0.008545,456.000000,642.689000,-46.326000,304.209000,3.117000,0.038000,3.141000,0
-0.893000,-2.232400,-1.004600,0.003052,0.010254,0.000367,-0.010498,0.017334,0.008057,-0.017823,-0.010620,0.006592,261.417000,-10.715600,-38.286000,-0.020264,-0.021484,0.999390,-0.866333,-0.498657,-0.028198,0.498901,-0.866577,-0.008545,452.000000,642.689000,-46.326000,304.209000,3.117000,0.038000,3.141000,0
-0.893000,-2.232400,-1.004600,0.003052,0.010254,0.000367,-0.010498,0.017334,0.008057,-0.017823,-0.010620,0.006592,261.417000,-10.715600,-38.286000,-0.020264,-0.021484,0.999390,-0.866333,-0.498657,-0.028198,0.498901,-0.866577,-0.008545,452.000000,642.689000,-46.326000,304.209000,3.117000,0.038000,3.141000,0
-0.893000,-2.232400,-0.893000,0.003052,0.010254,0.000367,-0.010498,0.017334,0.008057,-0.017823,-0.010620,0.006592,261.417000,-10.715600,-38.174400,-0.020264,-0.021484,0.999390,-0.866333,-0.498657,-0.028198,0.498901,-0.866577,-0.008545,452.000000,642.689000,-46.326000,304.209000,3.117000,0.038000,3.141000,0
-0.893000,-2.232400,-0.893000,0.003052,0.010254,0.000367,-0.010498,0.017334,0.007935,-0.017823,-0.010620,0.006592,261.417000,-10.715600,-38.174400,-0.020264,-0.021484,0.999390,-0.866333,-0.498657,-0.028320,0.498901,-0.866577,-0.008545,452.000000,642.690000,-46.326000,304.209000,3.117000,0.038000,3.141000,0
-0.893000,-2.232400,-0.893000,0.003052,0.010254,0.000367,-0.010498,0.017334,0.007935,-0.017823,-0.010620,0.006592,261.417000,-10.715600,-38.174400,-0.020264,-0.021484,0.999390,-0.866333,-0.498657,-0.028320,0.498901,-0.866577,-0.008545,452.000000,642.690000,-46.326000,304.209000,3.117000,0.038000,3.141000,0
-0.893000,-2.232400,-0.893000,0.002930,0.010254,0.000367,-0.010498,0.017334,0.007935,-0.017823,-0.010620,0.006714,261.417000,-10.715600,-38.174400,-0.020386,-0.021484,0.999390,-0.866333,-0.498657,-0.028320,0.498901,-0.866577,-0.008423,452.000000,642.690000,-46.326000,304.209000,3.117000,0.038000,3.141000,0
-0.893000,-2.232400,-0.893000,0.002930,0.010254,0.000367,-0.010498,0.017334,0.007935,-0.017823,-0.010620,0.006714,261.417000,-10.715600,-38.174400,-0.020386,-0.021484,0.999390,-0.866333,-0.498657,-0.028320,0.498901,-0.866577,-0.008423,452.000000,642.690000,-46.326000,304.209000,3.117000,0.038000,3.141000,0
-0.893000,-2.232400,-0.893000,0.002930,0.010254,0.000367,-0.010498,0.017334,0.007935,-0.017823,-0.010620,0.006714,261.417000,-10.715600,-38.174400,-0.020386,-0.021484,0.999390,-0.866333,-0.498657,-0.028320,0.498901,-0.866577,-0.008423,452.000000,642.690000,-46.326000,304.209000,3.117000,0.038000,3.141000,0
-0.893000,-2.232400,-0.893000,0.002930,0.010254,0.000367,-0.010498,0.017334,0.007813,-0.017823,-0.010620,0.006714,261.417000,-10.715600,-38.174400,-0.020386,-0.021484,0.999390,-0.866333,-0.498657,-0.028442,0.498901,-0.866577,-0.008423,452.000000,642.690000,-46.326000,304.209000,3.117000,0.038000,3.141000,0
-0.893000,-2.232400,-0.893000,0.002930,0.010254,0.000367,-0.010498,0.017334,0.007813,-0.017823,-0.010620,0.006714,261.417000,-10.715600,-38.174400,-0.020386,-0.021484,0.999390,-0.866333,-0.498657,-0.028442,0.498901,-0.866577,-0.008423,452.000000,642.690000,-46.326000,304.209000,3.117000,0.038000,3.141000,0
-0.893000,-2.232400,-0.893000,0.002930,0.010254,0.000367,-0.010498,0.017334,0.007813,-0.017823,-0.010620,0.006714,261.417000,-10.715600,-38.174400,-0.020386,-0.021484,0.999390,-0.866333,-0.498657,-0.028442,0.498901,-0.866577,-0.008423,452.000000,642.690000,-46.326000,304.209000,3.117000,0.038000,3.141000,0
-0.893000,-2.232400,-0.893000,0.002930,0.010254,0.000367,-0.010498,0.017334,0.007813,-0.017823,-0.010620,0.006714,261.417000,-10.715600,-38.174400,-0.020386,-0.021484,0.999390,-0.866333,-0.498657,-0.028442,0.498901,-0.866577,-0.008423,452.000000,642.689000,-46.326000,304.209000,3.117000,0.038000,3.141000,0
-0.893000,-2.232400,-0.893000,0.002930,0.010254,0.000367,-0.010498,0.017334,0.007813,-0.017701,-0.010620,0.006714,261.417000,-10.715600,-38.174400,-0.020386,-0.021484,0.999390,-0.866333,-0.498657,-0.028442,0.499023,-0.866577,-0.008423,452.000000,642.690000,-46.326000,304.209000,3.117000,0.038000,3.141000,0
-0.893000,-2.232400,-0.893000,0.002930,0.010254,0.000367,-0.010498,0.017334,0.007813,-0.017701,-0.010620,0.006714,261.417000,-10.715600,-38.174400,-0.020386,-0.021484,0.999390,-0.866333,-0.498657,-0.028442,0.499023,-0.866577,-0.008423,452.000000,642.689000,-46.326000,304.209000,3.117000,0.038000,3.141000,0
-0.893000,-2.232400,-0.893000,0.002930,0.010254,0.000367,-0.010498,0.017334,0.007935,-0.017701,-0.010620,0.006592,261.417000,-10.715600,-38.174400,-0.020386,-0.021484,0.999390,-0.866333,-0.498657,-0.028320,0.499023,-0.866577,-0.008545,452.000000,642.690000,-46.326000,304.209000,3.117000,0.038000,3.141000,0
-0.893000,-2.232400,-0.893000,0.002930,0.010254,0.000367,-0.010498,0.017334,0.007935,-0.017701,-0.010620,0.006592,261.417000,-10.715600,-38.174400,-0.020386,-0.021484,0.999390,-0.866333,-0.498657,-0.028320,0.499023,-0.866577,-0.008545,452.000000,642.690000,-46.326000,304.209000,3.117000,0.038000,3.141000,0
-0.893000,-2.232400,-0.893000,0.002930,0.010254,0.000367,-0.010498,0.017334,0.007935,-0.017701,-0.010620,0.006592,261.417000,-10.715600,-38.174400,-0.020386,-0.021484,0.999390,-0.866333,-0.498657,-0.028320,0.499023,-0.866577,-0.008545,452.000000,642.689000,-46.326000,304.209000,3.117000,0.038000,3.141000,0
-0.893000,-2.232400,-0.893000,0.002930,0.010254,0.000367,-0.010498,0.017334,0.007935,-0.017701,-0.010620,0.006592,261.417000,-10.715600,-38.174400,-0.020386,-0.021484,0.999390,-0.866333,-0.498657,-0.028320,0.499023,-0.866577,-0.008545,448.000000,642.690000,-46.326000,304.209000,3.117000,0.038000,3.141000,0
-0.893000,-2.232400,-0.893000,0.002930,0.010254,0.000367,-0.010498,0.017334,0.007935,-0.017701,-0.010620,0.006592,261.417000,-10.715600,-38.174400,-0.020386,-0.021484,0.999390,-0.866333,-0.498657,-0.028320,0.499023,-0.866577,-0.008545,448.000000,642.690000,-46.326000,304.209000,3.117000,0.038000,3.141000,0
-0.893000,-2.232400,-0.893000,0.002930,0.010132,0.000367,-0.010498,0.017334,0.007935,-0.017701,-0.010620,0.006592,261.417000,-10.715600,-38.174400,-0.020386,-0.021606,0.999390,-0.866333,-0.498657,-0.028320,0.499023,-0.866577,-0.008545,448.000000,642.689000,-46.326000,304.209000,3.117000,0.038000,3.141000,0
-0.893000,-2.232400,-0.893000,0.003052,0.010132,0.000367,-0.010498,0.017334,0.007935,-0.017701,-0.010620,0.006592,261.417000,-10.715600,-38.174400,-0.020264,-0.021606,0.999390,-0.866333,-0.498657,-0.028320,0.499023,-0.866577,-0.008545,448.000000,642.690000,-46.326000,304.209000,3.117000,0.038000,3.141000,0
-0.893000,-2.232400,-0.893000,0.003052,0.010132,0.000367,-0.010498,0.017334,0.007935,-0.017701,-0.010620,0.006592,261.417000,-10.715600,-38.174400,-0.020264,-0.021606,0.999390,-0.866333,-0.498657,-0.028320,0.499023,-0.866577,-0.008545,448.000000,642.690000,-46.326000,304.209000,3.117000,0.038000,3.141000,0
-0.893000,-2.232400,-0.893000,0.003052,0.010132,0.000367,-0.010498,0.017334,0.007935,-0.017823,-0.010620,0.006592,261.417000,-10.715600,-38.174400,-0.020264,-0.021606,0.999390,-0.866333,-0.498657,-0.028320,0.498901,-0.866577,-0.008545,448.000000,642.690000,-46.326000,304.209000,3.117000,0.038000,3.141000,0
-0.893000,-2.232400,-0.893000,0.003052,0.010132,0.000367,-0.010498,0.017334,0.007935,-0.017823,-0.010620,0.006470,261.417000,-10.715600,-38.174400,-0.020264,-0.021606,0.999390,-0.866333,-0.498657,-0.028320,0.498901,-0.866577,-0.008667,448.000000,642.690000,-46.326000,304.209000,3.117000,0.038000,3.141000,0
-0.893000,-2.232400,-0.893000,0.003052,0.010132,0.000367,-0.010498,0.017334,0.007935,-0.017823,-0.010620,0.006470,261.417000,-10.715600,-38.174400,-0.020264,-0.021606,0.999390,-0.866333,-0.498657,-0.028320,0.498901,-0.866577,-0.008667,448.000000,642.690000,-46.326000,304.209000,3.117000,0.038000,3.141000,0
-0.893000,-2.232400,-0.893000,0.003052,0.010132,0.000367,-0.010498,0.017334,0.007935,-0.017823,-0.010620,0.006470,261.417000,-10.715600,-38.174400,-0.020264,-0.021606,0.999390,-0.866333,-0.498657,-0.028320,0.498901,-0.866577,-0.008667,448.000000,642.690000,-46.326000,304.209000,3.117000,0.038000,3.141000,0
-0.893000,-2.232400,-0.893000,0.003052,0.010132,0.000367,-0.010498,0.017334,0.007935,-0.017823,-0.010620,0.006470,261.417000,-10.715600,-38.174400,-0.020264,-0.021606,0.999390,-0.866333,-0.498657,-0.028320,0.498901,-0.866577,-0.008667,448.000000,642.689000,-46.326000,304.209000,3.117000,0.038000,3.141000,0
-0.893000,-2.232400,-0.893000,0.003052,0.010132,0.000367,-0.010498,0.017334,0.007935,-0.017823,-0.010620,0.006470,261.417000,-10.715600,-38.174400,-0.020264,-0.021606,0.999390,-0.866333,-0.498657,-0.028320,0.498901,-0.866577,-0.008667,448.000000,642.690000,-46.326000,304.209000,3.117000,0.038000,3.141000,0
-0.893000,-2.232400,-0.893000,0.003052,0.010132,0.000367,-0.010498,0.017334,0.007935,-0.017823,-0.010620,0.006470,261.417000,-10.715600,-38.174400,-0.020264,-0.021606,0.999390,-0.866333,-0.498657,-0.028320,0.498901,-0.866577,-0.008667,448.000000,642.690000,-46.326000,304.209000,3.117000,0.038000,3.141000,0
-0.893000,-2.232400,-0.893000,0.003052,0.010132,0.000367,-0.010498,0.017334,0.007935,-0.017823,-0.010620,0.006592,261.417000,-10.715600,-38.174400,-0.020264,-0.021606,0.999390,-0.866333,-0.498657,-0.028320,0.498901,-0.866577,-0.008545,448.000000,642.690000,-46.326000,304.209000,3.117000,0.038000,3.141000,0
-0.893000,-2.232400,-0.893000,0.003052,0.010132,0.000367,-0.010498,0.017334,0.007935,-0.017701,-0.010620,0.006592,261.417000,-10.715600,-38.174400,-0.020264,-0.021606,0.999390,-0.866333,-0.498657,-0.028320,0.499023,-0.866577,-0.008545,448.000000,642.690000,-46.326000,304.209000,3.117000,0.038000,3.141000,0
-0.893000,-2.232400,-0.893000,0.003052,0.010254,0.000367,-0.010498,0.017334,0.007935,-0.017823,-0.010620,0.006592,261.417000,-10.715600,-38.174400,-0.020264,-0.021484,0.999390,-0.866333,-0.498657,-0.028320,0.498901,-0.866577,-0.008545,448.000000,642.690000,-46.326000,304.209000,3.117000,0.038000,3.141000,0
-0.893000,-2.232400,-0.893000,0.003052,0.010254,0.000367,-0.010498,0.017334,0.007935,-0.017823,-0.010620,0.006592,261.417000,-10.715600,-38.174400,-0.020264,-0.021484,0.999390,-0.866333,-0.498657,-0.028320,0.498901,-0.866577,-0.008545,448.000000,642.690000,-46.326000,304.209000,3.117000,0.038000,3.141000,0
-0.893000,-2.232400,-0.893000,0.003052,0.010254,0.000367,-0.010498,0.017334,0.007935,-0.017823,-0.010620,0.006592,261.417000,-10.715600,-38.174400,-0.020264,-0.021484,0.999390,-0.866333,-0.498657,-0.028320,0.498901,-0.866577,-0.008545,448.000000,642.690000,-46.326000,304.209000,3.117000,0.038000,3.141000,0
-0.893000,-2.232400,-0.893000,0.003052,0.010254,0.000367,-0.010498,0.017334,0.007935,-0.017823,-0.010620,0.006592,261.417000,-10.715600,-38.174400,-0.020264,-0.021484,0.999390,-0.866333,-0.498657,-0.028320,0.498901,-0.866577,-0.008545,448.000000,642.690000,-46.326000,304.209000,3.117000,0.038000,3.141000,0
-0.893000,-2.232400,-0.893000,0.003052,0.010254,0.000367,-0.010498,0.017334,0.007935,-0.017823,-0.010620,0.006592,261.417000,-10.715600,-38.174400,-0.020264,-0.021484,0.999390,-0.866333,-0.498657,-0.028320,0.498901,-0.866577,-0.008545,448.000000,642.690000,-46.326000,304.209000,3.117000,0.038000,3.141000,0
-0.893000,-2.232400,-0.893000,0.003052,0.010254,0.000367,-0.010498,0.017334,0.007935,-0.017701,-0.010620,0.006714,261.417000,-10.715600,-38.174400,-0.020264,-0.021484,0.999390,-0.866333,-0.498657,-0.028320,0.499023,-0.866577,-0.008423,448.000000,642.690000,-46.326000,304.209000,3.117000,0.038000,3.141000,0
-0.893000,-2.232400,-0.893000,0.002930,0.010254,0.000367,-0.010498,0.017334,0.007935,-0.017701,-0.010620,0.006714,261.417000,-10.715600,-38.174400,-0.020386,-0.021484,0.999390,-0.866333,-0.498657,-0.028320,0.499023,-0.866577,-0.008423,448.000000,642.690000,-46.326000,304.209000,3.117000,0.038000,3.141000,0
-0.893000,-2.232400,-0.893000,0.002930,0.010254,0.000367,-0.010498,0.017334,0.007935,-0.017701,-0.010620,0.006714,261.417000,-10.715600,-38.174400,-0.020386,-0.021484,0.999390,-0.866333,-0.498657,-0.028320,0.499023,-0.866577,-0.008423,448.000000,642.689000,-46.326000,304.209000,3.117000,0.038000,3.141000,0
-0.893000,-2.232400,-0.893000,0.002930,0.010254,0.000367,-0.010498,0.017334,0.007935,-0.017701,-0.010620,0.006714,261.417000,-10.715600,-38.174400,-0.020386,-0.021484,0.999390,-0.866333,-0.498657,-0.028320,0.499023,-0.866577,-0.008423,448.000000,642.687000,-46.325000,304.206000,3.117000,0.038000,3.141000,0
-0.893000,-2.232400,-0.893000,0.002930,0.010254,0.000367,-0.010498,0.017334,0.007935,-0.017701,-0.010620,0.006714,261.417000,-10.715600,-38.174400,-0.020386,-0.021484,0.999390,-0.866333,-0.498657,-0.028320,0.499023,-0.866577,-0.008423,448.000000,642.675000,-46.324000,304.192000,3.117000,0.038000,3.141000,0
-0.893000,-2.232400,-0.893000,0.002930,0.010254,0.000367,-0.010498,0.017334,0.007935,-0.017701,-0.010620,0.006714,261.417000,-10.715600,-38.174400,-0.020386,-0.021484,0.999390,-0.866333,-0.498657,-0.028320,0.499023,-0.866577,-0.008423,448.000000,642.642000,-46.320000,304.170000,3.117000,0.038000,3.141000,0
-0.893000,-2.232400,-0.893000,0.002930,0.010254,0.000367,-0.010498,0.017334,0.007935,-0.017701,-0.010620,0.006714,261.417000,-10.715600,-38.174400,-0.020386,-0.021484,0.999390,-0.866333,-0.498657,-0.028320,0.499023,-0.866577,-0.008423,448.000000,642.583000,-46.313000,304.156000,3.117000,0.038000,3.141000,0
-0.893000,-2.232400,-0.893000,0.002930,0.010254,0.000367,-0.010498,0.017334,0.007935,-0.017701,-0.010620,0.006714,261.417000,-10.715600,-38.174400,-0.020386,-0.021484,0.999390,-0.866333,-0.498657,-0.028320,0.499023,-0.866577,-0.008423,448.000000,642.501000,-46.304000,304.130000,3.117000,0.038000,3.141000,0
-0.893000,-2.232400,-0.893000,0.002930,0.010254,0.000367,-0.010498,0.017334,0.007935,-0.017701,-0.010620,0.006714,261.417000,-10.715600,-38.174400,-0.020386,-0.021484,0.999390,-0.866333,-0.498657,-0.028320,0.499023,-0.866577,-0.008423,448.000000,642.397000,-46.297000,304.098000,3.117000,0.038000,3.141000,0
-0.893000,-2.232400,-0.893000,0.002930,0.010254,0.000367,-0.010498,0.017334,0.007935,-0.017701,-0.010620,0.006714,261.417000,-10.715600,-38.174400,-0.020386,-0.021484,0.999390,-0.866333,-0.498657,-0.028320,0.499023,-0.866577,-0.008423,448.000000,642.268000,-46.292000,304.061000,3.117000,0.038000,3.141000,0
-0.893000,-2.232400,-0.893000,0.002930,0.010254,0.000367,-0.010498,0.017334,0.007935,-0.017701,-0.010620,0.006714,261.417000,-10.715600,-38.174400,-0.020386,-0.021484,0.999390,-0.866333,-0.498657,-0.028320,0.499023,-0.866577,-0.008423,448.000000,642.105000,-46.287000,304.033000,3.117000,0.038000,3.141000,0
-0.893000,-2.232400,-0.893000,0.002930,0.010254,0.000367,-0.010498,0.017334,0.007935,-0.017701,-0.010620,0.006714,261.417000,-10.715600,-38.174400,-0.020386,-0.021484,0.999390,-0.866333,-0.498657,-0.028320,0.499023,-0.866577,-0.008423,448.000000,641.916000,-46.284000,304.012000,3.117000,0.038000,3.141000,0
-0.893000,-2.232400,-0.893000,0.002930,0.010254,0.000367,-0.010498,0.017334,0.007935,-0.017701,-0.010620,0.006592,261.417000,-10.715600,-38.174400,-0.020386,-0.021484,0.999390,-0.866333,-0.498657,-0.028320,0.499023,-0.866577,-0.008545,448.000000,641.702000,-46.284000,304.006000,3.117000,0.038000,3.141000,0
-0.893000,-2.232400,-0.893000,0.002930,0.010254,0.000367,-0.010498,0.017334,0.007935,-0.017701,-0.010620,0.006592,261.417000,-10.715600,-38.174400,-0.020386,-0.021484,0.999390,-0.866333,-0.498657,-0.028320,0.499023,-0.866577,-0.008545,448.000000,641.192000,-46.283000,303.986000,3.117000,0.038000,3.141000,0
-0.893000,-2.232400,-0.893000,0.002930,0.010254,0.000367,-0.010498,0.017334,0.007935,-0.017701,-0.010620,0.006592,261.417000,-10.715600,-38.174400,-0.020386,-0.021484,0.999390,-0.866333,-0.498657,-0.028320,0.499023,-0.866577,-0.008545,448.000000,640.903000,-46.280000,303.992000,3.117000,0.038000,3.141000,0
-0.893000,-2.232400,-0.893000,0.003052,0.010254,0.000367,-0.010498,0.017334,0.007935,-0.017701,-0.010620,0.006592,261.417000,-10.715600,-38.174400,-0.020264,-0.021484,0.999390,-0.866333,-0.498657,-0.028320,0.499023,-0.866577,-0.008545,448.000000,640.625000,-46.280000,304.007000,3.117000,0.038000,3.141000,0
-0.893000,-2.232400,-0.893000,0.003052,0.010254,0.000367,-0.010498,0.017334,0.007935,-0.017701,-0.010620,0.006592,261.417000,-10.715600,-38.174400,-0.020264,-0.021484,0.999390,-0.866333,-0.498657,-0.028320,0.499023,-0.866577,-0.008545,452.000000,640.360000,-46.282000,304.020000,3.117000,0.038000,3.141000,0
-0.893000,-2.232400,-0.893000,0.003052,0.010254,0.000367,-0.010498,0.017334,0.007935,-0.017701,-0.010620,0.006592,261.417000,-10.715600,-38.174400,-0.020264,-0.021484,0.999390,-0.866333,-0.498657,-0.028320,0.499023,-0.866577,-0.008545,452.000000,640.088000,-46.285000,304.046000,3.117000,0.038000,3.141000,0
-0.893000,-2.232400,-0.893000,0.003052,0.010254,0.000367,-0.010498,0.017334,0.007935,-0.017701,-0.010620,0.006592,261.417000,-10.715600,-38.174400,-0.020264,-0.021484,0.999390,-0.866333,-0.498657,-0.028320,0.499023,-0.866577,-0.008545,452.000000,639.818000,-46.292000,304.081000,3.117000,0.038000,3.141000,0
-0.893000,-2.232400,-0.893000,0.003052,0.010254,0.000367,-0.010498,0.017334,0.007935,-0.017701,-0.010620,0.006592,261.417000,-10.715600,-38.174400,-0.020264,-0.021484,0.999390,-0.866333,-0.498657,-0.028320,0.499023,-0.866577,-0.008545,452.000000,639.548000,-46.302000,304.094000,3.117000,0.039000,3.141000,0
-0.893000,-2.232400,-1.004600,0.003052,0.010254,0.000367,-0.010498,0.017334,0.008057,-0.017701,-0.010620,0.006714,261.417000,-10.715600,-38.286000,-0.020264,-0.021484,0.999390,-0.866333,-0.498657,-0.028198,0.499023,-0.866577,-0.008423,452.000000,639.278000,-46.311000,304.110000,3.117000,0.039000,3.141000,0
-0.893000,-2.232400,-1.004600,0.003052,0.010376,0.000367,-0.010620,0.017334,0.008057,-0.017823,-0.010620,0.006714,261.417000,-10.715600,-38.286000,-0.020264,-0.021362,0.999390,-0.866455,-0.498657,-0.028198,0.498901,-0.866577,-0.008423,452.000000,638.999000,-46.316000,304.133000,3.117000,0.039000,3.141000,0
-0.893000,-2.232400,-1.004600,0.003052,0.010376,0.000367,-0.010620,0.017456,0.008057,-0.017823,-0.010620,0.006714,261.417000,-10.715600,-38.286000,-0.020264,-0.021362,0.999390,-0.866455,-0.498535,-0.028198,0.498901,-0.866577,-0.008423,452.000000,638.716000,-46.319000,304.150000,3.117000,0.039000,3.141000,0
-0.893000,-2.232400,-1.004600,0.003052,0.010376,0.000367,-0.010620,0.017456,0.008057,-0.017823,-0.010620,0.006714,261.417000,-10.715600,-38.286000,-0.020264,-0.021362,0.999390,-0.866455,-0.498535,-0.028198,0.498901,-0.866577,-0.008423,452.000000,638.444000,-46.321000,304.165000,3.117000,0.039000,3.141000,0
-0.893000,-2.232400,-1.004600,0.003052,0.010376,0.000367,-0.010620,0.017456,0.008057,-0.017945,-0.010742,0.006714,261.417000,-10.715600,-38.286000,-0.020264,-0.021362,0.999390,-0.866455,-0.498535,-0.028198,0.498779,-0.866699,-0.008423,456.000000,638.178000,-46.324000,304.182000,3.117000,0.039000,3.141000,0
-0.893000,-2.232400,-1.004600,0.002930,0.010376,0.000367,-0.010620,0.017456,0.008057,-0.017945,-0.010742,0.006836,261.417000,-10.715600,-38.286000,-0.020386,-0.021362,0.999390,-0.866455,-0.498535,-0.028198,0.498779,-0.866699,-0.008301,456.000000,637.917000,-46.329000,304.213000,3.117000,0.039000,3.141000,0
-0.893000,-2.232400,-1.004600,0.002930,0.010498,0.000367,-0.010620,0.017578,0.008057,-0.017945,-0.010742,0.006836,261.417000,-10.715600,-38.286000,-0.020386,-0.021240,0.999390,-0.866455,-0.498413,-0.028198,0.498779,-0.866699,-0.008301,456.000000,637.649000,-46.332000,304.223000,3.117000,0.039000,3.141000,0
-1.005000,-2.232400,-1.004600,0.002930,0.010498,0.000367,-0.010620,0.017578,0.008057,-0.018067,-0.010742,0.006836,261.305000,-10.715600,-38.286000,-0.020386,-0.021240,0.999390,-0.866455,-0.498413,-0.028198,0.498657,-0.866699,-0.008301,456.000000,637.392000,-46.335000,304.244000,3.117000,0.039000,3.141000,0
-1.005000,-2.232400,-1.004600,0.002930,0.010498,0.000367,-0.010742,0.017578,0.008057,-0.018067,-0.010742,0.006836,261.305000,-10.715600,-38.286000,-0.020386,-0.021240,0.999390,-0.866577,-0.498413,-0.028198,0.498657,-0.866699,-0.008301,456.000000,637.133000,-46.340000,304.263000,3.117000,0.039000,3.141000,0
-1.005000,-2.232400,-1.004600,0.002930,0.010498,0.000367,-0.010742,0.017700,0.007935,-0.018067,-0.010742,0.006958,261.305000,-10.715600,-38.286000,-0.020386,-0.021240,0.999390,-0.866577,-0.498291,-0.028320,0.498657,-0.866699,-0.008179,460.000000,636.867000,-46.345000,304.270000,3.117000,0.039000,3.141000,0
-1.005000,-2.232400,-1.004600,0.002808,0.010620,0.000367,-0.010742,0.017700,0.007935,-0.018067,-0.010864,0.006958,261.305000,-10.715600,-38.286000,-0.020508,-0.021118,0.999390,-0.866577,-0.498291,-0.028320,0.498657,-0.866821,-0.008179,460.000000,636.598000,-46.350000,304.268000,3.117000,0.039000,3.141000,0
-1.005000,-2.344000,-1.004600,0.002808,0.010620,0.000367,-0.010742,0.017700,0.007935,-0.018189,-0.010864,0.007080,261.305000,-10.827200,-38.286000,-0.020508,-0.021118,0.999390,-0.866577,-0.498291,-0.028320,0.498535,-0.866821,-0.008057,464.000000,636.322000,-46.351000,304.261000,3.117000,0.039000,3.141000,0
-1.005000,-2.344000,-1.004600,0.002808,0.010620,0.000367,-0.010742,0.017822,0.007935,-0.018189,-0.010864,0.007080,261.305000,-10.827200,-38.286000,-0.020508,-0.021118,0.999390,-0.866577,-0.498169,-0.028320,0.498535,-0.866821,-0.008057,464.000000,636.048000,-46.351000,304.254000,3.117000,0.039000,3.141000,0
-1.005000,-2.344000,-1.004600,0.002808,0.010620,0.000367,-0.010742,0.017822,0.007935,-0.018189,-0.010864,0.007080,261.305000,-10.827200,-38.286000,-0.020508,-0.021118,0.999390,-0.866577,-0.498169,-0.028320,0.498535,-0.866821,-0.008057,464.000000,635.769000,-46.348000,304.238000,3.117000,0.039000,3.141000,0
-1.005000,-2.344000,-1.004600,0.002686,0.010742,0.000367,-0.010864,0.017822,0.007935,-0.018311,-0.010864,0.007080,261.305000,-10.827200,-38.286000,-0.020630,-0.020996,0.999390,-0.866699,-0.498169,-0.028320,0.498413,-0.866821,-0.008057,468.000000,635.490000,-46.346000,304.222000,3.117000,0.039000,3.141000,0
-1.005000,-2.344000,-1.004600,0.002686,0.010742,0.000367,-0.010864,0.017822,0.007935,-0.018311,-0.010864,0.007202,261.305000,-10.827200,-38.286000,-0.020630,-0.020996,0.999390,-0.866699,-0.498169,-0.028320,0.498413,-0.866821,-0.007935,468.000000,635.207000,-46.342000,304.200000,3.117000,0.039000,3.141000,0
-1.005000,-2.344000,-1.004600,0.002686,0.010742,0.000367,-0.010864,0.017944,0.007935,-0.018311,-0.010986,0.007202,261.305000,-10.827200,-38.286000,-0.020630,-0.020996,0.999390,-0.866699,-0.498047,-0.028320,0.498413,-0.866943,-0.007935,472.000000,634.923000,-46.338000,304.185000,3.117000,0.039000,3.141000,0
-1.005000,-2.344000,-1.004600,0.002686,0.010742,0.000367,-0.010864,0.017944,0.007935,-0.018311,-0.010986,0.007202,261.305000,-10.827200,-38.286000,-0.020630,-0.020996,0.999390,-0.866699,-0.498047,-0.028320,0.498413,-0.866943,-0.007935,472.000000,634.641000,-46.333000,304.171000,3.117000,0.039000,3.141000,0
-1.005000,-2.344000,-1.004600,0.002686,0.010864,0.000367,-0.010864,0.017944,0.007935,-0.018433,-0.010986,0.007324,261.305000,-10.827200,-38.286000,-0.020630,-0.020874,0.999390,-0.866699,-0.498047,-0.028320,0.498291,-0.866943,-0.007813,476.000000,634.358000,-46.327000,304.157000,3.117000,0.039000,3.141000,0
-1.005000,-2.344000,-1.004600,0.002563,0.010864,0.000367,-0.010864,0.018066,0.007935,-0.018433,-0.010986,0.007324,261.305000,-10.827200,-38.286000,-0.020752,-0.020874,0.999390,-0.866699,-0.497925,-0.028320,0.498291,-0.866943,-0.007813,476.000000,634.074000,-46.324000,304.140000,3.117000,0.038000,3.141000,0
-1.005000,-2.344000,-1.004600,0.002563,0.010864,0.000367,-0.010986,0.018066,0.007935,-0.018433,-0.010986,0.007446,261.305000,-10.827200,-38.286000,-0.020752,-0.020874,0.999390,-0.866821,-0.497925,-0.028320,0.498291,-0.866943,-0.007690,480.000000,633.793000,-46.323000,304.121000,3.117000,0.038000,3.141000,0
-1.117000,-2.344000,-1.004600,0.002563,0.010986,0.000367,-0.010986,0.018188,0.007935,-0.018555,-0.011108,0.007446,261.193000,-10.827200,-38.286000,-0.020752,-0.020752,0.999390,-0.866821,-0.497803,-0.028320,0.498169,-0.867065,-0.007690,484.000000,633.516000,-46.321000,304.106000,3.117000,0.038000,3.141000,0
-1.117000,-2.344000,-1.004600,0.002563,0.010986,0.000367,-0.010986,0.018188,0.007935,-0.018555,-0.011108,0.007446,261.193000,-10.827200,-38.286000,-0.020752,-0.020752,0.999390,-0.866821,-0.497803,-0.028320,0.498169,-0.867065,-0.007690,484.000000,633.240000,-46.322000,304.106000,3.117000,0.038000,3.141000,0
-1.117000,-2.344000,-1.004600,0.002563,0.011108,0.000367,-0.010986,0.018188,0.007935,-0.018677,-0.011108,0.007568,261.193000,-10.827200,-38.286000,-0.020752,-0.020630,0.999390,-0.866821,-0.497803,-0.028320,0.498047,-0.867065,-0.007568,488.000000,632.965000,-46.326000,304.115000,3.117000,0.038000,3.141000,0
-1.117000,-2.344000,-1.004600,0.002563,0.011108,0.000367,-0.011108,0.018310,0.008057,-0.018677,-0.011108,0.007568,261.193000,-10.827200,-38.286000,-0.020752,-0.020630,0.999390,-0.866943,-0.497681,-0.028198,0.498047,-0.867065,-0.007568,492.000000,632.687000,-46.332000,304.114000,3.117000,0.038000,3.141000,0
-1.117000,-2.344000,-1.004600,0.002563,0.011108,0.000367,-0.011108,0.018310,0.008057,-0.018677,-0.011108,0.007568,261.193000,-10.827200,-38.286000,-0.020752,-0.020630,0.999390,-0.866943,-0.497681,-0.028198,0.498047,-0.867065,-0.007568,492.000000,632.380000,-46.339000,304.119000,3.117000,0.038000,3.141000,0
-1.117000,-2.344000,-1.004600,0.002563,0.011230,0.000367,-0.011108,0.018310,0.008057,-0.018799,-0.011231,0.007690,261.193000,-10.827200,-38.286000,-0.020752,-0.020508,0.999390,-0.866943,-0.497681,-0.028198,0.497925,-0.867188,-0.007446,496.000000,632.136000,-46.345000,304.135000,3.117000,0.038000,3.141000,0
-1.117000,-2.344000,-1.004600,0.002563,0.011230,0.000367,-0.011108,0.018310,0.008057,-0.018799,-0.011231,0.007690,261.193000,-10.827200,-38.286000,-0.020752,-0.020508,0.999390,-0.866943,-0.497681,-0.028198,0.497925,-0.867188,-0.007446,500.000000,631.860000,-46.351000,304.141000,3.117000,0.038000,3.141000,0
-1.117000,-2.344000,-1.004600,0.002563,0.011353,0.000367,-0.011108,0.018432,0.008057,-0.018799,-0.011231,0.007690,261.193000,-10.827200,-38.286000,-0.020752,-0.020386,0.999390,-0.866943,-0.497559,-0.028198,0.497925,-0.867188,-0.007446,500.000000,631.585000,-46.353000,304.144000,3.117000,0.038000,3.141000,0
-1.117000,-2.344000,-1.004600,0.002563,0.011353,0.000367,-0.011108,0.018432,0.008057,-0.018921,-0.011231,0.007812,261.193000,-10.827200,-38.286000,-0.020752,-0.020386,0.999390,-0.866943,-0.497559,-0.028198,0.497803,-0.867188,-0.007324,504.000000,631.305000,-46.354000,304.155000,3.117000,0.038000,3.141000,0
-1.228000,-2.344000,-1.004600,0.002563,0.011353,0.000367,-0.011230,0.018432,0.008057,-0.018921,-0.011231,0.007812,261.082000,-10.827200,-38.286000,-0.020752,-0.020386,0.999390,-0.867065,-0.497559,-0.028198,0.497803,-0.867188,-0.007324,508.000000,631.025000,-46.355000,304.160000,3.117000,0.038000,3.141000,0
-1.228000,-2.344000,-1.004600,0.002441,0.011475,0.000367,-0.011230,0.018554,0.008179,-0.018921,-0.011353,0.007935,261.082000,-10.827200,-38.286000,-0.020874,-0.020264,0.999390,-0.867065,-0.497437,-0.028076,0.497803,-0.867310,-0.007202,512.000000,630.752000,-46.356000,304.163000,3.117000,0.039000,3.141000,0
-1.228000,-2.344000,-1.004600,0.002441,0.011475,0.000367,-0.011230,0.018554,0.008179,-0.019043,-0.011353,0.007935,261.082000,-10.827200,-38.286000,-0.020874,-0.020264,0.999390,-0.867065,-0.497437,-0.028076,0.497681,-0.867310,-0.007202,516.000000,630.472000,-46.353000,304.170000,3.117000,0.039000,3.141000,0
-1.228000,-2.344000,-1.004600,0.002441,0.011475,0.000367,-0.011230,0.018554,0.008179,-0.019043,-0.011353,0.007935,261.082000,-10.827200,-38.286000,-0.020874,-0.020264,0.999390,-0.867065,-0.497437,-0.028076,0.497681,-0.867310,-0.007202,516.000000,630.183000,-46.349000,304.176000,3.117000,0.038000,3.141000,0
-1.228000,-2.344000,-1.004600,0.002441,0.011597,0.000367,-0.011230,0.018677,0.008179,-0.019043,-0.011353,0.008057,261.082000,-10.827200,-38.286000,-0.020874,-0.020142,0.999390,-0.867065,-0.497314,-0.028076,0.497681,-0.867310,-0.007080,524.000000,629.868000,-46.345000,304.167000,3.117000,0.038000,3.141000,0
-1.228000,-2.344000,-1.116300,0.002441,0.011597,0.000367,-0.011353,0.018677,0.008179,-0.019165,-0.011353,0.008057,261.082000,-10.827200,-38.397700,-0.020874,-0.020142,0.999390,-0.867188,-0.497314,-0.028076,0.497559,-0.867310,-0.007080,524.000000,629.619000,-46.342000,304.164000,3.117000,0.038000,3.141000,0
-1.228000,-2.455700,-1.116300,0.002441,0.011597,0.000367,-0.011353,0.018677,0.008179,-0.019165,-0.011475,0.008057,261.082000,-10.938900,-38.397700,-0.020874,-0.020142,0.999390,-0.867188,-0.497314,-0.028076,0.497559,-0.867432,-0.007080,528.000000,629.335000,-46.337000,304.164000,3.117000,0.038000,3.141000,0
-1.228000,-2.455700,-1.116300,0.002441,0.011719,0.000367,-0.011353,0.018799,0.008179,-0.019165,-0.011475,0.008057,261.082000,-10.938900,-38.397700,-0.020874,-0.020019,0.999390,-0.867188,-0.497192,-0.028076,0.497559,-0.867432,-0.007080,532.000000,629.052000,-46.332000,304.165000,3.117000,0.038000,3.141000,0
-1.228000,-2.455700,-1.116300,0.002441,0.011719,0.000367,-0.011353,0.018799,0.008179,-0.019287,-0.011475,0.008179,261.082000,-10.938900,-38.397700,-0.020874,-0.020019,0.999390,-0.867188,-0.497192,-0.028076,0.497437,-0.867432,-0.006958,536.000000,628.772000,-46.329000,304.164000,3.117000,0.038000,3.141000,0
-1.340000,-2.455700,-1.116300,0.002441,0.011719,0.000367,-0.011475,0.018921,0.008179,-0.019287,-0.011475,0.008179,260.970000,-10.938900,-38.397700,-0.020874,-0.020019,0.999390,-0.867310,-0.497070,-0.028076,0.497437,-0.867432,-0.006958,540.000000,628.494000,-46.328000,304.167000,3.117000,0.039000,3.141000,0
-1.340000,-2.455700,-1.116300,0.002441,0.011719,0.000367,-0.011475,0.018921,0.008179,-0.019410,-0.011597,0.008179,260.970000,-10.938900,-38.397700,-0.020874,-0.020019,0.999390,-0.867310,-0.497070,-0.028076,0.497314,-0.867554,-0.006958,544.000000,628.217000,-46.329000,304.179000,3.117000,0.039000,3.141000,0
-1.340000,-2.455700,-1.116300,0.002441,0.011841,0.000367,-0.011475,0.019043,0.008301,-0.019410,-0.011597,0.008179,260.970000,-10.938900,-38.397700,-0.020874,-0.019897,0.999390,-0.867310,-0.496948,-0.027954,0.497314,-0.867554,-0.006958,548.000000,627.930000,-46.332000,304.180000,3.117000,0.039000,3.141000,0
-1.340000,-2.455700,-1.116300,0.002441,0.011841,0.000367,-0.011475,0.019043,0.008301,-0.019532,-0.011597,0.008301,260.970000,-10.938900,-38.397700,-0.020874,-0.019897,0.999390,-0.867310,-0.496948,-0.027954,0.497192,-0.867554,-0.006836,548.000000,627.650000,-46.335000,304.189000,3.117000,0.039000,3.141000,0
-1.340000,-2.455700,-1.116300,0.002441,0.011963,0.000367,-0.011475,0.019043,0.008301,-0.019532,-0.011597,0.008301,260.970000,-10.938900,-38.397700,-0.020874,-0.019775,0.999390,-0.867310,-0.496948,-0.027954,0.497192,-0.867554,-0.006836,552.000000,627.378000,-46.341000,304.200000,3.117000,0.039000,3.141000,0
-1.340000,-2.455700,-1.116300,0.002441,0.011963,0.000367,-0.011597,0.019165,0.008301,-0.019532,-0.011719,0.008423,260.970000,-10.938900,-38.397700,-0.020874,-0.019775,0.999390,-0.867432,-0.496826,-0.027954,0.497192,-0.867676,-0.006714,560.000000,627.096000,-46.347000,304.199000,3.117000,0.039000,3.141000,0
-1.452000,-2.455700,-1.116300,0.002441,0.012085,0.000367,-0.011597,0.019165,0.008301,-0.019654,-0.011719,0.008423,260.858000,-10.938900,-38.397700,-0.020874,-0.019653,0.999390,-0.867432,-0.496826,-0.027954,0.497070,-0.867676,-0.006714,560.000000,626.817000,-46.353000,304.195000,3.117000,0.039000,3.141000,0
-1.452000,-2.455700,-1.227900,0.002441,0.012085,0.000367,-0.011597,0.019287,0.008301,-0.019654,-0.011719,0.008423,260.858000,-10.938900,-38.509300,-0.020874,-0.019653,0.999390,-0.867432,-0.496704,-0.027954,0.497070,-0.867676,-0.006714,568.000000,626.538000,-46.356000,304.194000,3.117000,0.039000,3.141000,0
-1.452000,-2.455700,-1.227900,0.002441,0.012085,0.000367,-0.011719,0.019287,0.008423,-0.019776,-0.011719,0.008545,260.858000,-10.938900,-38.509300,-0.020874,-0.019653,0.999390,-0.867554,-0.496704,-0.027832,0.496948,-0.867676,-0.006592,572.000000,626.257000,-46.358000,304.197000,3.117000,0.039000,3.141000,0
-1.452000,-2.455700,-1.227900,0.002319,0.012207,0.000367,-0.011719,0.019409,0.008423,-0.019776,-0.011841,0.008545,260.858000,-10.938900,-38.509300,-0.020996,-0.019531,0.999390,-0.867554,-0.496582,-0.027832,0.496948,-0.867798,-0.006592,576.000000,625.974000,-46.360000,304.194000,3.117000,0.039000,3.141000,0
-1.452000,-2.455700,-1.227900,0.002319,0.012207,0.000367,-0.011719,0.019409,0.008423,-0.019898,-0.011841,0.008667,260.858000,-10.938900,-38.509300,-0.020996,-0.019531,0.999390,-0.867554,-0.496582,-0.027832,0.496826,-0.867798,-0.006470,580.000000,625.684000,-46.359000,304.183000,3.117000,0.039000,3.141000,0
-1.563000,-2.455700,-1.227900,0.002319,0.012329,0.000367,-0.011841,0.019531,0.008423,-0.019898,-0.011841,0.008667,260.747000,-10.938900,-38.509300,-0.020996,-0.019409,0.999390,-0.867676,-0.496460,-0.027832,0.496826,-0.867798,-0.006470,584.000000,625.392000,-46.357000,304.170000,3.117000,0.039000,3.141000,0
-1.563000,-2.455700,-1.227900,0.002319,0.012329,0.000367,-0.011841,0.019531,0.008423,-0.020020,-0.011963,0.008667,260.747000,-10.938900,-38.509300,-0.020996,-0.019409,0.999390,-0.867676,-0.496460,-0.027832,0.496704,-0.867920,-0.006470,588.000000,625.107000,-46.354000,304.157000,3.117000,0.039000,3.141000,0
-1.563000,-2.567300,-1.227900,0.002319,0.012329,0.000367,-0.011841,0.019653,0.008423,-0.020142,-0.011963,0.008667,260.747000,-11.050500,-38.509300,-0.020996,-0.019409,0.999390,-0.867676,-0.496338,-0.027832,0.496582,-0.867920,-0.006470,592.000000,624.820000,-46.351000,304.138000,3.117000,0.039000,3.141000,0
-1.563000,-2.567300,-1.227900,0.002319,0.012451,0.000489,-0.011841,0.019653,0.008545,-0.020142,-0.011963,0.008789,260.747000,-11.050500,-38.509300,-0.020996,-0.019287,0.999512,-0.867676,-0.496338,-0.027710,0.496582,-0.867920,-0.006348,596.000000,624.532000,-46.347000,304.122000,3.117000,0.038000,3.141000,0
-1.563000,-2.567300,-1.227900,0.002319,0.012451,0.000489,-0.011963,0.019775,0.008545,-0.020142,-0.011963,0.008789,260.747000,-11.050500,-38.509300,-0.020996,-0.019287,0.999512,-0.867798,-0.496216,-0.027710,0.496582,-0.867920,-0.006348,604.000000,624.248000,-46.341000,304.112000,3.117000,0.038000,3.141000,0
-1.563000,-2.567300,-1.339500,0.002319,0.012451,0.000489,-0.011963,0.019775,0.008545,-0.020264,-0.012085,0.008789,260.747000,-11.050500,-38.620900,-0.020996,-0.019287,0.999512,-0.867798,-0.496216,-0.027710,0.496460,-0.868042,-0.006348,608.000000,623.961000,-46.333000,304.092000,3.117000,0.038000,3.141000,0
-1.675000,-2.567300,-1.339500,0.002319,0.012573,0.000489,-0.011963,0.019775,0.008545,-0.020264,-0.012085,0.008911,260.635000,-11.050500,-38.620900,-0.020996,-0.019165,0.999512,-0.867798,-0.496216,-0.027710,0.496460,-0.868042,-0.006226,612.000000,623.672000,-46.328000,304.087000,3.117000,0.038000,3.141000,0
-1.675000,-2.567300,-1.339500,0.002319,0.012573,0.000489,-0.011963,0.019897,0.008545,-0.020386,-0.012085,0.008911,260.635000,-11.050500,-38.620900,-0.020996,-0.019165,0.999512,-0.867798,-0.496094,-0.027710,0.496338,-0.868042,-0.006226,620.000000,623.272000,-46.322000,304.098000,3.117000,0.038000,3.141000,0
-1.675000,-2.567300,-1.339500,0.002197,0.012573,0.000489,-0.012085,0.019897,0.008423,-0.020386,-0.012207,0.009033,260.635000,-11.050500,-38.620900,-0.021118,-0.019165,0.999512,-0.867920,-0.496094,-0.027832,0.496338,-0.868164,-0.006104,628.000000,622.819000,-46.320000,304.105000,3.117000,0.038000,3.141000,0
-1.675000,-2.567300,-1.339500,0.002197,0.012695,0.000489,-0.012085,0.020019,0.008423,-0.020386,-0.012207,0.009033,260.635000,-11.050500,-38.620900,-0.021118,-0.019043,0.999512,-0.867920,-0.495972,-0.027832,0.496338,-0.868164,-0.006104,632.000000,622.539000,-46.320000,304.127000,3.117000,0.038000,3.141000,0
-1.786000,-2.567300,-1.339500,0.002197,0.012695,0.000489,-0.012085,0.020019,0.008423,-0.020508,-0.012207,0.009033,260.524000,-11.050500,-38.620900,-0.021118,-0.019043,0.999512,-0.867920,-0.495972,-0.027832,0.496216,-0.868164,-0.006104,640.000000,622.255000,-46.323000,304.145000,3.117000,0.039000,3.141000,0
-1.786000,-2.567300,-1.339500,0.002075,0.012695,0.000489,-0.012085,0.020019,0.008423,-0.020508,-0.012207,0.009155,260.524000,-11.050500,-38.620900,-0.021240,-0.019043,0.999512,-0.867920,-0.495972,-0.027832,0.496216,-0.868164,-0.005981,644.000000,621.973000,-46.326000,304.153000,3.117000,0.039000,3.141000,0
-1.786000,-2.567300,-1.339500,0.002075,0.012695,0.000489,-0.012085,0.020019,0.008423,-0.020508,-0.012207,0.009155,260.524000,-11.050500,-38.620900,-0.021240,-0.019043,0.999512,-0.867920,-0.495972,-0.027832,0.496216,-0.868164,-0.005981,648.000000,621.687000,-46.329000,304.169000,3.117000,0.039000,3.141000,0
-1.786000,-2.567300,-1.339500,0.002075,0.012817,0.000489,-0.012085,0.020019,0.008423,-0.020508,-0.012207,0.009155,260.524000,-11.050500,-38.620900,-0.021240,-0.018921,0.999512,-0.867920,-0.495972,-0.027832,0.496216,-0.868164,-0.005981,656.000000,621.397000,-46.330000,304.187000,3.117000,0.039000,3.141000,0
-1.786000,-2.567300,-1.339500,0.002075,0.012817,0.000489,-0.012085,0.020019,0.008423,-0.020508,-0.012207,0.009277,260.524000,-11.050500,-38.620900,-0.021240,-0.018921,0.999512,-0.867920,-0.495972,-0.027832,0.496216,-0.868164,-0.005859,660.000000,621.108000,-46.334000,304.196000,3.117000,0.039000,3.141000,0
-1.786000,-2.567300,-1.339500,0.002075,0.012817,0.000489,-0.012085,0.020141,0.008423,-0.020508,-0.012207,0.009277,260.524000,-11.050500,-38.620900,-0.021240,-0.018921,0.999512,-0.867920,-0.495850,-0.027832,0.496216,-0.868164,-0.005859,668.000000,620.824000,-46.339000,304.207000,3.117000,0.039000,3.141000,0
-1.898000,-2.567300,-1.339500,0.002075,0.012817,0.000489,-0.012085,0.020141,0.008423,-0.020630,-0.012207,0.009277,260.412000,-11.050500,-38.620900,-0.021240,-0.018921,0.999512,-0.867920,-0.495850,-0.027832,0.496094,-0.868164,-0.005859,672.000000,620.534000,-46.343000,304.217000,3.117000,0.039000,3.141000,0
-1.898000,-2.567300,-1.451100,0.002075,0.012939,0.000489,-0.012085,0.020141,0.008423,-0.020630,-0.012207,0.009277,260.412000,-11.050500,-38.732500,-0.021240,-0.018799,0.999512,-0.867920,-0.495850,-0.027832,0.496094,-0.868164,-0.005859,676.000000,620.238000,-46.346000,304.214000,3.117000,0.039000,3.141000,0
-1.898000,-2.567300,-1.451100,0.002075,0.012939,0.000489,-0.012085,0.020141,0.008423,-0.020630,-0.012207,0.009277,260.412000,-11.050500,-38.732500,-0.021240,-0.018799,0.999512,-0.867920,-0.495850,-0.027832,0.496094,-0.868164,-0.005859,684.000000,619.948000,-46.349000,304.202000,3.117000,0.039000,3.141000,0
-1.898000,-2.567300,-1.451100,0.002075,0.012939,0.000489,-0.012085,0.020141,0.008423,-0.020630,-0.012207,0.009277,260.412000,-11.050500,-38.732500,-0.021240,-0.018799,0.999512,-0.867920,-0.495850,-0.027832,0.496094,-0.868164,-0.005859,688.000000,619.662000,-46.351000,304.194000,3.117000,0.039000,3.141000,0
