Dif_X,Dif_Y,Dif_Z,Dif_X1,Dif_X2,Dif_X3,Dif_Y1,Dif_Y2,Dif_Y3,Dif_Z1,Dif_Z2,Dif_Z3,NDI_X,NDI_Y,NDI_Z,NDI_Rot_X1,NDI_Rot_X2,NDI_Rot_X3,NDI_Rot_Y1,NDI_Rot_Y2,NDI_Rot_Y3,NDI_Rot_Z1,NDI_Rot_Z2,NDI_Rot_Z3,NDI_Quality,Kuka_X,Kuka_Y,Kuka_Z,Kuka_A,Kuka_B,Kuka_C,Kuka_TSL
-1.004000,-2.344050,-1.004600,0.002197,0.010620,0.000244,-0.010986,0.018310,0.007568,-0.018554,-0.010987,0.007324,261.417000,-5.804300,-38.174400,-0.021240,-0.019409,0.999390,-0.866943,-0.497559,-0.028076,0.497925,-0.867188,-0.006226,512.000000,643.782000,-46.336000,304.146000,3.117000,0.039000,3.141000,0
-1.004000,-2.344050,-1.004600,0.002197,0.010620,0.000244,-0.010986,0.018188,0.007568,-0.018554,-0.010987,0.007324,261.417000,-5.804300,-38.174400,-0.021240,-0.019409,0.999390,-0.866943,-0.497681,-0.028076,0.497925,-0.867188,-0.006226,512.000000,643.782000,-46.336000,304.146000,3.117000,0.039000,3.141000,0
-1.004000,-2.344050,-1.004600,0.002075,0.010620,0.000244,-0.010986,0.018188,0.007568,-0.018554,-0.010987,0.007324,261.417000,-5.804300,-38.174400,-0.021362,-0.019409,0.999390,-0.866943,-0.497681,-0.028076,0.497925,-0.867188,-0.006226,512.000000,643.782000,-46.336000,304.146000,3.117000,0.039000,3.141000,0
-1.004000,-2.344050,-1.004600,0.002075,0.010620,0.000244,-0.010986,0.018188,0.007568,-0.018554,-0.010987,0.007324,261.417000,-5.804300,-38.174400,-0.021362,-0.019409,0.999390,-0.866943,-0.497681,-0.028076,0.497925,-0.867188,-0.006226,512.000000,643.782000,-46.336000,304.146000,3.117000,0.039000,3.141000,0
-1.004000,-2.344050,-1.004600,0.002075,0.010620,0.000244,-0.010986,0.018310,0.007568,-0.018554,-0.010987,0.007324,261.417000,-5.804300,-38.174400,-0.021362,-0.019409,0.999390,-0.866943,-0.497559,-0.028076,0.497925,-0.867188,-0.006226,512.000000,643.782000,-46.336000,304.146000,3.117000,0.039000,3.141000,0
-1.004000,-2.344050,-1.004600,0.002075,0.010620,0.000244,-0.010986,0.018310,0.007568,-0.018554,-0.010987,0.007324,261.417000,-5.804300,-38.174400,-0.021362,-0.019409,0.999390,-0.866943,-0.497559,-0.028076,0.497925,-0.867188,-0.006226,512.000000,643.782000,-46.336000,304.146000,3.117000,0.039000,3.141000,0
-1.004000,-2.344050,-1.004600,0.002075,0.010620,0.000244,-0.010986,0.018310,0.007568,-0.018676,-0.010987,0.007324,261.417000,-5.804300,-38.174400,-0.021362,-0.019409,0.999390,-0.866943,-0.497559,-0.028076,0.497803,-0.867188,-0.006226,512.000000,643.782000,-46.336000,304.146000,3.117000,0.039000,3.141000,0
-1.004000,-2.344050,-1.004600,0.002075,0.010742,0.000244,-0.010986,0.018310,0.007568,-0.018676,-0.010987,0.007324,261.417000,-5.804300,-38.174400,-0.021362,-0.019287,0.999390,-0.866943,-0.497559,-0.028076,0.497803,-0.867188,-0.006226,512.000000,643.782000,-46.336000,304.146000,3.117000,0.039000,3.141000,0
-1.004000,-2.344050,-1.004600,0.002075,0.010742,0.000244,-0.010986,0.018310,0.007568,-0.018676,-0.010987,0.007446,261.417000,-5.804300,-38.174400,-0.021362,-0.019287,0.999390,-0.866943,-0.497559,-0.028076,0.497803,-0.867188,-0.006104,512.000000,643.782000,-46.336000,304.146000,3.117000,0.039000,3.141000,0
-1.004000,-2.344050,-1.004600,0.002075,0.010742,0.000244,-0.010986,0.018310,0.007568,-0.018676,-0.010987,0.007446,261.417000,-5.804300,-38.174400,-0.021362,-0.019287,0.999390,-0.866943,-0.497559,-0.028076,0.497803,-0.867188,-0.006104,512.000000,643.782000,-46.336000,304.146000,3.117000,0.039000,3.141000,0
-1.004000,-2.344050,-1.004600,0.002075,0.010742,0.000244,-0.010986,0.018310,0.007446,-0.018676,-0.010987,0.007446,261.417000,-5.804300,-38.174400,-0.021362,-0.019287,0.999390,-0.866943,-0.497559,-0.028198,0.497803,-0.867188,-0.006104,512.000000,643.782000,-46.336000,304.146000,3.117000,0.039000,3.141000,0
-1.004000,-2.344050,-1.004600,0.002075,0.010742,0.000244,-0.010986,0.018310,0.007446,-0.018676,-0.010987,0.007446,261.417000,-5.804300,-38.174400,-0.021362,-0.019287,0.999390,-0.866943,-0.497559,-0.028198,0.497803,-0.867188,-0.006104,512.000000,643.782000,-46.336000,304.146000,3.117000,0.039000,3.141000,0
-1.004000,-2.344050,-1.004600,0.002075,0.010742,0.000244,-0.010986,0.018310,0.007446,-0.018554,-0.010987,0.007446,261.417000,-5.804300,-38.174400,-0.021362,-0.019287,0.999390,-0.866943,-0.497559,-0.028198,0.497925,-0.867188,-0.006104,512.000000,643.782000,-46.336000,304.146000,3.117000,0.039000,3.141000,0
-1.004000,-2.344050,-1.004600,0.002075,0.010620,0.000244,-0.010986,0.018188,0.007446,-0.018554,-0.010987,0.007446,261.417000,-5.804300,-38.174400,-0.021362,-0.019409,0.999390,-0.866943,-0.497681,-0.028198,0.497925,-0.867188,-0.006104,512.000000,643.782000,-46.336000,304.146000,3.117000,0.039000,3.141000,0
-1.004000,-2.344050,-1.004600,0.002075,0.010620,0.000244,-0.010986,0.018188,0.007446,-0.018554,-0.010987,0.007446,261.417000,-5.804300,-38.174400,-0.021362,-0.019409,0.999390,-0.866943,-0.497681,-0.028198,0.497925,-0.867188,-0.006104,512.000000,643.782000,-46.336000,304.146000,3.117000,0.039000,3.141000,0
-1.004000,-2.344050,-1.004600,0.002075,0.010620,0.000244,-0.010986,0.018188,0.007446,-0.018554,-0.010987,0.007446,261.417000,-5.804300,-38.174400,-0.021362,-0.019409,0.999390,-0.866943,-0.497681,-0.028198,0.497925,-0.867188,-0.006104,512.000000,643.782000,-46.336000,304.146000,3.117000,0.039000,3.141000,0
-1.004000,-2.344050,-1.004600,0.002075,0.010620,0.000244,-0.010986,0.018188,0.007446,-0.018554,-0.010987,0.007446,261.417000,-5.804300,-38.174400,-0.021362,-0.019409,0.999390,-0.866943,-0.497681,-0.028198,0.497925,-0.867188,-0.006104,512.000000,643.782000,-46.336000,304.146000,3.117000,0.039000,3.141000,0
-1.004000,-2.344050,-1.004600,0.002075,0.010620,0.000244,-0.010986,0.018188,0.007446,-0.018554,-0.010987,0.007446,261.417000,-5.804300,-38.174400,-0.021362,-0.019409,0.999390,-0.866943,-0.497681,-0.028198,0.497925,-0.867188,-0.006104,512.000000,643.782000,-46.336000,304.146000,3.117000,0.039000,3.141000,0
-1.004000,-2.344050,-1.004600,0.002075,0.010620,0.000244,-0.010986,0.018188,0.007446,-0.018554,-0.010987,0.007446,261.417000,-5.804300,-38.174400,-0.021362,-0.019409,0.999390,-0.866943,-0.497681,-0.028198,0.497925,-0.867188,-0.006104,512.000000,643.782000,-46.336000,304.145000,3.117000,0.039000,3.141000,0
-1.004000,-2.344050,-1.004600,0.002075,0.010620,0.000244,-0.010986,0.018188,0.007446,-0.018554,-0.010987,0.007324,261.417000,-5.804300,-38.174400,-0.021362,-0.019409,0.999390,-0.866943,-0.497681,-0.028198,0.497925,-0.867188,-0.006226,512.000000,643.782000,-46.336000,304.146000,3.117000,0.039000,3.141000,0
-1.004000,-2.344050,-1.004600,0.002075,0.010620,0.000244,-0.010986,0.018188,0.007446,-0.018554,-0.010987,0.007324,261.417000,-5.804300,-38.174400,-0.021362,-0.019409,0.999390,-0.866943,-0.497681,-0.028198,0.497925,-0.867188,-0.006226,512.000000,643.782000,-46.336000,304.145000,3.117000,0.039000,3.141000,0
-1.004000,-2.344050,-1.004600,0.002075,0.010620,0.000244,-0.010986,0.018188,0.007446,-0.018554,-0.010987,0.007324,261.417000,-5.804300,-38.174400,-0.021362,-0.019409,0.999390,-0.866943,-0.497681,-0.028198,0.497925,-0.867188,-0.006226,512.000000,643.782000,-46.336000,304.145000,3.117000,0.039000,3.141000,0
-1.004000,-2.344050,-1.004600,0.002075,0.010620,0.000244,-0.010986,0.018188,0.007446,-0.018554,-0.010987,0.007324,261.417000,-5.804300,-38.174400,-0.021362,-0.019409,0.999390,-0.866943,-0.497681,-0.028198,0.497925,-0.867188,-0.006226,512.000000,643.782000,-46.336000,304.145000,3.117000,0.039000,3.141000,0
-1.004000,-2.344050,-1.004600,0.002075,0.010620,0.000244,-0.010986,0.018188,0.007446,-0.018554,-0.010987,0.007324,261.417000,-5.804300,-38.174400,-0.021362,-0.019409,0.999390,-0.866943,-0.497681,-0.028198,0.497925,-0.867188,-0.006226,512.000000,643.782000,-46.336000,304.145000,3.117000,0.039000,3.141000,0
-1.004000,-2.344050,-1.004600,0.002075,0.010620,0.000244,-0.010986,0.018188,0.007446,-0.018554,-0.010987,0.007324,261.417000,-5.804300,-38.174400,-0.021362,-0.019409,0.999390,-0.866943,-0.497681,-0.028198,0.497925,-0.867188,-0.006226,512.000000,643.782000,-46.336000,304.145000,3.117000,0.039000,3.141000,0
-1.004000,-2.344050,-1.004600,0.002075,0.010620,0.000244,-0.010986,0.018188,0.007446,-0.018554,-0.010987,0.007324,261.417000,-5.804300,-38.174400,-0.021362,-0.019409,0.999390,-0.866943,-0.497681,-0.028198,0.497925,-0.867188,-0.006226,508.000000,643.782000,-46.336000,304.145000,3.117000,0.039000,3.141000,0
-1.004000,-2.344050,-1.004600,0.002075,0.010620,0.000244,-0.010986,0.018188,0.007446,-0.018554,-0.010987,0.007324,261.417000,-5.804300,-38.174400,-0.021362,-0.019409,0.999390,-0.866943,-0.497681,-0.028198,0.497925,-0.867188,-0.006226,508.000000,643.782000,-46.336000,304.145000,3.117000,0.039000,3.141000,0
-1.004000,-2.344050,-1.004600,0.002075,0.010620,0.000244,-0.010986,0.018188,0.007446,-0.018554,-0.010987,0.007324,261.417000,-5.804300,-38.174400,-0.021362,-0.019409,0.999390,-0.866943,-0.497681,-0.028198,0.497925,-0.867188,-0.006226,508.000000,643.782000,-46.336000,304.145000,3.117000,0.039000,3.141000,0
-1.004000,-2.344050,-1.004600,0.002075,0.010620,0.000244,-0.010986,0.018188,0.007446,-0.018554,-0.010987,0.007324,261.417000,-5.804300,-38.174400,-0.021362,-0.019409,0.999390,-0.866943,-0.497681,-0.028198,0.497925,-0.867188,-0.006226,508.000000,643.782000,-46.336000,304.145000,3.117000,0.039000,3.141000,0
-1.004000,-2.344050,-1.004600,0.002075,0.010620,0.000244,-0.010986,0.018188,0.007446,-0.018554,-0.010987,0.007324,261.417000,-5.804300,-38.174400,-0.021362,-0.019409,0.999390,-0.866943,-0.497681,-0.028198,0.497925,-0.867188,-0.006226,508.000000,643.782000,-46.336000,304.145000,3.117000,0.039000,3.141000,0
-1.004000,-2.344050,-1.004600,0.002075,0.010620,0.000244,-0.010986,0.018188,0.007446,-0.018554,-0.010987,0.007324,261.417000,-5.804300,-38.174400,-0.021362,-0.019409,0.999390,-0.866943,-0.497681,-0.028198,0.497925,-0.867188,-0.006226,508.000000,643.782000,-46.336000,304.145000,3.117000,0.039000,3.141000,0
-1.004000,-2.344050,-1.004600,0.002075,0.010620,0.000244,-0.010986,0.018310,0.007446,-0.018554,-0.010987,0.007324,261.417000,-5.804300,-38.174400,-0.021362,-0.019409,0.999390,-0.866943,-0.497559,-0.028198,0.497925,-0.867188,-0.006226,508.000000,643.782000,-46.336000,304.145000,3.117000,0.039000,3.141000,0
-1.004000,-2.344050,-1.004600,0.002075,0.010620,0.000244,-0.010986,0.018310,0.007446,-0.018554,-0.010987,0.007324,261.417000,-5.804300,-38.174400,-0.021362,-0.019409,0.999390,-0.866943,-0.497559,-0.028198,0.497925,-0.867188,-0.006226,508.000000,643.782000,-46.336000,304.145000,3.117000,0.039000,3.141000,0
-1.004000,-2.344050,-1.004600,0.002075,0.010620,0.000244,-0.010986,0.018310,0.007446,-0.018676,-0.010987,0.007324,261.417000,-5.804300,-38.174400,-0.021362,-0.019409,0.999390,-0.866943,-0.497559,-0.028198,0.497803,-0.867188,-0.006226,508.000000,643.782000,-46.336000,304.145000,3.117000,0.039000,3.141000,0
-1.004000,-2.344050,-1.004600,0.002075,0.010620,0.000244,-0.010986,0.018310,0.007446,-0.018676,-0.010987,0.007324,261.417000,-5.804300,-38.174400,-0.021362,-0.019409,0.999390,-0.866943,-0.497559,-0.028198,0.497803,-0.867188,-0.006226,508.000000,643.782000,-46.336000,304.145000,3.117000,0.039000,3.141000,0
-1.004000,-2.344050,-1.004600,0.002075,0.010620,0.000244,-0.010986,0.018310,0.007446,-0.018676,-0.010987,0.007324,261.417000,-5.804300,-38.174400,-0.021362,-0.019409,0.999390,-0.866943,-0.497559,-0.028198,0.497803,-0.867188,-0.006226,508.000000,643.782000,-46.336000,304.145000,3.117000,0.039000,3.141000,0
-1.004000,-2.344050,-1.004600,0.002075,0.010620,0.000244,-0.011108,0.018310,0.007446,-0.018676,-0.010987,0.007324,261.417000,-5.804300,-38.174400,-0.021362,-0.019409,0.999390,-0.867065,-0.497559,-0.028198,0.497803,-0.867188,-0.006226,508.000000,643.782000,-46.336000,304.145000,3.117000,0.039000,3.141000,0
-1.004000,-2.344050,-1.004600,0.002075,0.010620,0.000244,-0.011108,0.018310,0.007446,-0.018676,-0.011109,0.007324,261.417000,-5.804300,-38.174400,-0.021362,-0.019409,0.999390,-0.867065,-0.497559,-0.028198,0.497803,-0.867310,-0.006226,508.000000,643.782000,-46.336000,304.145000,3.117000,0.039000,3.141000,0
-1.004000,-2.344050,-1.004600,0.002075,0.010620,0.000244,-0.011108,0.018310,0.007446,-0.018676,-0.011109,0.007324,261.417000,-5.804300,-38.174400,-0.021362,-0.019409,0.999390,-0.867065,-0.497559,-0.028198,0.497803,-0.867310,-0.006226,508.000000,643.782000,-46.336000,304.145000,3.117000,0.039000,3.141000,0
-1.004000,-2.344050,-1.004600,0.002075,0.010620,0.000244,-0.011108,0.018310,0.007446,-0.018676,-0.011109,0.007324,261.417000,-5.804300,-38.174400,-0.021362,-0.019409,0.999390,-0.867065,-0.497559,-0.028198,0.497803,-0.867310,-0.006226,508.000000,643.782000,-46.336000,304.145000,3.117000,0.039000,3.141000,0
-1.004000,-2.344050,-1.004600,0.002075,0.010620,0.000244,-0.011108,0.018432,0.007446,-0.018676,-0.011109,0.007324,261.417000,-5.804300,-38.174400,-0.021362,-0.019409,0.999390,-0.867065,-0.497437,-0.028198,0.497803,-0.867310,-0.006226,508.000000,643.781000,-46.336000,304.145000,3.117000,0.039000,3.141000,0
-1.004000,-2.344050,-1.004600,0.002075,0.010620,0.000244,-0.011108,0.018432,0.007446,-0.018798,-0.011109,0.007324,261.417000,-5.804300,-38.174400,-0.021362,-0.019409,0.999390,-0.867065,-0.497437,-0.028198,0.497681,-0.867310,-0.006226,508.000000,643.779000,-46.336000,304.143000,3.117000,0.039000,3.141000,0
-1.004000,-2.344050,-1.004600,0.002075,0.010620,0.000244,-0.011108,0.018432,0.007446,-0.018798,-0.011109,0.007324,261.417000,-5.804300,-38.174400,-0.021362,-0.019409,0.999390,-0.867065,-0.497437,-0.028198,0.497681,-0.867310,-0.006226,508.000000,643.771000,-46.335000,304.141000,3.117000,0.039000,3.141000,0
-1.004000,-2.344050,-1.004600,0.002075,0.010620,0.000244,-0.011108,0.018432,0.007446,-0.018798,-0.011109,0.007324,261.417000,-5.804300,-38.174400,-0.021362,-0.019409,0.999390,-0.867065,-0.497437,-0.028198,0.497681,-0.867310,-0.006226,504.000000,643.749000,-46.333000,304.139000,3.117000,0.039000,3.141000,0
-1.004000,-2.344050,-1.004600,0.002075,0.010620,0.000244,-0.011108,0.018432,0.007446,-0.018798,-0.011109,0.007324,261.417000,-5.804300,-38.174400,-0.021362,-0.019409,0.999390,-0.867065,-0.497437,-0.028198,0.497681,-0.867310,-0.006226,504.000000,643.698000,-46.329000,304.125000,3.117000,0.039000,3.141000,0
-1.004000,-2.344050,-1.004600,0.002197,0.010620,0.000244,-0.011108,0.018555,0.007568,-0.018798,-0.011109,0.007324,261.417000,-5.804300,-38.174400,-0.021240,-0.019409,0.999390,-0.867065,-0.497314,-0.028076,0.497681,-0.867310,-0.006226,504.000000,643.613000,-46.322000,304.118000,3.117000,0.038000,3.141000,0
-1.004000,-2.344050,-1.004600,0.002197,0.010620,0.000244,-0.011108,0.018432,0.007568,-0.018798,-0.011109,0.007324,261.417000,-5.804300,-38.174400,-0.021240,-0.019409,0.999390,-0.867065,-0.497437,-0.028076,0.497681,-0.867310,-0.006226,504.000000,643.493000,-46.313000,304.102000,3.117000,0.038000,3.141000,0
-1.004000,-2.344050,-1.004600,0.002197,0.010620,0.000244,-0.011108,0.018432,0.007568,-0.018798,-0.011109,0.007324,261.417000,-5.804300,-38.174400,-0.021240,-0.019409,0.999390,-0.867065,-0.497437,-0.028076,0.497681,-0.867310,-0.006226,504.000000,643.345000,-46.308000,304.072000,3.117000,0.038000,3.141000,0
-1.004000,-2.344050,-1.004600,0.002197,0.010620,0.000244,-0.011108,0.018432,0.007568,-0.018798,-0.011109,0.007324,261.417000,-5.804300,-38.174400,-0.021240,-0.019409,0.999390,-0.867065,-0.497437,-0.028076,0.497681,-0.867310,-0.006226,504.000000,643.185000,-46.304000,304.060000,3.117000,0.038000,3.141000,0
-1.004000,-2.344050,-1.004600,0.002197,0.010620,0.000244,-0.011108,0.018432,0.007568,-0.018798,-0.011109,0.007324,261.417000,-5.804300,-38.174400,-0.021240,-0.019409,0.999390,-0.867065,-0.497437,-0.028076,0.497681,-0.867310,-0.006226,504.000000,643.010000,-46.302000,304.042000,3.117000,0.038000,3.141000,0
-1.004000,-2.344050,-1.004600,0.002197,0.010620,0.000244,-0.011108,0.018432,0.007568,-0.018798,-0.011109,0.007324,261.417000,-5.804300,-38.174400,-0.021240,-0.019409,0.999390,-0.867065,-0.497437,-0.028076,0.497681,-0.867310,-0.006226,504.000000,642.817000,-46.302000,304.031000,3.117000,0.038000,3.141000,0
-1.004000,-2.344050,-1.004600,0.002197,0.010620,0.000244,-0.011108,0.018432,0.007568,-0.018798,-0.011109,0.007324,261.417000,-5.804300,-38.174400,-0.021240,-0.019409,0.999390,-0.867065,-0.497437,-0.028076,0.497681,-0.867310,-0.006226,504.000000,642.598000,-46.303000,304.031000,3.117000,0.038000,3.141000,0
-1.004000,-2.344050,-1.004600,0.002197,0.010742,0.000244,-0.011108,0.018432,0.007568,-0.018798,-0.011109,0.007324,261.417000,-5.804300,-38.174400,-0.021240,-0.019287,0.999390,-0.867065,-0.497437,-0.028076,0.497681,-0.867310,-0.006226,504.000000,642.342000,-46.303000,304.026000,3.117000,0.038000,3.141000,0
-1.004000,-2.344050,-1.004600,0.002197,0.010742,0.000244,-0.011108,0.018432,0.007690,-0.018798,-0.011109,0.007324,261.417000,-5.804300,-38.174400,-0.021240,-0.019287,0.999390,-0.867065,-0.497437,-0.027954,0.497681,-0.867310,-0.006226,508.000000,642.063000,-46.300000,304.018000,3.117000,0.038000,3.141000,0
-1.004000,-2.344050,-1.004600,0.002197,0.010742,0.000244,-0.011108,0.018432,0.007690,-0.018798,-0.011109,0.007324,261.417000,-5.804300,-38.174400,-0.021240,-0.019287,0.999390,-0.867065,-0.497437,-0.027954,0.497681,-0.867310,-0.006226,508.000000,641.782000,-46.297000,304.022000,3.117000,0.038000,3.141000,0
-1.004000,-2.344050,-1.004600,0.002197,0.010742,0.000244,-0.011108,0.018432,0.007690,-0.018798,-0.011109,0.007324,261.417000,-5.804300,-38.174400,-0.021240,-0.019287,0.999390,-0.867065,-0.497437,-0.027954,0.497681,-0.867310,-0.006226,508.000000,641.505000,-46.292000,304.029000,3.117000,0.038000,3.141000,0
-1.004000,-2.344050,-1.004600,0.002197,0.010742,0.000244,-0.011108,0.018432,0.007690,-0.018798,-0.011109,0.007324,261.417000,-5.804300,-38.174400,-0.021240,-0.019287,0.999390,-0.867065,-0.497437,-0.027954,0.497681,-0.867310,-0.006226,508.000000,641.229000,-46.288000,304.038000,3.117000,0.038000,3.141000,0
-1.004000,-2.344050,-1.004600,0.002319,0.010742,0.000244,-0.011108,0.018432,0.007690,-0.018798,-0.011109,0.007324,261.417000,-5.804300,-38.174400,-0.021118,-0.019287,0.999390,-0.867065,-0.497437,-0.027954,0.497681,-0.867310,-0.006226,508.000000,640.948000,-46.287000,304.064000,3.117000,0.038000,3.141000,0
-1.004000,-2.344050,-1.004600,0.002319,0.010742,0.000244,-0.011108,0.018432,0.007690,-0.018798,-0.011109,0.007324,261.417000,-5.804300,-38.174400,-0.021118,-0.019287,0.999390,-0.867065,-0.497437,-0.027954,0.497681,-0.867310,-0.006226,508.000000,640.669000,-46.290000,304.089000,3.117000,0.038000,3.141000,0
-1.004000,-2.344050,-1.004600,0.002319,0.010742,0.000244,-0.011108,0.018555,0.007690,-0.018798,-0.011109,0.007324,261.417000,-5.804300,-38.174400,-0.021118,-0.019287,0.999390,-0.867065,-0.497314,-0.027954,0.497681,-0.867310,-0.006226,508.000000,640.401000,-46.298000,304.110000,3.117000,0.038000,3.141000,0
-1.004000,-2.344050,-1.004600,0.002319,0.010742,0.000244,-0.011231,0.018555,0.007690,-0.018920,-0.011109,0.007324,261.417000,-5.804300,-38.174400,-0.021118,-0.019287,0.999390,-0.867188,-0.497314,-0.027954,0.497559,-0.867310,-0.006226,512.000000,640.133000,-46.303000,304.140000,3.117000,0.039000,3.141000,0
-1.116000,-2.344050,-1.004600,0.002319,0.010742,0.000244,-0.011231,0.018555,0.007690,-0.018920,-0.011231,0.007324,261.305000,-5.804300,-38.174400,-0.021118,-0.019287,0.999390,-0.867188,-0.497314,-0.027954,0.497559,-0.867432,-0.006226,512.000000,639.868000,-46.308000,304.177000,3.117000,0.039000,3.141000,0
-1.116000,-2.344050,-1.004600,0.002319,0.010864,0.000244,-0.011231,0.018555,0.007690,-0.018920,-0.011231,0.007446,261.305000,-5.804300,-38.174400,-0.021118,-0.019165,0.999390,-0.867188,-0.497314,-0.027954,0.497559,-0.867432,-0.006104,512.000000,639.600000,-46.313000,304.189000,3.117000,0.039000,3.141000,0
-1.116000,-2.344050,-1.004600,0.002319,0.010864,0.000244,-0.011231,0.018555,0.007690,-0.018920,-0.011231,0.007446,261.305000,-5.804300,-38.174400,-0.021118,-0.019165,0.999390,-0.867188,-0.497314,-0.027954,0.497559,-0.867432,-0.006104,512.000000,639.340000,-46.319000,304.206000,3.117000,0.039000,3.141000,0
-1.116000,-2.344050,-1.116200,0.002319,0.010864,0.000244,-0.011231,0.018677,0.007813,-0.019042,-0.011231,0.007446,261.305000,-5.804300,-38.286000,-0.021118,-0.019165,0.999390,-0.867188,-0.497192,-0.027832,0.497437,-0.867432,-0.006104,516.000000,639.072000,-46.324000,304.225000,3.117000,0.039000,3.141000,0
-1.116000,-2.344050,-1.116200,0.002197,0.010864,0.000244,-0.011231,0.018677,0.007813,-0.019042,-0.011231,0.007446,261.305000,-5.804300,-38.286000,-0.021240,-0.019165,0.999390,-0.867188,-0.497192,-0.027832,0.497437,-0.867432,-0.006104,516.000000,638.797000,-46.328000,304.232000,3.117000,0.039000,3.141000,0
-1.116000,-2.344050,-1.116200,0.002197,0.010864,0.000244,-0.011231,0.018677,0.007690,-0.019042,-0.011231,0.007568,261.305000,-5.804300,-38.286000,-0.021240,-0.019165,0.999390,-0.867188,-0.497192,-0.027954,0.497437,-0.867432,-0.005981,516.000000,638.531000,-46.330000,304.231000,3.117000,0.039000,3.141000,0
-1.116000,-2.344050,-1.116200,0.002197,0.010986,0.000244,-0.011231,0.018677,0.007690,-0.019042,-0.011231,0.007568,261.305000,-5.804300,-38.286000,-0.021240,-0.019043,0.999390,-0.867188,-0.497192,-0.027954,0.497437,-0.867432,-0.005981,520.000000,638.270000,-46.332000,304.237000,3.117000,0.039000,3.141000,0
-1.116000,-2.344050,-1.116200,0.002197,0.010986,0.000244,-0.011231,0.018677,0.007690,-0.019042,-0.011231,0.007568,261.305000,-5.804300,-38.286000,-0.021240,-0.019043,0.999390,-0.867188,-0.497192,-0.027954,0.497437,-0.867432,-0.005981,520.000000,638.005000,-46.333000,304.248000,3.117000,0.039000,3.141000,0
-1.116000,-2.344050,-1.116200,0.002075,0.010986,0.000244,-0.011353,0.018799,0.007690,-0.019165,-0.011353,0.007690,261.305000,-5.804300,-38.286000,-0.021362,-0.019043,0.999390,-0.867310,-0.497070,-0.027954,0.497314,-0.867554,-0.005859,520.000000,637.734000,-46.333000,304.234000,3.117000,0.039000,3.141000,0
-1.116000,-2.344050,-1.116200,0.002075,0.010986,0.000244,-0.011353,0.018799,0.007690,-0.019165,-0.011353,0.007690,261.305000,-5.804300,-38.286000,-0.021362,-0.019043,0.999390,-0.867310,-0.497070,-0.027954,0.497314,-0.867554,-0.005859,524.000000,637.468000,-46.333000,304.227000,3.117000,0.039000,3.141000,0
-1.116000,-2.344050,-1.116200,0.002075,0.011108,0.000244,-0.011353,0.018799,0.007690,-0.019165,-0.011353,0.007690,261.305000,-5.804300,-38.286000,-0.021362,-0.018921,0.999390,-0.867310,-0.497070,-0.027954,0.497314,-0.867554,-0.005859,524.000000,637.201000,-46.332000,304.222000,3.117000,0.039000,3.141000,0
-1.116000,-2.344050,-1.116200,0.002075,0.011108,0.000244,-0.011353,0.018799,0.007690,-0.019165,-0.011353,0.007690,261.305000,-5.804300,-38.286000,-0.021362,-0.018921,0.999390,-0.867310,-0.497070,-0.027954,0.497314,-0.867554,-0.005859,528.000000,636.935000,-46.333000,304.222000,3.117000,0.039000,3.141000,0
-1.116000,-2.344050,-1.116200,0.002075,0.011108,0.000244,-0.011353,0.018921,0.007690,-0.019165,-0.011353,0.007813,261.305000,-5.804300,-38.286000,-0.021362,-0.018921,0.999390,-0.867310,-0.496948,-0.027954,0.497314,-0.867554,-0.005737,528.000000,636.660000,-46.335000,304.209000,3.117000,0.039000,3.141000,0
-1.116000,-2.344050,-1.116200,0.002075,0.011108,0.000244,-0.011353,0.018921,0.007690,-0.019287,-0.011353,0.007813,261.305000,-5.804300,-38.286000,-0.021362,-0.018921,0.999390,-0.867310,-0.496948,-0.027954,0.497192,-0.867554,-0.005737,532.000000,636.387000,-46.337000,304.204000,3.117000,0.039000,3.141000,0
-1.116000,-2.344050,-1.116200,0.002075,0.011108,0.000244,-0.011353,0.018921,0.007690,-0.019287,-0.011353,0.007813,261.305000,-5.804300,-38.286000,-0.021362,-0.018921,0.999390,-0.867310,-0.496948,-0.027954,0.497192,-0.867554,-0.005737,532.000000,636.117000,-46.337000,304.205000,3.117000,0.039000,3.141000,0
-1.228000,-2.455670,-1.116200,0.002075,0.011230,0.000244,-0.011475,0.019043,0.007690,-0.019287,-0.011475,0.007813,261.193000,-5.915920,-38.286000,-0.021362,-0.018799,0.999390,-0.867432,-0.496826,-0.027954,0.497192,-0.867676,-0.005737,536.000000,635.839000,-46.335000,304.203000,3.117000,0.039000,3.141000,0
-1.228000,-2.455670,-1.116200,0.001953,0.011230,0.000244,-0.011475,0.019043,0.007690,-0.019409,-0.011475,0.007813,261.193000,-5.915920,-38.286000,-0.021484,-0.018799,0.999390,-0.867432,-0.496826,-0.027954,0.497070,-0.867676,-0.005737,536.000000,635.566000,-46.334000,304.203000,3.117000,0.039000,3.141000,0
-1.228000,-2.455670,-1.116200,0.001953,0.011230,0.000244,-0.011475,0.019043,0.007690,-0.019409,-0.011475,0.007935,261.193000,-5.915920,-38.286000,-0.021484,-0.018799,0.999390,-0.867432,-0.496826,-0.027954,0.497070,-0.867676,-0.005615,540.000000,635.292000,-46.334000,304.197000,3.117000,0.039000,3.141000,0
-1.228000,-2.455670,-1.116200,0.001953,0.011230,0.000244,-0.011475,0.019043,0.007690,-0.019409,-0.011475,0.007935,261.193000,-5.915920,-38.286000,-0.021484,-0.018799,0.999390,-0.867432,-0.496826,-0.027954,0.497070,-0.867676,-0.005615,544.000000,635.012000,-46.334000,304.195000,3.117000,0.039000,3.141000,0
-1.228000,-2.455670,-1.116200,0.001953,0.011352,0.000244,-0.011475,0.019043,0.007690,-0.019409,-0.011475,0.007935,261.193000,-5.915920,-38.286000,-0.021484,-0.018677,0.999390,-0.867432,-0.496826,-0.027954,0.497070,-0.867676,-0.005615,544.000000,634.732000,-46.333000,304.191000,3.117000,0.039000,3.141000,0
-1.228000,-2.455670,-1.116200,0.001953,0.011352,0.000366,-0.011475,0.019165,0.007690,-0.019531,-0.011475,0.008057,261.193000,-5.915920,-38.286000,-0.021484,-0.018677,0.999512,-0.867432,-0.496704,-0.027954,0.496948,-0.867676,-0.005493,548.000000,634.454000,-46.332000,304.183000,3.117000,0.039000,3.141000,0
-1.228000,-2.455670,-1.116200,0.001953,0.011352,0.000366,-0.011475,0.019165,0.007690,-0.019531,-0.011475,0.008057,261.193000,-5.915920,-38.286000,-0.021484,-0.018677,0.999512,-0.867432,-0.496704,-0.027954,0.496948,-0.867676,-0.005493,548.000000,634.173000,-46.331000,304.171000,3.117000,0.039000,3.141000,0
-1.228000,-2.455670,-1.116200,0.001953,0.011352,0.000366,-0.011597,0.019165,0.007690,-0.019531,-0.011597,0.008057,261.193000,-5.915920,-38.286000,-0.021484,-0.018677,0.999512,-0.867554,-0.496704,-0.027954,0.496948,-0.867798,-0.005493,552.000000,633.895000,-46.330000,304.162000,3.117000,0.039000,3.141000,0
-1.339000,-2.455670,-1.116200,0.001953,0.011475,0.000366,-0.011597,0.019165,0.007690,-0.019531,-0.011597,0.008057,261.082000,-5.915920,-38.286000,-0.021484,-0.018555,0.999512,-0.867554,-0.496704,-0.027954,0.496948,-0.867798,-0.005493,556.000000,633.623000,-46.330000,304.152000,3.117000,0.039000,3.141000,0
-1.339000,-2.455670,-1.116200,0.001831,0.011475,0.000366,-0.011597,0.019287,0.007690,-0.019531,-0.011597,0.008179,261.082000,-5.915920,-38.286000,-0.021606,-0.018555,0.999512,-0.867554,-0.496582,-0.027954,0.496948,-0.867798,-0.005371,556.000000,633.344000,-46.328000,304.142000,3.117000,0.039000,3.141000,0
-1.339000,-2.455670,-1.116200,0.001831,0.011475,0.000366,-0.011597,0.019287,0.007690,-0.019653,-0.011597,0.008179,261.082000,-5.915920,-38.286000,-0.021606,-0.018555,0.999512,-0.867554,-0.496582,-0.027954,0.496826,-0.867798,-0.005371,560.000000,633.076000,-46.327000,304.149000,3.117000,0.039000,3.141000,0
-1.339000,-2.455670,-1.116200,0.001831,0.011597,0.000366,-0.011597,0.019287,0.007690,-0.019653,-0.011597,0.008179,261.082000,-5.915920,-38.286000,-0.021606,-0.018433,0.999512,-0.867554,-0.496582,-0.027954,0.496826,-0.867798,-0.005371,564.000000,632.797000,-46.326000,304.140000,3.117000,0.039000,3.141000,0
-1.339000,-2.455670,-1.116200,0.001831,0.011597,0.000366,-0.011597,0.019287,0.007690,-0.019653,-0.011597,0.008301,261.082000,-5.915920,-38.286000,-0.021606,-0.018433,0.999512,-0.867554,-0.496582,-0.027954,0.496826,-0.867798,-0.005249,568.000000,632.517000,-46.325000,304.135000,3.117000,0.039000,3.141000,0
-1.339000,-2.455670,-1.116200,0.001831,0.011597,0.000366,-0.011597,0.019409,0.007813,-0.019775,-0.011719,0.008301,261.082000,-5.915920,-38.286000,-0.021606,-0.018433,0.999512,-0.867554,-0.496460,-0.027832,0.496704,-0.867920,-0.005249,572.000000,632.247000,-46.323000,304.148000,3.117000,0.039000,3.141000,0
-1.339000,-2.455670,-1.116200,0.001831,0.011719,0.000366,-0.011719,0.019409,0.007813,-0.019775,-0.011719,0.008301,261.082000,-5.915920,-38.286000,-0.021606,-0.018311,0.999512,-0.867676,-0.496460,-0.027832,0.496704,-0.867920,-0.005249,572.000000,631.970000,-46.322000,304.149000,3.117000,0.039000,3.141000,0
-1.339000,-2.455670,-1.116200,0.001831,0.011719,0.000366,-0.011719,0.019409,0.007813,-0.019775,-0.011719,0.008423,261.082000,-5.915920,-38.286000,-0.021606,-0.018311,0.999512,-0.867676,-0.496460,-0.027832,0.496704,-0.867920,-0.005127,576.000000,631.694000,-46.320000,304.147000,3.117000,0.039000,3.141000,0
-1.451000,-2.455670,-1.227900,0.001831,0.011719,0.000366,-0.011719,0.019409,0.007813,-0.019775,-0.011719,0.008423,260.970000,-5.915920,-38.397700,-0.021606,-0.018311,0.999512,-0.867676,-0.496460,-0.027832,0.496704,-0.867920,-0.005127,580.000000,631.416000,-46.319000,304.157000,3.117000,0.039000,3.141000,0
-1.451000,-2.455670,-1.227900,0.001831,0.011719,0.000366,-0.011719,0.019409,0.007813,-0.019775,-0.011719,0.008423,260.970000,-5.915920,-38.397700,-0.021606,-0.018311,0.999512,-0.867676,-0.496460,-0.027832,0.496704,-0.867920,-0.005127,584.000000,631.136000,-46.318000,304.167000,3.117000,0.039000,3.141000,0
-1.451000,-2.455670,-1.227900,0.001831,0.011841,0.000366,-0.011719,0.019531,0.007813,-0.019897,-0.011719,0.008423,260.970000,-5.915920,-38.397700,-0.021606,-0.018188,0.999512,-0.867676,-0.496338,-0.027832,0.496582,-0.867920,-0.005127,588.000000,630.863000,-46.318000,304.172000,3.117000,0.039000,3.141000,0
-1.451000,-2.455670,-1.227900,0.001831,0.011841,0.000366,-0.011719,0.019531,0.007813,-0.019897,-0.011719,0.008545,260.970000,-5.915920,-38.397700,-0.021606,-0.018188,0.999512,-0.867676,-0.496338,-0.027832,0.496582,-0.867920,-0.005005,592.000000,630.583000,-46.320000,304.186000,3.117000,0.039000,3.141000,0
-1.451000,-2.455670,-1.227900,0.001831,0.011841,0.000366,-0.011841,0.019653,0.007813,-0.020019,-0.011841,0.008545,260.970000,-5.915920,-38.397700,-0.021606,-0.018188,0.999512,-0.867798,-0.496216,-0.027832,0.496460,-0.868042,-0.005005,596.000000,630.296000,-46.320000,304.204000,3.117000,0.039000,3.141000,0
-1.451000,-2.455670,-1.227900,0.001831,0.011963,0.000366,-0.011841,0.019653,0.007813,-0.020019,-0.011841,0.008545,260.970000,-5.915920,-38.397700,-0.021606,-0.018066,0.999512,-0.867798,-0.496216,-0.027832,0.496460,-0.868042,-0.005005,600.000000,630.012000,-46.323000,304.209000,3.117000,0.039000,3.141000,0
-1.451000,-2.455670,-1.227900,0.001831,0.011963,0.000366,-0.011841,0.019653,0.007935,-0.020019,-0.011841,0.008667,260.970000,-5.915920,-38.397700,-0.021606,-0.018066,0.999512,-0.867798,-0.496216,-0.027710,0.496460,-0.868042,-0.004883,604.000000,629.734000,-46.327000,304.210000,3.117000,0.039000,3.141000,0
-1.563000,-2.455670,-1.227900,0.001831,0.012085,0.000366,-0.011841,0.019775,0.007935,-0.020141,-0.011841,0.008667,260.858000,-5.915920,-38.397700,-0.021606,-0.017944,0.999512,-0.867798,-0.496094,-0.027710,0.496338,-0.868042,-0.004883,608.000000,629.451000,-46.329000,304.214000,3.117000,0.039000,3.141000,0
-1.563000,-2.455670,-1.227900,0.001709,0.012085,0.000366,-0.011841,0.019775,0.007935,-0.020141,-0.011841,0.008667,260.858000,-5.915920,-38.397700,-0.021729,-0.017944,0.999512,-0.867798,-0.496094,-0.027710,0.496338,-0.868042,-0.004883,612.000000,629.167000,-46.331000,304.215000,3.117000,0.039000,3.141000,0
-1.563000,-2.455670,-1.339500,0.001831,0.012085,0.000366,-0.011963,0.019775,0.007935,-0.020141,-0.011963,0.008789,260.858000,-5.915920,-38.509300,-0.021606,-0.017944,0.999512,-0.867920,-0.496094,-0.027710,0.496338,-0.868164,-0.004761,620.000000,628.887000,-46.334000,304.206000,3.117000,0.039000,3.141000,0
-1.563000,-2.455670,-1.339500,0.001831,0.012207,0.000366,-0.011963,0.019775,0.008057,-0.020141,-0.011963,0.008789,260.858000,-5.915920,-38.509300,-0.021606,-0.017822,0.999512,-0.867920,-0.496094,-0.027588,0.496338,-0.868164,-0.004761,624.000000,628.610000,-46.338000,304.203000,3.117000,0.039000,3.141000,0
-1.563000,-2.455670,-1.339500,0.001831,0.012207,0.000366,-0.011963,0.019897,0.008057,-0.020263,-0.011963,0.008789,260.858000,-5.915920,-38.509300,-0.021606,-0.017822,0.999512,-0.867920,-0.495972,-0.027588,0.496216,-0.868164,-0.004761,628.000000,628.330000,-46.342000,304.209000,3.117000,0.039000,3.141000,0
-1.674000,-2.455670,-1.339500,0.001831,0.012329,0.000366,-0.011963,0.019897,0.008057,-0.020263,-0.011963,0.008911,260.747000,-5.915920,-38.509300,-0.021606,-0.017700,0.999512,-0.867920,-0.495972,-0.027588,0.496216,-0.868164,-0.004639,632.000000,628.044000,-46.349000,304.210000,3.117000,0.039000,3.141000,0
-1.674000,-2.455670,-1.339500,0.001831,0.012329,0.000366,-0.011963,0.019897,0.008057,-0.020263,-0.011963,0.008911,260.747000,-5.915920,-38.509300,-0.021606,-0.017700,0.999512,-0.867920,-0.495972,-0.027588,0.496216,-0.868164,-0.004639,636.000000,627.765000,-46.355000,304.218000,3.117000,0.039000,3.141000,0
-1.674000,-2.455670,-1.339500,0.001831,0.012329,0.000366,-0.011963,0.019897,0.008057,-0.020263,-0.011963,0.008911,260.747000,-5.915920,-38.509300,-0.021606,-0.017700,0.999512,-0.867920,-0.495972,-0.027588,0.496216,-0.868164,-0.004639,644.000000,627.489000,-46.359000,304.223000,3.117000,0.039000,3.141000,0
-1.674000,-2.455670,-1.339500,0.001709,0.012451,0.000366,-0.011963,0.019897,0.008057,-0.020385,-0.011963,0.009033,260.747000,-5.915920,-38.509300,-0.021729,-0.017578,0.999512,-0.867920,-0.495972,-0.027588,0.496094,-0.868164,-0.004517,648.000000,627.210000,-46.364000,304.225000,3.117000,0.039000,3.141000,0
-1.674000,-2.455670,-1.339500,0.001709,0.012451,0.000366,-0.011963,0.020019,0.008057,-0.020385,-0.012085,0.009033,260.747000,-5.915920,-38.509300,-0.021729,-0.017578,0.999512,-0.867920,-0.495850,-0.027588,0.496094,-0.868286,-0.004517,656.000000,626.931000,-46.366000,304.221000,3.117000,0.039000,3.141000,0
-1.674000,-2.455670,-1.339500,0.001709,0.012451,0.000366,-0.012085,0.020019,0.008057,-0.020385,-0.012085,0.009033,260.747000,-5.915920,-38.509300,-0.021729,-0.017578,0.999512,-0.868042,-0.495850,-0.027588,0.496094,-0.868286,-0.004517,660.000000,626.651000,-46.365000,304.215000,3.117000,0.039000,3.141000,0
-1.786000,-2.567290,-1.339500,0.001709,0.012451,0.000366,-0.012085,0.020019,0.008057,-0.020385,-0.012085,0.009033,260.635000,-6.027540,-38.509300,-0.021729,-0.017578,0.999512,-0.868042,-0.495850,-0.027588,0.496094,-0.868286,-0.004517,664.000000,626.373000,-46.364000,304.216000,3.117000,0.039000,3.141000,0
-1.786000,-2.567290,-1.451100,0.001709,0.012451,0.000366,-0.012085,0.020019,0.008057,-0.020385,-0.012085,0.009155,260.635000,-6.027540,-38.620900,-0.021729,-0.017578,0.999512,-0.868042,-0.495850,-0.027588,0.496094,-0.868286,-0.004395,672.000000,626.087000,-46.361000,304.214000,3.117000,0.039000,3.141000,0
-1.786000,-2.567290,-1.451100,0.001587,0.012451,0.000366,-0.012085,0.020019,0.008057,-0.020385,-0.012085,0.009155,260.635000,-6.027540,-38.620900,-0.021851,-0.017578,0.999512,-0.868042,-0.495850,-0.027588,0.496094,-0.868286,-0.004395,676.000000,625.798000,-46.357000,304.205000,3.117000,0.039000,3.141000,0
-1.786000,-2.567290,-1.451100,0.001709,0.012573,0.000366,-0.012085,0.020019,0.008057,-0.020507,-0.012085,0.009155,260.635000,-6.027540,-38.620900,-0.021729,-0.017456,0.999512,-0.868042,-0.495850,-0.027588,0.495972,-0.868286,-0.004395,684.000000,625.508000,-46.352000,304.192000,3.117000,0.039000,3.141000,0
-1.786000,-2.567290,-1.451100,0.001709,0.012573,0.000366,-0.012085,0.020019,0.008057,-0.020507,-0.012085,0.009155,260.635000,-6.027540,-38.620900,-0.021729,-0.017456,0.999512,-0.868042,-0.495850,-0.027588,0.495972,-0.868286,-0.004395,688.000000,625.223000,-46.347000,304.182000,3.117000,0.039000,3.141000,0
-1.786000,-2.567290,-1.451100,0.001709,0.012573,0.000366,-0.012085,0.020141,0.008057,-0.020507,-0.012085,0.009155,260.635000,-6.027540,-38.620900,-0.021729,-0.017456,0.999512,-0.868042,-0.495728,-0.027588,0.495972,-0.868286,-0.004395,692.000000,624.934000,-46.341000,304.165000,3.117000,0.039000,3.141000,0
-1.897000,-2.567290,-1.451100,0.001709,0.012573,0.000366,-0.012085,0.020141,0.008179,-0.020507,-0.012085,0.009155,260.524000,-6.027540,-38.620900,-0.021729,-0.017456,0.999512,-0.868042,-0.495728,-0.027466,0.495972,-0.868286,-0.004395,696.000000,624.648000,-46.334000,304.153000,3.117000,0.039000,3.141000,0
-1.897000,-2.567290,-1.451100,0.001709,0.012573,0.000366,-0.012085,0.020141,0.008179,-0.020507,-0.012085,0.009155,260.524000,-6.027540,-38.620900,-0.021729,-0.017456,0.999512,-0.868042,-0.495728,-0.027466,0.495972,-0.868286,-0.004395,704.000000,624.363000,-46.327000,304.149000,3.117000,0.039000,3.141000,0
-1.897000,-2.567290,-1.451100,0.001709,0.012573,0.000366,-0.012085,0.020141,0.008179,-0.020507,-0.012085,0.009155,260.524000,-6.027540,-38.620900,-0.021729,-0.017456,0.999512,-0.868042,-0.495728,-0.027466,0.495972,-0.868286,-0.004395,708.000000,624.075000,-46.324000,304.135000,3.117000,0.039000,3.141000,0
-1.897000,-2.567290,-1.562700,0.001709,0.012695,0.000366,-0.012085,0.020141,0.008179,-0.020507,-0.012085,0.009155,260.524000,-6.027540,-38.732500,-0.021729,-0.017334,0.999512,-0.868042,-0.495728,-0.027466,0.495972,-0.868286,-0.004395,712.000000,623.791000,-46.323000,304.137000,3.117000,0.039000,3.141000,0
-1.897000,-2.567290,-1.562700,0.001709,0.012695,0.000366,-0.012085,0.020141,0.008179,-0.020507,-0.012085,0.009277,260.524000,-6.027540,-38.732500,-0.021729,-0.017334,0.999512,-0.868042,-0.495728,-0.027466,0.495972,-0.868286,-0.004272,720.000000,623.504000,-46.324000,304.149000,3.117000,0.039000,3.141000,0
-2.009000,-2.567290,-1.562700,0.001709,0.012695,0.000366,-0.012085,0.020141,0.008179,-0.020507,-0.012085,0.009277,260.412000,-6.027540,-38.732500,-0.021729,-0.017334,0.999512,-0.868042,-0.495728,-0.027466,0.495972,-0.868286,-0.004272,724.000000,623.218000,-46.327000,304.158000,3.117000,0.039000,3.141000,0
-2.009000,-2.567290,-1.562700,0.001709,0.012695,0.000366,-0.012085,0.020141,0.008179,-0.020507,-0.012085,0.009277,260.412000,-6.027540,-38.732500,-0.021729,-0.017334,0.999512,-0.868042,-0.495728,-0.027466,0.495972,-0.868286,-0.004272,732.000000,622.936000,-46.332000,304.163000,3.117000,0.039000,3.141000,0
-2.009000,-2.567290,-1.562700,0.001831,0.012695,0.000366,-0.012085,0.020141,0.008301,-0.020507,-0.012085,0.009277,260.412000,-6.027540,-38.732500,-0.021606,-0.017334,0.999512,-0.868042,-0.495728,-0.027344,0.495972,-0.868286,-0.004272,740.000000,622.653000,-46.335000,304.178000,3.117000,0.039000,3.141000,0
-2.009000,-2.567290,-1.562700,0.001831,0.012695,0.000366,-0.012085,0.020141,0.008301,-0.020507,-0.012085,0.009277,260.412000,-6.027540,-38.732500,-0.021606,-0.017334,0.999512,-0.868042,-0.495728,-0.027344,0.495972,-0.868286,-0.004272,744.000000,622.374000,-46.336000,304.199000,3.117000,0.039000,3.141000,0
-2.121000,-2.567290,-1.674300,0.001831,0.012695,0.000366,-0.012085,0.020141,0.008301,-0.020507,-0.012085,0.009277,260.300000,-6.027540,-38.844100,-0.021606,-0.017334,0.999512,-0.868042,-0.495728,-0.027344,0.495972,-0.868286,-0.004272,748.000000,622.089000,-46.338000,304.205000,3.117000,0.039000,3.141000,0
-2.121000,-2.455670,-1.674300,0.001953,0.012817,0.000366,-0.012085,0.020141,0.008423,-0.020507,-0.012085,0.009277,260.300000,-5.915920,-38.844100,-0.021484,-0.017212,0.999512,-0.868042,-0.495728,-0.027222,0.495972,-0.868286,-0.004272,756.000000,621.804000,-46.338000,304.220000,3.117000,0.039000,3.141000,0
-2.121000,-2.455670,-1.674300,0.001953,0.012817,0.000366,-0.012085,0.020019,0.008423,-0.020507,-0.012085,0.009155,260.300000,-5.915920,-38.844100,-0.021484,-0.017212,0.999512,-0.868042,-0.495850,-0.027222,0.495972,-0.868286,-0.004395,760.000000,621.518000,-46.336000,304.239000,3.117000,0.039000,3.141000,0
-2.232000,-2.455670,-1.674300,0.001953,0.012817,0.000366,-0.012085,0.020019,0.008423,-0.020385,-0.012085,0.009155,260.189000,-5.915920,-38.844100,-0.021484,-0.017212,0.999512,-0.868042,-0.495850,-0.027222,0.496094,-0.868286,-0.004395,768.000000,621.221000,-46.331000,304.237000,3.117000,0.039000,3.141000,0
