Dif_X,Dif_Y,Dif_Z,Dif_X1,Dif_X2,Dif_X3,Dif_Y1,Dif_Y2,Dif_Y3,Dif_Z1,Dif_Z2,Dif_Z3,NDI_X,NDI_Y,NDI_Z,NDI_Rot_X1,NDI_Rot_X2,NDI_Rot_X3,NDI_Rot_Y1,NDI_Rot_Y2,NDI_Rot_Y3,NDI_Rot_Z1,NDI_Rot_Z2,NDI_Rot_Z3,NDI_Quality,Kuka_X,Kuka_Y,Kuka_Z,Kuka_A,Kuka_B,Kuka_C,Kuka_TSL
0.223000,1.116200,-0.111600,-0.000488,-0.006714,0.000000,-0.009155,-0.005493,0.005249,0.005615,-0.009033,-0.003662,263.872000,-18.194200,-37.169800,-0.041260,-0.004639,0.999023,-0.519165,0.854370,-0.017456,-0.853638,-0.519531,-0.037720,432.000000,509.722000,-20.020000,303.617000,3.116000,0.039000,3.141000,0
0.223000,1.117224,-0.111600,-0.000488,-0.006714,0.000000,-0.009277,-0.005493,0.005249,0.005615,-0.009033,-0.003540,263.872000,-18.194200,-37.169800,-0.041260,-0.004639,0.999023,-0.519287,0.854370,-0.017456,-0.853638,-0.519531,-0.037598,432.000000,509.722000,-20.020000,303.617000,3.116000,0.039000,3.141000,0
0.223000,1.118248,-0.111600,-0.000488,-0.006714,0.000000,-0.009277,-0.005493,0.005249,0.005615,-0.009033,-0.003540,263.872000,-18.194200,-37.169800,-0.041260,-0.004639,0.999023,-0.519287,0.854370,-0.017456,-0.853638,-0.519531,-0.037598,432.000000,509.722000,-20.020000,303.617000,3.116000,0.039000,3.141000,0
0.223000,1.119272,-0.111600,-0.000488,-0.006714,0.000000,-0.009277,-0.005493,0.005249,0.005615,-0.009155,-0.003540,263.872000,-18.194200,-37.169800,-0.041260,-0.004639,0.999023,-0.519287,0.854370,-0.017456,-0.853638,-0.519653,-0.037598,436.000000,509.722000,-20.020000,303.617000,3.116000,0.039000,3.141000,0
0.223000,1.120295,-0.111600,-0.000488,-0.006714,0.000000,-0.009399,-0.005493,0.005249,0.005615,-0.009155,-0.003540,263.872000,-18.194200,-37.169800,-0.041260,-0.004639,0.999023,-0.519409,0.854370,-0.017456,-0.853638,-0.519653,-0.037598,436.000000,509.722000,-20.020000,303.617000,3.116000,0.039000,3.141000,0
0.223000,1.121319,-0.111600,-0.000488,-0.006714,0.000000,-0.009399,-0.005615,0.005249,0.005615,-0.009155,-0.003540,263.872000,-18.194200,-37.169800,-0.041260,-0.004639,0.999023,-0.519409,0.854248,-0.017456,-0.853638,-0.519653,-0.037598,436.000000,509.722000,-20.020000,303.617000,3.116000,0.039000,3.141000,0
0.223000,1.122343,-0.111600,-0.000488,-0.006714,0.000000,-0.009399,-0.005615,0.005127,0.005737,-0.009155,-0.003540,263.872000,-18.194200,-37.169800,-0.041260,-0.004639,0.999023,-0.519409,0.854248,-0.017578,-0.853516,-0.519653,-0.037598,436.000000,509.722000,-20.020000,303.617000,3.116000,0.039000,3.141000,0
0.223000,1.123367,-0.111600,-0.000488,-0.006714,0.000000,-0.009399,-0.005615,0.005127,0.005737,-0.009155,-0.003540,263.872000,-18.194200,-37.169800,-0.041260,-0.004639,0.999023,-0.519409,0.854248,-0.017578,-0.853516,-0.519653,-0.037598,436.000000,509.722000,-20.020000,303.617000,3.116000,0.039000,3.141000,0
0.223000,1.124391,-0.111600,-0.000488,-0.006714,0.000000,-0.009399,-0.005615,0.005127,0.005737,-0.009155,-0.003540,263.872000,-18.194200,-37.169800,-0.041260,-0.004639,0.999023,-0.519409,0.854248,-0.017578,-0.853516,-0.519653,-0.037598,436.000000,509.722000,-20.020000,303.617000,3.116000,0.039000,3.141000,0
0.223000,1.125415,-0.111600,-0.000488,-0.006714,0.000000,-0.009399,-0.005615,0.005127,0.005737,-0.009155,-0.003540,263.872000,-18.194200,-37.169800,-0.041260,-0.004639,0.999023,-0.519409,0.854248,-0.017578,-0.853516,-0.519653,-0.037598,436.000000,509.722000,-20.020000,303.617000,3.116000,0.039000,3.141000,0
0.223000,1.126439,-0.111600,-0.000488,-0.006714,0.000000,-0.009399,-0.005493,0.005127,0.005615,-0.009155,-0.003540,263.872000,-18.194200,-37.169800,-0.041260,-0.004639,0.999023,-0.519409,0.854370,-0.017578,-0.853638,-0.519653,-0.037598,436.000000,509.722000,-20.020000,303.617000,3.116000,0.039000,3.141000,0
0.223000,1.127462,-0.111600,-0.000488,-0.006714,0.000000,-0.009399,-0.005493,0.005127,0.005615,-0.009155,-0.003540,263.872000,-18.194200,-37.169800,-0.041260,-0.004639,0.999023,-0.519409,0.854370,-0.017578,-0.853638,-0.519653,-0.037598,436.000000,509.722000,-20.020000,303.617000,3.116000,0.039000,3.141000,0
0.223000,1.128486,-0.111600,-0.000488,-0.006714,0.000000,-0.009277,-0.005493,0.005127,0.005615,-0.009155,-0.003662,263.872000,-18.194200,-37.169800,-0.041260,-0.004639,0.999023,-0.519287,0.854370,-0.017578,-0.853638,-0.519653,-0.037720,436.000000,509.722000,-20.020000,303.617000,3.116000,0.039000,3.141000,0
0.223000,1.129510,-0.111600,-0.000488,-0.006714,0.000000,-0.009277,-0.005493,0.005127,0.005615,-0.009155,-0.003662,263.872000,-18.194200,-37.169800,-0.041260,-0.004639,0.999023,-0.519287,0.854370,-0.017578,-0.853638,-0.519653,-0.037720,436.000000,509.722000,-20.020000,303.617000,3.116000,0.039000,3.141000,0
0.223000,1.130534,-0.111600,-0.000488,-0.006714,0.000000,-0.009277,-0.005493,0.005127,0.005615,-0.009155,-0.003662,263.872000,-18.194200,-37.169800,-0.041260,-0.004639,0.999023,-0.519287,0.854370,-0.017578,-0.853638,-0.519653,-0.037720,436.000000,509.722000,-20.020000,303.617000,3.116000,0.039000,3.141000,0
0.223000,1.131558,-0.111600,-0.000610,-0.006714,0.000000,-0.009277,-0.005493,0.005127,0.005615,-0.009155,-0.003662,263.872000,-18.194200,-37.169800,-0.041382,-0.004639,0.999023,-0.519287,0.854370,-0.017578,-0.853638,-0.519653,-0.037720,432.000000,509.722000,-20.020000,303.617000,3.116000,0.039000,3.141000,0
0.223000,1.132582,-0.111600,-0.000610,-0.006714,0.000000,-0.009277,-0.005493,0.005127,0.005615,-0.009155,-0.003662,263.872000,-18.194200,-37.169800,-0.041382,-0.004639,0.999023,-0.519287,0.854370,-0.017578,-0.853638,-0.519653,-0.037720,432.000000,509.722000,-20.020000,303.617000,3.116000,0.039000,3.141000,0
0.223000,1.133606,-0.111600,-0.000610,-0.006714,0.000000,-0.009277,-0.005493,0.005127,0.005615,-0.009155,-0.003662,263.872000,-18.194200,-37.169800,-0.041382,-0.004639,0.999023,-0.519287,0.854370,-0.017578,-0.853638,-0.519653,-0.037720,432.000000,509.722000,-20.020000,303.617000,3.116000,0.039000,3.141000,0
0.223000,1.134629,-0.111600,-0.000610,-0.006714,0.000000,-0.009277,-0.005493,0.005127,0.005615,-0.009155,-0.003662,263.872000,-18.194200,-37.169800,-0.041382,-0.004639,0.999023,-0.519287,0.854370,-0.017578,-0.853638,-0.519653,-0.037720,432.000000,509.722000,-20.020000,303.617000,3.116000,0.039000,3.141000,0
0.223000,1.135653,-0.111600,-0.000610,-0.006714,0.000000,-0.009277,-0.005493,0.005127,0.005615,-0.009155,-0.003662,263.872000,-18.194200,-37.169800,-0.041382,-0.004639,0.999023,-0.519287,0.854370,-0.017578,-0.853638,-0.519653,-0.037720,432.000000,509.722000,-20.020000,303.617000,3.116000,0.039000,3.141000,0
0.223000,1.136677,-0.111600,-0.000610,-0.006714,0.000000,-0.009399,-0.005493,0.005127,0.005615,-0.009155,-0.003662,263.872000,-18.194200,-37.169800,-0.041382,-0.004639,0.999023,-0.519409,0.854370,-0.017578,-0.853638,-0.519653,-0.037720,432.000000,509.722000,-20.020000,303.617000,3.116000,0.039000,3.141000,0
0.223000,1.137701,-0.111600,-0.000610,-0.006714,0.000000,-0.009399,-0.005493,0.005127,0.005615,-0.009155,-0.003662,263.872000,-18.194200,-37.169800,-0.041382,-0.004639,0.999023,-0.519409,0.854370,-0.017578,-0.853638,-0.519653,-0.037720,432.000000,509.722000,-20.020000,303.617000,3.116000,0.039000,3.141000,0
0.223000,1.138725,-0.111600,-0.000488,-0.006714,0.000000,-0.009399,-0.005615,0.005127,0.005615,-0.009155,-0.003662,263.872000,-18.194200,-37.169800,-0.041260,-0.004639,0.999023,-0.519409,0.854248,-0.017578,-0.853638,-0.519653,-0.037720,432.000000,509.722000,-20.020000,303.617000,3.116000,0.039000,3.141000,0
0.223000,1.139749,-0.111600,-0.000488,-0.006714,0.000000,-0.009399,-0.005615,0.005249,0.005737,-0.009155,-0.003662,263.872000,-18.194200,-37.169800,-0.041260,-0.004639,0.999023,-0.519409,0.854248,-0.017456,-0.853516,-0.519653,-0.037720,432.000000,509.722000,-20.020000,303.617000,3.116000,0.039000,3.141000,0
0.223000,1.140772,-0.111600,-0.000488,-0.006714,0.000000,-0.009399,-0.005615,0.005249,0.005737,-0.009155,-0.003662,263.872000,-18.194200,-37.169800,-0.041260,-0.004639,0.999023,-0.519409,0.854248,-0.017456,-0.853516,-0.519653,-0.037720,432.000000,509.722000,-20.020000,303.617000,3.116000,0.039000,3.141000,0
0.223000,1.141796,-0.111600,-0.000488,-0.006714,0.000000,-0.009399,-0.005615,0.005249,0.005737,-0.009155,-0.003662,263.872000,-18.194200,-37.169800,-0.041260,-0.004639,0.999023,-0.519409,0.854248,-0.017456,-0.853516,-0.519653,-0.037720,432.000000,509.722000,-20.020000,303.617000,3.116000,0.039000,3.141000,0
0.223000,1.142820,-0.111600,-0.000488,-0.006714,0.000000,-0.009399,-0.005615,0.005249,0.005737,-0.009155,-0.003662,263.872000,-18.194200,-37.169800,-0.041260,-0.004639,0.999023,-0.519409,0.854248,-0.017456,-0.853516,-0.519653,-0.037720,432.000000,509.722000,-20.020000,303.617000,3.116000,0.039000,3.141000,0
0.223000,1.143844,-0.111600,-0.000488,-0.006714,0.000000,-0.009399,-0.005615,0.005249,0.005737,-0.009155,-0.003662,263.872000,-18.194200,-37.169800,-0.041260,-0.004639,0.999023,-0.519409,0.854248,-0.017456,-0.853516,-0.519653,-0.037720,432.000000,509.722000,-20.020000,303.617000,3.116000,0.039000,3.141000,0
0.223000,1.144868,-0.111600,-0.000488,-0.006714,0.000000,-0.009399,-0.005615,0.005249,0.005737,-0.009155,-0.003662,263.872000,-18.194200,-37.169800,-0.041260,-0.004639,0.999023,-0.519409,0.854248,-0.017456,-0.853516,-0.519653,-0.037720,432.000000,509.722000,-20.020000,303.617000,3.116000,0.039000,3.141000,0
0.223000,1.145892,-0.111600,-0.000488,-0.006714,0.000000,-0.009399,-0.005615,0.005249,0.005737,-0.009155,-0.003662,263.872000,-18.194200,-37.169800,-0.041260,-0.004639,0.999023,-0.519409,0.854248,-0.017456,-0.853516,-0.519653,-0.037720,432.000000,509.722000,-20.020000,303.617000,3.116000,0.039000,3.141000,0
0.223000,1.146916,-0.111600,-0.000610,-0.006714,0.000000,-0.009399,-0.005615,0.005249,0.005737,-0.009155,-0.003662,263.872000,-18.194200,-37.169800,-0.041382,-0.004639,0.999023,-0.519409,0.854248,-0.017456,-0.853516,-0.519653,-0.037720,432.000000,509.722000,-20.020000,303.617000,3.116000,0.039000,3.141000,0
0.223000,1.147939,-0.111600,-0.000610,-0.006714,0.000000,-0.009399,-0.005615,0.005249,0.005737,-0.009155,-0.003662,263.872000,-18.194200,-37.169800,-0.041382,-0.004639,0.999023,-0.519409,0.854248,-0.017456,-0.853516,-0.519653,-0.037720,432.000000,509.722000,-20.020000,303.617000,3.116000,0.039000,3.141000,0
0.223000,1.148963,-0.111600,-0.000610,-0.006714,0.000000,-0.009399,-0.005615,0.005249,0.005737,-0.009155,-0.003662,263.872000,-18.194200,-37.169800,-0.041382,-0.004639,0.999023,-0.519409,0.854248,-0.017456,-0.853516,-0.519653,-0.037720,432.000000,509.722000,-20.020000,303.617000,3.116000,0.039000,3.141000,0
0.223000,1.149987,-0.111600,-0.000610,-0.006714,0.000000,-0.009399,-0.005615,0.005127,0.005737,-0.009155,-0.003662,263.872000,-18.194200,-37.169800,-0.041382,-0.004639,0.999023,-0.519409,0.854248,-0.017578,-0.853516,-0.519653,-0.037720,432.000000,509.722000,-20.020000,303.617000,3.116000,0.039000,3.141000,0
0.223000,1.151011,-0.111600,-0.000610,-0.006714,0.000000,-0.009399,-0.005615,0.005127,0.005737,-0.009155,-0.003662,263.872000,-18.194200,-37.169800,-0.041382,-0.004639,0.999023,-0.519409,0.854248,-0.017578,-0.853516,-0.519653,-0.037720,432.000000,509.722000,-20.020000,303.617000,3.116000,0.039000,3.141000,0
0.223000,1.152035,-0.111600,-0.000610,-0.006714,0.000000,-0.009399,-0.005615,0.005127,0.005737,-0.009277,-0.003662,263.872000,-18.194200,-37.169800,-0.041382,-0.004639,0.999023,-0.519409,0.854248,-0.017578,-0.853516,-0.519775,-0.037720,432.000000,509.722000,-20.020000,303.617000,3.116000,0.039000,3.141000,0
0.223000,1.153059,-0.111600,-0.000610,-0.006714,0.000000,-0.009399,-0.005615,0.005127,0.005737,-0.009277,-0.003662,263.872000,-18.194200,-37.169800,-0.041382,-0.004639,0.999023,-0.519409,0.854248,-0.017578,-0.853516,-0.519775,-0.037720,432.000000,509.722000,-20.020000,303.617000,3.116000,0.039000,3.141000,0
0.223000,1.154083,-0.111600,-0.000610,-0.006714,0.000000,-0.009521,-0.005615,0.005127,0.005737,-0.009277,-0.003662,263.872000,-18.194200,-37.169800,-0.041382,-0.004639,0.999023,-0.519531,0.854248,-0.017578,-0.853516,-0.519775,-0.037720,432.000000,509.722000,-20.020000,303.617000,3.116000,0.039000,3.141000,0
0.223000,1.155106,-0.111600,-0.000610,-0.006714,0.000000,-0.009521,-0.005615,0.005127,0.005737,-0.009277,-0.003662,263.872000,-18.194200,-37.169800,-0.041382,-0.004639,0.999023,-0.519531,0.854248,-0.017578,-0.853516,-0.519775,-0.037720,432.000000,509.722000,-20.020000,303.617000,3.116000,0.039000,3.141000,0
0.223000,1.156130,-0.111600,-0.000488,-0.006714,0.000000,-0.009521,-0.005615,0.005127,0.005737,-0.009277,-0.003662,263.872000,-18.194200,-37.169800,-0.041260,-0.004639,0.999023,-0.519531,0.854248,-0.017578,-0.853516,-0.519775,-0.037720,432.000000,509.722000,-20.020000,303.617000,3.116000,0.039000,3.141000,0
0.223000,1.157154,-0.111600,-0.000488,-0.006714,0.000000,-0.009521,-0.005615,0.005127,0.005737,-0.009277,-0.003662,263.872000,-18.194200,-37.169800,-0.041260,-0.004639,0.999023,-0.519531,0.854248,-0.017578,-0.853516,-0.519775,-0.037720,432.000000,509.722000,-20.020000,303.617000,3.116000,0.039000,3.141000,0
0.223000,1.158178,-0.111600,-0.000488,-0.006714,0.000000,-0.009521,-0.005615,0.005127,0.005737,-0.009277,-0.003540,263.872000,-18.194200,-37.169800,-0.041260,-0.004639,0.999023,-0.519531,0.854248,-0.017578,-0.853516,-0.519775,-0.037598,432.000000,509.722000,-20.020000,303.617000,3.116000,0.039000,3.141000,0
0.223000,1.159202,-0.111600,-0.000488,-0.006714,0.000000,-0.009521,-0.005615,0.005127,0.005737,-0.009399,-0.003540,263.872000,-18.194200,-37.169800,-0.041260,-0.004639,0.999023,-0.519531,0.854248,-0.017578,-0.853516,-0.519897,-0.037598,432.000000,509.722000,-20.020000,303.617000,3.116000,0.039000,3.141000,0
0.223000,1.160226,-0.111600,-0.000488,-0.006714,0.000000,-0.009521,-0.005737,0.005127,0.005737,-0.009399,-0.003540,263.872000,-18.194200,-37.169800,-0.041260,-0.004639,0.999023,-0.519531,0.854126,-0.017578,-0.853516,-0.519897,-0.037598,432.000000,509.722000,-20.020000,303.617000,3.116000,0.039000,3.141000,0
0.223000,1.161250,-0.111600,-0.000488,-0.006714,0.000000,-0.009521,-0.005737,0.005127,0.005737,-0.009399,-0.003540,263.872000,-18.194200,-37.169800,-0.041260,-0.004639,0.999023,-0.519531,0.854126,-0.017578,-0.853516,-0.519897,-0.037598,432.000000,509.722000,-20.020000,303.617000,3.116000,0.039000,3.141000,0
0.223000,1.162273,-0.111600,-0.000610,-0.006592,0.000000,-0.009277,-0.005493,0.005127,0.005615,-0.009155,-0.003662,263.872000,-18.194200,-37.169800,-0.041382,-0.004517,0.999023,-0.519287,0.854370,-0.017578,-0.853638,-0.519653,-0.037720,432.000000,509.722000,-20.020000,303.617000,3.116000,0.039000,3.141000,0
0.223000,1.163297,-0.111600,-0.000610,-0.006592,0.000000,-0.009277,-0.005493,0.005005,0.005615,-0.009155,-0.003662,263.872000,-18.194200,-37.169800,-0.041382,-0.004517,0.999023,-0.519287,0.854370,-0.017700,-0.853638,-0.519653,-0.037720,432.000000,509.722000,-20.020000,303.617000,3.116000,0.039000,3.141000,0
0.223000,1.164321,-0.111600,-0.000732,-0.006592,0.000000,-0.009399,-0.005493,0.005005,0.005615,-0.009155,-0.003784,263.872000,-18.194200,-37.169800,-0.041504,-0.004517,0.999023,-0.519409,0.854370,-0.017700,-0.853638,-0.519653,-0.037842,432.000000,509.724000,-20.020000,303.619000,3.116000,0.039000,3.141000,0
0.223000,1.165345,-0.111600,-0.000732,-0.006714,0.000000,-0.009399,-0.005615,0.005005,0.005737,-0.009155,-0.003784,263.872000,-18.194200,-37.169800,-0.041504,-0.004639,0.999023,-0.519409,0.854248,-0.017700,-0.853516,-0.519653,-0.037842,432.000000,509.729000,-20.020000,303.624000,3.116000,0.039000,3.141000,0
0.223000,1.166369,-0.111600,-0.000855,-0.006714,0.000000,-0.009399,-0.005615,0.005005,0.005737,-0.009277,-0.003784,263.872000,-18.194200,-37.169800,-0.041626,-0.004639,0.999023,-0.519409,0.854248,-0.017700,-0.853516,-0.519775,-0.037842,432.000000,509.738000,-20.021000,303.632000,3.116000,0.039000,3.141000,0
0.223000,1.167393,-0.111600,-0.000855,-0.006714,0.000000,-0.009521,-0.005615,0.005005,0.005737,-0.009277,-0.003784,263.872000,-18.194200,-37.169800,-0.041626,-0.004639,0.999023,-0.519531,0.854248,-0.017700,-0.853516,-0.519775,-0.037842,432.000000,509.743000,-20.020000,303.636000,3.116000,0.039000,3.141000,0
0.223000,1.168417,-0.111600,-0.000732,-0.006592,0.000000,-0.009521,-0.005615,0.005005,0.005737,-0.009277,-0.003784,263.872000,-18.194200,-37.169800,-0.041504,-0.004517,0.999023,-0.519531,0.854248,-0.017700,-0.853516,-0.519775,-0.037842,432.000000,509.762000,-20.021000,303.656000,3.116000,0.039000,3.141000,0
0.223000,1.169440,-0.111600,-0.000732,-0.006592,0.000000,-0.009521,-0.005615,0.005005,0.005737,-0.009277,-0.003784,263.872000,-18.194200,-37.169800,-0.041504,-0.004517,0.999023,-0.519531,0.854248,-0.017700,-0.853516,-0.519775,-0.037842,432.000000,509.785000,-20.021000,303.678000,3.116000,0.039000,3.141000,0
0.223000,1.170464,-0.111600,-0.000732,-0.006714,0.000000,-0.009521,-0.005615,0.005005,0.005737,-0.009277,-0.003784,263.872000,-18.194200,-37.169800,-0.041504,-0.004639,0.999023,-0.519531,0.854248,-0.017700,-0.853516,-0.519775,-0.037842,432.000000,509.801000,-20.021000,303.686000,3.116000,0.039000,3.141000,0
0.223000,1.171488,-0.111600,-0.000610,-0.006714,0.000000,-0.009643,-0.005737,0.005127,0.005859,-0.009399,-0.003662,263.872000,-18.194200,-37.169800,-0.041382,-0.004639,0.999023,-0.519653,0.854126,-0.017578,-0.853394,-0.519897,-0.037720,432.000000,509.803000,-20.021000,303.687000,3.116000,0.039000,3.141000,0
0.223000,1.172512,-0.111600,-0.000610,-0.006714,0.000000,-0.009643,-0.005737,0.005127,0.005859,-0.009399,-0.003662,263.872000,-18.194200,-37.169800,-0.041382,-0.004639,0.999023,-0.519653,0.854126,-0.017578,-0.853394,-0.519897,-0.037720,432.000000,509.831000,-20.021000,303.671000,3.116000,0.039000,3.141000,0
0.223000,1.173536,-0.111600,-0.000610,-0.006714,0.000000,-0.009643,-0.005737,0.005127,0.005859,-0.009399,-0.003662,263.872000,-18.194200,-37.169800,-0.041382,-0.004639,0.999023,-0.519653,0.854126,-0.017578,-0.853394,-0.519897,-0.037720,432.000000,509.875000,-20.021000,303.666000,3.116000,0.039000,3.141000,0
0.223000,1.174560,-0.111600,-0.000610,-0.006714,0.000000,-0.009643,-0.005737,0.005127,0.005859,-0.009399,-0.003662,263.872000,-18.194200,-37.169800,-0.041382,-0.004639,0.999023,-0.519653,0.854126,-0.017578,-0.853394,-0.519897,-0.037720,432.000000,509.920000,-20.023000,303.679000,3.116000,0.039000,3.141000,0
0.223000,1.175583,-0.111600,-0.000610,-0.006714,0.000000,-0.009643,-0.005737,0.005127,0.005859,-0.009399,-0.003662,263.872000,-18.194200,-37.169800,-0.041382,-0.004639,0.999023,-0.519653,0.854126,-0.017578,-0.853394,-0.519897,-0.037720,432.000000,509.970000,-20.019000,303.691000,3.116000,0.039000,3.141000,0
0.223000,1.176607,-0.111600,-0.000610,-0.006714,0.000000,-0.009643,-0.005737,0.005127,0.005859,-0.009399,-0.003662,263.872000,-18.194200,-37.169800,-0.041382,-0.004639,0.999023,-0.519653,0.854126,-0.017578,-0.853394,-0.519897,-0.037720,432.000000,510.019000,-20.017000,303.680000,3.116000,0.039000,3.141000,0
0.223000,1.177631,-0.111600,-0.000610,-0.006714,0.000000,-0.009643,-0.005737,0.005127,0.005859,-0.009399,-0.003784,263.872000,-18.194200,-37.169800,-0.041382,-0.004639,0.999023,-0.519653,0.854126,-0.017578,-0.853394,-0.519897,-0.037842,432.000000,510.036000,-20.016000,303.672000,3.116000,0.039000,3.141000,0
0.223000,1.178655,-0.111600,-0.000610,-0.006714,0.000000,-0.009643,-0.005737,0.005127,0.005859,-0.009399,-0.003784,263.872000,-18.194200,-37.169800,-0.041382,-0.004639,0.999023,-0.519653,0.854126,-0.017578,-0.853394,-0.519897,-0.037842,432.000000,510.072000,-20.017000,303.661000,3.116000,0.039000,3.141000,0
0.223000,1.179679,-0.111600,-0.000610,-0.006714,0.000000,-0.009643,-0.005737,0.005127,0.005859,-0.009399,-0.003784,263.872000,-18.194200,-37.169800,-0.041382,-0.004639,0.999023,-0.519653,0.854126,-0.017578,-0.853394,-0.519897,-0.037842,432.000000,510.097000,-20.018000,303.663000,3.116000,0.039000,3.141000,0
0.223000,1.180703,-0.111600,-0.000610,-0.006714,0.000000,-0.009643,-0.005737,0.005127,0.005859,-0.009399,-0.003784,263.872000,-18.194200,-37.169800,-0.041382,-0.004639,0.999023,-0.519653,0.854126,-0.017578,-0.853394,-0.519897,-0.037842,432.000000,510.125000,-20.019000,303.667000,3.116000,0.039000,3.141000,0
0.223000,1.181727,-0.111600,-0.000732,-0.006714,0.000000,-0.009521,-0.005737,0.005127,0.005859,-0.009399,-0.003784,263.872000,-18.194200,-37.169800,-0.041504,-0.004639,0.999023,-0.519531,0.854126,-0.017578,-0.853394,-0.519897,-0.037842,432.000000,510.154000,-20.021000,303.673000,3.116000,0.039000,3.141000,0
0.223000,1.182750,-0.111600,-0.000732,-0.006714,0.000000,-0.009521,-0.005615,0.005127,0.005737,-0.009399,-0.003784,263.872000,-18.194200,-37.169800,-0.041504,-0.004639,0.999023,-0.519531,0.854248,-0.017578,-0.853516,-0.519897,-0.037842,432.000000,510.203000,-20.023000,303.687000,3.116000,0.039000,3.141000,0
0.223000,1.183774,-0.111600,-0.000732,-0.006714,0.000000,-0.009521,-0.005615,0.005127,0.005737,-0.009277,-0.003784,263.872000,-18.194200,-37.169800,-0.041504,-0.004639,0.999023,-0.519531,0.854248,-0.017578,-0.853516,-0.519775,-0.037842,432.000000,510.235000,-20.024000,303.696000,3.116000,0.039000,3.141000,0
0.223000,1.184798,-0.111600,-0.000732,-0.006714,0.000000,-0.009521,-0.005615,0.005127,0.005737,-0.009277,-0.003784,263.872000,-18.194200,-37.169800,-0.041504,-0.004639,0.999023,-0.519531,0.854248,-0.017578,-0.853516,-0.519775,-0.037842,432.000000,510.276000,-20.023000,303.706000,3.116000,0.039000,3.141000,0
0.223000,1.185822,-0.111600,-0.000732,-0.006714,0.000000,-0.009521,-0.005615,0.005127,0.005737,-0.009277,-0.003784,263.872000,-18.194200,-37.169800,-0.041504,-0.004639,0.999023,-0.519531,0.854248,-0.017578,-0.853516,-0.519775,-0.037842,432.000000,510.332000,-20.022000,303.716000,3.116000,0.039000,3.141000,0
0.223000,1.186846,-0.111600,-0.000732,-0.006714,0.000000,-0.009521,-0.005615,0.005127,0.005737,-0.009277,-0.003784,263.872000,-18.194200,-37.169800,-0.041504,-0.004639,0.999023,-0.519531,0.854248,-0.017578,-0.853516,-0.519775,-0.037842,432.000000,510.384000,-20.023000,303.720000,3.116000,0.039000,3.141000,0
0.223000,1.187870,-0.111600,-0.000732,-0.006714,0.000000,-0.009521,-0.005615,0.005127,0.005737,-0.009277,-0.003784,263.872000,-18.194200,-37.169800,-0.041504,-0.004639,0.999023,-0.519531,0.854248,-0.017578,-0.853516,-0.519775,-0.037842,432.000000,510.421000,-20.023000,303.721000,3.116000,0.039000,3.141000,0
0.223000,1.188894,-0.111600,-0.000732,-0.006714,0.000000,-0.009521,-0.005615,0.005127,0.005737,-0.009277,-0.003784,263.872000,-18.194200,-37.169800,-0.041504,-0.004639,0.999023,-0.519531,0.854248,-0.017578,-0.853516,-0.519775,-0.037842,432.000000,510.465000,-20.024000,303.720000,3.116000,0.039000,3.141000,0
0.223000,1.189917,-0.111600,-0.000732,-0.006714,0.000000,-0.009399,-0.005615,0.005127,0.005737,-0.009277,-0.003784,263.872000,-18.194200,-37.169800,-0.041504,-0.004639,0.999023,-0.519409,0.854248,-0.017578,-0.853516,-0.519775,-0.037842,432.000000,510.514000,-20.024000,303.718000,3.116000,0.039000,3.141000,0
0.223000,1.190941,-0.111600,-0.000732,-0.006714,0.000000,-0.009399,-0.005615,0.005127,0.005737,-0.009155,-0.003784,263.872000,-18.194200,-37.169800,-0.041504,-0.004639,0.999023,-0.519409,0.854248,-0.017578,-0.853516,-0.519653,-0.037842,432.000000,510.582000,-20.023000,303.722000,3.116000,0.039000,3.141000,0
0.223000,1.191965,-0.111600,-0.000732,-0.006714,0.000000,-0.009399,-0.005615,0.005127,0.005737,-0.009155,-0.003784,263.872000,-18.194200,-37.169800,-0.041504,-0.004639,0.999023,-0.519409,0.854248,-0.017578,-0.853516,-0.519653,-0.037842,432.000000,510.654000,-20.021000,303.730000,3.116000,0.039000,3.141000,0
0.223000,1.192989,-0.111600,-0.000732,-0.006714,0.000000,-0.009399,-0.005615,0.005127,0.005737,-0.009155,-0.003784,263.872000,-18.194200,-37.169800,-0.041504,-0.004639,0.999023,-0.519409,0.854248,-0.017578,-0.853516,-0.519653,-0.037842,432.000000,510.703000,-20.020000,303.737000,3.116000,0.039000,3.141000,0
0.223000,1.194013,-0.111600,-0.000732,-0.006714,0.000000,-0.009399,-0.005493,0.005127,0.005615,-0.009155,-0.003784,263.872000,-18.194200,-37.169800,-0.041504,-0.004639,0.999023,-0.519409,0.854370,-0.017578,-0.853638,-0.519653,-0.037842,432.000000,510.757000,-20.019000,303.742000,3.116000,0.039000,3.141000,0
0.223000,1.195037,-0.111600,-0.000732,-0.006714,0.000000,-0.009277,-0.005493,0.005005,0.005615,-0.009033,-0.003784,263.872000,-18.194200,-37.169800,-0.041504,-0.004639,0.999023,-0.519287,0.854370,-0.017700,-0.853638,-0.519531,-0.037842,432.000000,510.818000,-20.020000,303.746000,3.116000,0.039000,3.141000,0
0.223000,1.196061,-0.111600,-0.000732,-0.006714,0.000000,-0.009277,-0.005493,0.005005,0.005615,-0.009033,-0.003784,263.872000,-18.194200,-37.169800,-0.041504,-0.004639,0.999023,-0.519287,0.854370,-0.017700,-0.853638,-0.519531,-0.037842,432.000000,510.961000,-20.022000,303.754000,3.116000,0.039000,3.141000,0
0.223000,1.197084,-0.111600,-0.000732,-0.006714,0.000000,-0.009277,-0.005493,0.005005,0.005615,-0.009033,-0.003784,263.872000,-18.194200,-37.169800,-0.041504,-0.004639,0.999023,-0.519287,0.854370,-0.017700,-0.853638,-0.519531,-0.037842,432.000000,511.035000,-20.021000,303.751000,3.116000,0.039000,3.141000,0
0.223000,1.198108,-0.111600,-0.000732,-0.006714,0.000000,-0.009277,-0.005493,0.005005,0.005615,-0.009033,-0.003784,263.872000,-18.194200,-37.169800,-0.041504,-0.004639,0.999023,-0.519287,0.854370,-0.017700,-0.853638,-0.519531,-0.037842,432.000000,511.108000,-20.020000,303.740000,3.116000,0.039000,3.141000,0
0.223000,1.199132,-0.111600,-0.000732,-0.006714,0.000000,-0.009277,-0.005493,0.005005,0.005615,-0.009155,-0.003784,263.872000,-18.194200,-37.169800,-0.041504,-0.004639,0.999023,-0.519287,0.854370,-0.017700,-0.853638,-0.519653,-0.037842,432.000000,511.192000,-20.019000,303.734000,3.116000,0.039000,3.141000,0
0.223000,1.200156,-0.111600,-0.000732,-0.006714,0.000000,-0.009277,-0.005493,0.005005,0.005615,-0.009155,-0.003784,263.872000,-18.194200,-37.169800,-0.041504,-0.004639,0.999023,-0.519287,0.854370,-0.017700,-0.853638,-0.519653,-0.037842,432.000000,511.283000,-20.018000,303.731000,3.116000,0.039000,3.141000,0
0.223000,1.201180,-0.111600,-0.000732,-0.006714,0.000000,-0.009277,-0.005493,0.005005,0.005615,-0.009155,-0.003784,263.872000,-18.194200,-37.169800,-0.041504,-0.004639,0.999023,-0.519287,0.854370,-0.017700,-0.853638,-0.519653,-0.037842,432.000000,511.388000,-20.016000,303.731000,3.116000,0.039000,3.141000,0
0.223000,1.202204,-0.111600,-0.000855,-0.006714,0.000000,-0.009399,-0.005493,0.005005,0.005615,-0.009155,-0.003906,263.872000,-18.194200,-37.169800,-0.041626,-0.004639,0.999023,-0.519409,0.854370,-0.017700,-0.853638,-0.519653,-0.037964,432.000000,511.477000,-20.016000,303.735000,3.116000,0.039000,3.141000,0
0.223000,1.203228,-0.111600,-0.000855,-0.006714,0.000000,-0.009399,-0.005615,0.005005,0.005737,-0.009155,-0.003906,263.872000,-18.194200,-37.169800,-0.041626,-0.004639,0.999023,-0.519409,0.854248,-0.017700,-0.853516,-0.519653,-0.037964,432.000000,511.584000,-20.016000,303.743000,3.116000,0.039000,3.141000,0
0.223000,1.204251,-0.111600,-0.000855,-0.006714,0.000000,-0.009399,-0.005615,0.005005,0.005737,-0.009155,-0.003906,263.872000,-18.194200,-37.169800,-0.041626,-0.004639,0.999023,-0.519409,0.854248,-0.017700,-0.853516,-0.519653,-0.037964,432.000000,511.662000,-20.015000,303.752000,3.116000,0.039000,3.141000,0
0.223000,1.205275,-0.111600,-0.000855,-0.006714,0.000000,-0.009399,-0.005615,0.005005,0.005737,-0.009155,-0.003906,263.872000,-18.194200,-37.169800,-0.041626,-0.004639,0.999023,-0.519409,0.854248,-0.017700,-0.853516,-0.519653,-0.037964,432.000000,511.744000,-20.014000,303.759000,3.116000,0.039000,3.141000,0
0.223000,1.206299,-0.111600,-0.000855,-0.006714,0.000000,-0.009399,-0.005615,0.005005,0.005737,-0.009155,-0.003906,263.872000,-18.194200,-37.169800,-0.041626,-0.004639,0.999023,-0.519409,0.854248,-0.017700,-0.853516,-0.519653,-0.037964,432.000000,511.826000,-20.014000,303.766000,3.116000,0.039000,3.141000,0
0.223000,1.207323,-0.111600,-0.000855,-0.006836,0.000000,-0.009399,-0.005615,0.005127,0.005737,-0.009277,-0.003906,263.872000,-18.194200,-37.169800,-0.041626,-0.004761,0.999023,-0.519409,0.854248,-0.017578,-0.853516,-0.519775,-0.037964,432.000000,511.924000,-20.013000,303.776000,3.116000,0.039000,3.141000,0
0.223000,1.208347,-0.111600,-0.000855,-0.006836,0.000000,-0.009399,-0.005615,0.005127,0.005737,-0.009277,-0.003906,263.872000,-18.194200,-37.169800,-0.041626,-0.004761,0.999023,-0.519409,0.854248,-0.017578,-0.853516,-0.519775,-0.037964,432.000000,512.005000,-20.013000,303.784000,3.116000,0.039000,3.141000,0
0.223000,1.209371,-0.111600,-0.000855,-0.006836,0.000000,-0.009521,-0.005615,0.005127,0.005737,-0.009277,-0.004028,263.872000,-18.194200,-37.169800,-0.041626,-0.004761,0.999023,-0.519531,0.854248,-0.017578,-0.853516,-0.519775,-0.038086,432.000000,512.107000,-20.013000,303.793000,3.116000,0.039000,3.141000,0
0.223000,1.210394,-0.111600,-0.000855,-0.006836,0.000000,-0.009521,-0.005615,0.005127,0.005737,-0.009277,-0.004028,263.872000,-18.194200,-37.169800,-0.041626,-0.004761,0.999023,-0.519531,0.854248,-0.017578,-0.853516,-0.519775,-0.038086,436.000000,512.224000,-20.014000,303.808000,3.116000,0.039000,3.141000,0
0.223000,1.211418,-0.111600,-0.000855,-0.006836,0.000000,-0.009521,-0.005615,0.005127,0.005737,-0.009277,-0.004028,263.872000,-18.194200,-37.169800,-0.041626,-0.004761,0.999023,-0.519531,0.854248,-0.017578,-0.853516,-0.519775,-0.038086,436.000000,512.351000,-20.016000,303.830000,3.116000,0.039000,3.141000,0
0.223000,1.212442,-0.111600,-0.000855,-0.006958,0.000000,-0.009521,-0.005615,0.005127,0.005737,-0.009277,-0.004028,263.872000,-18.194200,-37.169800,-0.041626,-0.004883,0.999023,-0.519531,0.854248,-0.017578,-0.853516,-0.519775,-0.038086,436.000000,512.484000,-20.018000,303.852000,3.116000,0.039000,3.141000,0
0.223000,1.213466,-0.111600,-0.000855,-0.006958,0.000000,-0.009521,-0.005615,0.005127,0.005737,-0.009277,-0.004028,263.872000,-18.194200,-37.169800,-0.041626,-0.004883,0.999023,-0.519531,0.854248,-0.017578,-0.853516,-0.519775,-0.038086,436.000000,512.637000,-20.020000,303.868000,3.116000,0.039000,3.141000,0
0.223000,1.214490,-0.111600,-0.000855,-0.006958,0.000000,-0.009521,-0.005615,0.005127,0.005737,-0.009277,-0.004028,263.872000,-18.194200,-37.169800,-0.041626,-0.004883,0.999023,-0.519531,0.854248,-0.017578,-0.853516,-0.519775,-0.038086,436.000000,512.762000,-20.022000,303.880000,3.116000,0.039000,3.141000,0
0.223000,1.215514,-0.111600,-0.000855,-0.006958,0.000000,-0.009521,-0.005615,0.005127,0.005737,-0.009277,-0.004028,263.872000,-18.194200,-37.169800,-0.041626,-0.004883,0.999023,-0.519531,0.854248,-0.017578,-0.853516,-0.519775,-0.038086,436.000000,512.901000,-20.023000,303.886000,3.116000,0.039000,3.141000,0
0.223000,1.216538,-0.111600,-0.000855,-0.006958,0.000000,-0.009521,-0.005615,0.005127,0.005859,-0.009277,-0.004028,263.872000,-18.194200,-37.169800,-0.041626,-0.004883,0.999023,-0.519531,0.854248,-0.017578,-0.853394,-0.519775,-0.038086,436.000000,513.034000,-20.024000,303.885000,3.116000,0.039000,3.141000,0
0.223000,1.217561,-0.111600,-0.000855,-0.006958,0.000000,-0.009521,-0.005737,0.005127,0.005859,-0.009399,-0.004028,263.872000,-18.194200,-37.169800,-0.041626,-0.004883,0.999023,-0.519531,0.854126,-0.017578,-0.853394,-0.519897,-0.038086,436.000000,513.182000,-20.025000,303.883000,3.116000,0.039000,3.141000,0
0.223000,1.218585,-0.111600,-0.000855,-0.006958,0.000000,-0.009521,-0.005737,0.005127,0.005859,-0.009399,-0.004028,263.872000,-18.194200,-37.169800,-0.041626,-0.004883,0.999023,-0.519531,0.854126,-0.017578,-0.853394,-0.519897,-0.038086,436.000000,513.301000,-20.026000,303.876000,3.116000,0.039000,3.141000,0
0.223000,1.219609,-0.111600,-0.000855,-0.006958,0.000000,-0.009643,-0.005737,0.005127,0.005859,-0.009399,-0.004028,263.872000,-18.194200,-37.169800,-0.041626,-0.004883,0.999023,-0.519653,0.854126,-0.017578,-0.853394,-0.519897,-0.038086,436.000000,513.458000,-20.028000,303.876000,3.116000,0.039000,3.141000,0
0.223000,1.220633,-0.111600,-0.000855,-0.006958,0.000000,-0.009643,-0.005737,0.005249,0.005859,-0.009399,-0.004028,263.872000,-18.194200,-37.169800,-0.041626,-0.004883,0.999023,-0.519653,0.854126,-0.017456,-0.853394,-0.519897,-0.038086,436.000000,513.600000,-20.030000,303.882000,3.116000,0.039000,3.141000,0
0.223000,1.221657,-0.111600,-0.000855,-0.006958,0.000000,-0.009643,-0.005737,0.005249,0.005859,-0.009399,-0.004028,263.872000,-18.194200,-37.169800,-0.041626,-0.004883,0.999023,-0.519653,0.854126,-0.017456,-0.853394,-0.519897,-0.038086,436.000000,513.765000,-20.032000,303.890000,3.116000,0.039000,3.141000,0
0.223000,1.222681,-0.111600,-0.000855,-0.006958,0.000000,-0.009765,-0.005737,0.005249,0.005859,-0.009522,-0.004028,263.872000,-18.194200,-37.169800,-0.041626,-0.004883,0.999023,-0.519775,0.854126,-0.017456,-0.853394,-0.520020,-0.038086,436.000000,513.937000,-20.035000,303.905000,3.116000,0.039000,3.141000,0
0.223000,1.223705,-0.111600,-0.000855,-0.006958,0.000000,-0.009765,-0.005737,0.005249,0.005859,-0.009522,-0.004028,263.872000,-18.194200,-37.169800,-0.041626,-0.004883,0.999023,-0.519775,0.854126,-0.017456,-0.853394,-0.520020,-0.038086,436.000000,514.126000,-20.040000,303.919000,3.116000,0.039000,3.141000,0
0.223000,1.224728,-0.111600,-0.000855,-0.007080,0.000000,-0.009765,-0.005859,0.005249,0.005982,-0.009522,-0.004028,263.872000,-18.194200,-37.169800,-0.041626,-0.005005,0.999023,-0.519775,0.854004,-0.017456,-0.853271,-0.520020,-0.038086,436.000000,514.282000,-20.043000,303.933000,3.116000,0.039000,3.141000,0
0.223000,1.225752,-0.111600,-0.000855,-0.007080,0.000000,-0.009887,-0.005859,0.005249,0.005982,-0.009644,-0.004028,263.872000,-18.194200,-37.169800,-0.041626,-0.005005,0.999023,-0.519897,0.854004,-0.017456,-0.853271,-0.520142,-0.038086,436.000000,514.477000,-20.045000,303.952000,3.116000,0.039000,3.141000,0
0.223000,1.226776,-0.111600,-0.000855,-0.007080,0.000000,-0.009887,-0.005859,0.005249,0.005982,-0.009644,-0.004028,263.872000,-18.194200,-37.169800,-0.041626,-0.005005,0.999023,-0.519897,0.854004,-0.017456,-0.853271,-0.520142,-0.038086,436.000000,514.637000,-20.045000,303.973000,3.116000,0.040000,3.141000,0
0.223000,1.227800,-0.111600,-0.000855,-0.007080,0.000000,-0.009887,-0.005859,0.005249,0.005982,-0.009644,-0.004150,263.872000,-18.082600,-37.169800,-0.041626,-0.005005,0.999023,-0.519897,0.854004,-0.017456,-0.853271,-0.520142,-0.038208,436.000000,514.801000,-20.044000,303.993000,3.116000,0.039000,3.141000,0
0.223000,1.233114,-0.111600,-0.000855,-0.007080,0.000000,-0.010010,-0.005859,0.005249,0.006104,-0.009766,-0.004150,263.872000,-18.082600,-37.169800,-0.041626,-0.005005,0.999023,-0.520020,0.854004,-0.017456,-0.853149,-0.520264,-0.038208,436.000000,514.961000,-20.043000,304.008000,3.116000,0.039000,3.141000,0
0.223000,1.238429,-0.111600,-0.000976,-0.007202,0.000000,-0.010010,-0.005981,0.005371,0.006104,-0.009766,-0.004150,263.872000,-18.082600,-37.169800,-0.041748,-0.005127,0.999023,-0.520020,0.853882,-0.017334,-0.853149,-0.520264,-0.038208,436.000000,515.131000,-20.042000,304.012000,3.116000,0.039000,3.141000,0
0.223000,1.243743,-0.111600,-0.000976,-0.007202,0.000000,-0.010010,-0.005981,0.005371,0.006104,-0.009888,-0.004272,263.872000,-18.082600,-37.169800,-0.041748,-0.005127,0.999023,-0.520020,0.853882,-0.017334,-0.853149,-0.520386,-0.038330,436.000000,515.311000,-20.042000,304.015000,3.116000,0.039000,3.141000,0
0.223000,1.249057,-0.111600,-0.000976,-0.007202,0.000000,-0.010132,-0.005981,0.005371,0.006104,-0.009888,-0.004272,263.872000,-18.082600,-37.169800,-0.041748,-0.005127,0.999023,-0.520142,0.853882,-0.017334,-0.853149,-0.520386,-0.038330,436.000000,515.532000,-20.043000,304.028000,3.116000,0.039000,3.141000,0
0.223000,1.254371,-0.111600,-0.001099,-0.007202,0.000000,-0.010132,-0.005981,0.005371,0.006226,-0.009888,-0.004395,263.872000,-18.082600,-37.169800,-0.041870,-0.005127,0.999023,-0.520142,0.853882,-0.017334,-0.853027,-0.520386,-0.038452,436.000000,515.728000,-20.045000,304.040000,3.116000,0.039000,3.141000,0
0.223000,1.259686,-0.111600,-0.001099,-0.007324,0.000000,-0.010254,-0.006103,0.005371,0.006226,-0.010010,-0.004395,263.872000,-18.082600,-37.169800,-0.041870,-0.005249,0.999023,-0.520264,0.853760,-0.017334,-0.853027,-0.520508,-0.038452,436.000000,515.968000,-20.048000,304.047000,3.116000,0.039000,3.141000,0
0.223000,1.265000,-0.111600,-0.001099,-0.007324,0.000000,-0.010254,-0.006103,0.005371,0.006226,-0.010010,-0.004395,263.872000,-18.082600,-37.169800,-0.041870,-0.005249,0.999023,-0.520264,0.853760,-0.017334,-0.853027,-0.520508,-0.038452,436.000000,516.157000,-20.051000,304.048000,3.116000,0.039000,3.141000,0
0.223000,1.270314,-0.111600,-0.001221,-0.007324,0.000000,-0.010254,-0.006103,0.005371,0.006226,-0.010010,-0.004517,263.872000,-18.082600,-37.169800,-0.041992,-0.005249,0.999023,-0.520264,0.853760,-0.017334,-0.853027,-0.520508,-0.038574,436.000000,516.366000,-20.053000,304.048000,3.116000,0.039000,3.141000,0
0.223000,1.275629,-0.111600,-0.001221,-0.007324,-0.000122,-0.010254,-0.006103,0.005371,0.006226,-0.010132,-0.004517,263.872000,-18.082600,-37.169800,-0.041992,-0.005249,0.998901,-0.520264,0.853760,-0.017334,-0.853027,-0.520630,-0.038574,436.000000,516.591000,-20.053000,304.055000,3.116000,0.039000,3.141000,0
0.223000,1.280943,-0.111600,-0.001221,-0.007324,-0.000122,-0.010376,-0.006103,0.005371,0.006348,-0.010132,-0.004517,263.872000,-18.082600,-37.169800,-0.041992,-0.005249,0.998901,-0.520386,0.853760,-0.017334,-0.852905,-0.520630,-0.038574,436.000000,516.845000,-20.053000,304.071000,3.116000,0.039000,3.141000,0
0.223000,1.286257,-0.111600,-0.001221,-0.007446,-0.000122,-0.010376,-0.006103,0.005371,0.006348,-0.010132,-0.004639,263.872000,-18.082600,-37.169800,-0.041992,-0.005371,0.998901,-0.520386,0.853760,-0.017334,-0.852905,-0.520630,-0.038696,436.000000,517.068000,-20.054000,304.092000,3.116000,0.039000,3.141000,0
0.223000,1.291571,-0.111600,-0.001343,-0.007446,-0.000122,-0.010376,-0.006103,0.005371,0.006348,-0.010132,-0.004639,263.872000,-18.082600,-37.169800,-0.042114,-0.005371,0.998901,-0.520386,0.853760,-0.017334,-0.852905,-0.520630,-0.038696,440.000000,517.324000,-20.055000,304.112000,3.116000,0.039000,3.141000,0
0.223000,1.296886,-0.111600,-0.001343,-0.007446,-0.000122,-0.010376,-0.006225,0.005371,0.006348,-0.010132,-0.004639,263.872000,-18.082600,-37.169800,-0.042114,-0.005371,0.998901,-0.520386,0.853638,-0.017334,-0.852905,-0.520630,-0.038696,440.000000,517.585000,-20.056000,304.138000,3.116000,0.039000,3.141000,0
0.223000,1.302200,-0.111600,-0.001343,-0.007446,-0.000122,-0.010376,-0.006225,0.005371,0.006348,-0.010132,-0.004761,263.872000,-18.082600,-37.169800,-0.042114,-0.005371,0.998901,-0.520386,0.853638,-0.017334,-0.852905,-0.520630,-0.038818,440.000000,517.845000,-20.058000,304.170000,3.116000,0.039000,3.141000,0
0.223000,1.307514,-0.111600,-0.001343,-0.007568,-0.000122,-0.010376,-0.006225,0.005371,0.006348,-0.010254,-0.004761,263.872000,-18.082600,-37.169800,-0.042114,-0.005493,0.998901,-0.520386,0.853638,-0.017334,-0.852905,-0.520752,-0.038818,440.000000,518.103000,-20.059000,304.200000,3.116000,0.040000,3.141000,0
0.223000,1.312829,-0.111600,-0.001465,-0.007568,-0.000122,-0.010498,-0.006225,0.005371,0.006348,-0.010254,-0.004883,263.872000,-18.082600,-37.169800,-0.042236,-0.005493,0.998901,-0.520508,0.853638,-0.017334,-0.852905,-0.520752,-0.038940,440.000000,518.388000,-20.062000,304.221000,3.116000,0.040000,3.141000,0
0.223000,1.318143,-0.111600,-0.001465,-0.007690,-0.000122,-0.010498,-0.006225,0.005371,0.006348,-0.010254,-0.004883,263.872000,-18.082600,-37.169800,-0.042236,-0.005615,0.998901,-0.520508,0.853638,-0.017334,-0.852905,-0.520752,-0.038940,440.000000,518.626000,-20.065000,304.228000,3.116000,0.040000,3.141000,0
0.223000,1.323457,-0.111600,-0.001587,-0.007690,-0.000122,-0.010498,-0.006225,0.005371,0.006470,-0.010254,-0.005005,263.872000,-18.082600,-37.169800,-0.042358,-0.005615,0.998901,-0.520508,0.853638,-0.017334,-0.852783,-0.520752,-0.039063,440.000000,518.885000,-20.067000,304.232000,3.116000,0.040000,3.141000,0
