Dif_X,Dif_Y,Dif_Z,Dif_X1,Dif_X2,Dif_X3,Dif_Y1,Dif_Y2,Dif_Y3,Dif_Z1,Dif_Z2,Dif_Z3,NDI_X,NDI_Y,NDI_Z,NDI_Rot_X1,NDI_Rot_X2,NDI_Rot_X3,NDI_Rot_Y1,NDI_Rot_Y2,NDI_Rot_Y3,NDI_Rot_Z1,NDI_Rot_Z2,NDI_Rot_Z3,NDI_Quality,Kuka_X,Kuka_Y,Kuka_Z,Kuka_A,Kuka_B,Kuka_C,Kuka_TSL
0.223000,1.451100,0.334900,-0.004272,-0.008545,-0.000244,-0.012574,-0.007446,0.004639,0.007813,-0.012329,-0.007934,263.426000,-29.244700,-37.058200,-0.044922,-0.007568,0.998779,-0.523682,0.851685,-0.017090,-0.850708,-0.523926,-0.042236,496.000000,509.701000,-20.019000,303.629000,3.116000,0.039000,3.141000,0
0.223000,1.454116,0.334900,-0.004272,-0.008545,-0.000244,-0.012574,-0.007446,0.004639,0.007691,-0.012329,-0.007934,263.426000,-29.244700,-37.058200,-0.044922,-0.007568,0.998779,-0.523682,0.851685,-0.017090,-0.850830,-0.523926,-0.042236,496.000000,509.701000,-20.019000,303.629000,3.116000,0.039000,3.141000,0
0.223000,1.457132,0.334900,-0.004272,-0.008545,-0.000244,-0.012574,-0.007446,0.004639,0.007691,-0.012329,-0.007934,263.426000,-29.244700,-37.058200,-0.044922,-0.007568,0.998779,-0.523682,0.851685,-0.017090,-0.850830,-0.523926,-0.042236,496.000000,509.701000,-20.019000,303.629000,3.116000,0.039000,3.141000,0
0.223000,1.460149,0.334900,-0.004272,-0.008545,-0.000244,-0.012574,-0.007446,0.004639,0.007691,-0.012329,-0.007934,263.426000,-29.244700,-37.058200,-0.044922,-0.007568,0.998779,-0.523682,0.851685,-0.017090,-0.850830,-0.523926,-0.042236,496.000000,509.701000,-20.019000,303.629000,3.116000,0.039000,3.141000,0
0.223000,1.463165,0.334900,-0.004272,-0.008545,-0.000244,-0.012574,-0.007446,0.004639,0.007691,-0.012329,-0.007934,263.426000,-29.244700,-37.058200,-0.044922,-0.007568,0.998779,-0.523682,0.851685,-0.017090,-0.850830,-0.523926,-0.042236,496.000000,509.701000,-20.019000,303.629000,3.116000,0.039000,3.141000,0
0.223000,1.466181,0.334900,-0.004272,-0.008545,-0.000244,-0.012574,-0.007446,0.004639,0.007813,-0.012329,-0.007934,263.426000,-29.244700,-37.058200,-0.044922,-0.007568,0.998779,-0.523682,0.851685,-0.017090,-0.850708,-0.523926,-0.042236,496.000000,509.701000,-20.019000,303.629000,3.116000,0.039000,3.141000,0
0.223000,1.469197,0.334900,-0.004272,-0.008545,-0.000244,-0.012574,-0.007446,0.004639,0.007813,-0.012329,-0.007934,263.426000,-29.244700,-37.058200,-0.044922,-0.007568,0.998779,-0.523682,0.851685,-0.017090,-0.850708,-0.523926,-0.042236,496.000000,509.701000,-20.019000,303.629000,3.116000,0.039000,3.141000,0
0.223000,1.472214,0.334900,-0.004272,-0.008545,-0.000244,-0.012574,-0.007446,0.004639,0.007813,-0.012329,-0.007934,263.426000,-29.244700,-37.058200,-0.044922,-0.007568,0.998779,-0.523682,0.851685,-0.017090,-0.850708,-0.523926,-0.042236,496.000000,509.701000,-20.019000,303.629000,3.116000,0.039000,3.141000,0
0.223000,1.475230,0.334900,-0.004272,-0.008545,-0.000244,-0.012574,-0.007446,0.004639,0.007813,-0.012329,-0.007934,263.426000,-29.244700,-37.058200,-0.044922,-0.007568,0.998779,-0.523682,0.851685,-0.017090,-0.850708,-0.523926,-0.042236,496.000000,509.701000,-20.019000,303.629000,3.116000,0.039000,3.141000,0
0.223000,1.478246,0.334900,-0.004272,-0.008545,-0.000244,-0.012574,-0.007446,0.004639,0.007813,-0.012329,-0.007934,263.426000,-29.244700,-37.058200,-0.044922,-0.007568,0.998779,-0.523682,0.851685,-0.017090,-0.850708,-0.523926,-0.042236,496.000000,509.701000,-20.019000,303.629000,3.116000,0.039000,3.141000,0
0.223000,1.481262,0.334900,-0.004272,-0.008545,-0.000244,-0.012574,-0.007446,0.004639,0.007813,-0.012329,-0.007934,263.426000,-29.244700,-37.058200,-0.044922,-0.007568,0.998779,-0.523682,0.851685,-0.017090,-0.850708,-0.523926,-0.042236,492.000000,509.701000,-20.019000,303.629000,3.116000,0.039000,3.141000,0
0.223000,1.484278,0.334900,-0.004272,-0.008545,-0.000244,-0.012574,-0.007446,0.004639,0.007813,-0.012329,-0.007813,263.426000,-29.244700,-37.058200,-0.044922,-0.007568,0.998779,-0.523682,0.851685,-0.017090,-0.850708,-0.523926,-0.042114,492.000000,509.701000,-20.019000,303.629000,3.116000,0.039000,3.141000,0
0.223000,1.487295,0.334900,-0.004272,-0.008545,-0.000244,-0.012574,-0.007446,0.004639,0.007813,-0.012329,-0.007813,263.426000,-29.244700,-37.058200,-0.044922,-0.007568,0.998779,-0.523682,0.851685,-0.017090,-0.850708,-0.523926,-0.042114,492.000000,509.701000,-20.019000,303.629000,3.116000,0.039000,3.141000,0
0.223000,1.490311,0.334900,-0.004272,-0.008545,-0.000244,-0.012574,-0.007446,0.004639,0.007813,-0.012329,-0.007813,263.426000,-29.244700,-37.058200,-0.044922,-0.007568,0.998779,-0.523682,0.851685,-0.017090,-0.850708,-0.523926,-0.042114,492.000000,509.701000,-20.019000,303.629000,3.116000,0.039000,3.141000,0
0.223000,1.493327,0.334900,-0.004272,-0.008545,-0.000244,-0.012574,-0.007446,0.004639,0.007813,-0.012329,-0.007934,263.426000,-29.244700,-37.058200,-0.044922,-0.007568,0.998779,-0.523682,0.851685,-0.017090,-0.850708,-0.523926,-0.042236,492.000000,509.701000,-20.019000,303.629000,3.116000,0.039000,3.141000,0
0.111000,1.496343,0.334900,-0.004272,-0.008545,-0.000244,-0.012574,-0.007446,0.004639,0.007813,-0.012329,-0.007934,263.314000,-29.244700,-37.058200,-0.044922,-0.007568,0.998779,-0.523682,0.851685,-0.017090,-0.850708,-0.523926,-0.042236,492.000000,509.701000,-20.019000,303.629000,3.116000,0.039000,3.141000,0
0.111000,1.499359,0.334900,-0.004272,-0.008545,-0.000244,-0.012574,-0.007446,0.004639,0.007813,-0.012329,-0.007934,263.314000,-29.244700,-37.058200,-0.044922,-0.007568,0.998779,-0.523682,0.851685,-0.017090,-0.850708,-0.523926,-0.042236,492.000000,509.701000,-20.019000,303.629000,3.116000,0.039000,3.141000,0
0.111000,1.502376,0.334900,-0.004272,-0.008545,-0.000244,-0.012574,-0.007446,0.004639,0.007813,-0.012329,-0.007934,263.314000,-29.244700,-37.058200,-0.044922,-0.007568,0.998779,-0.523682,0.851685,-0.017090,-0.850708,-0.523926,-0.042236,492.000000,509.701000,-20.019000,303.629000,3.116000,0.039000,3.141000,0
0.111000,1.505392,0.334900,-0.004272,-0.008545,-0.000244,-0.012574,-0.007446,0.004639,0.007813,-0.012329,-0.007934,263.314000,-29.244700,-37.058200,-0.044922,-0.007568,0.998779,-0.523682,0.851685,-0.017090,-0.850708,-0.523926,-0.042236,492.000000,509.701000,-20.019000,303.629000,3.116000,0.039000,3.141000,0
0.111000,1.508408,0.334900,-0.004272,-0.008545,-0.000244,-0.012574,-0.007446,0.004639,0.007813,-0.012329,-0.007934,263.314000,-29.244700,-37.058200,-0.044922,-0.007568,0.998779,-0.523682,0.851685,-0.017090,-0.850708,-0.523926,-0.042236,492.000000,509.701000,-20.019000,303.629000,3.116000,0.039000,3.141000,0
0.111000,1.511424,0.334900,-0.004272,-0.008545,-0.000244,-0.012574,-0.007446,0.004639,0.007813,-0.012329,-0.007934,263.314000,-29.244700,-37.058200,-0.044922,-0.007568,0.998779,-0.523682,0.851685,-0.017090,-0.850708,-0.523926,-0.042236,492.000000,509.701000,-20.019000,303.629000,3.116000,0.039000,3.141000,0
0.111000,1.514441,0.334900,-0.004272,-0.008545,-0.000244,-0.012574,-0.007446,0.004639,0.007813,-0.012329,-0.007934,263.314000,-29.244700,-37.058200,-0.044922,-0.007568,0.998779,-0.523682,0.851685,-0.017090,-0.850708,-0.523926,-0.042236,492.000000,509.701000,-20.019000,303.629000,3.116000,0.039000,3.141000,0
0.111000,1.517457,0.334900,-0.004272,-0.008545,-0.000244,-0.012696,-0.007446,0.004639,0.007813,-0.012329,-0.007813,263.314000,-29.244700,-37.058200,-0.044922,-0.007568,0.998779,-0.523804,0.851685,-0.017090,-0.850708,-0.523926,-0.042114,492.000000,509.701000,-20.019000,303.629000,3.116000,0.039000,3.141000,0
0.223000,1.520473,0.334900,-0.004272,-0.008545,-0.000244,-0.012696,-0.007446,0.004639,0.007813,-0.012451,-0.007813,263.426000,-29.244700,-37.058200,-0.044922,-0.007568,0.998779,-0.523804,0.851685,-0.017090,-0.850708,-0.524048,-0.042114,492.000000,509.701000,-20.019000,303.629000,3.116000,0.039000,3.141000,0
0.223000,1.523489,0.334900,-0.004272,-0.008545,-0.000244,-0.012696,-0.007568,0.004639,0.007813,-0.012451,-0.007813,263.426000,-29.244700,-37.058200,-0.044922,-0.007568,0.998779,-0.523804,0.851563,-0.017090,-0.850708,-0.524048,-0.042114,492.000000,509.701000,-20.019000,303.629000,3.116000,0.039000,3.141000,0
0.223000,1.526505,0.334900,-0.004272,-0.008545,-0.000244,-0.012696,-0.007568,0.004639,0.007813,-0.012451,-0.007813,263.426000,-29.244700,-37.058200,-0.044922,-0.007568,0.998779,-0.523804,0.851563,-0.017090,-0.850708,-0.524048,-0.042114,492.000000,509.701000,-20.019000,303.629000,3.116000,0.039000,3.141000,0
0.223000,1.529522,0.334900,-0.004272,-0.008545,-0.000244,-0.012696,-0.007568,0.004639,0.007813,-0.012451,-0.007934,263.426000,-29.244700,-37.058200,-0.044922,-0.007568,0.998779,-0.523804,0.851563,-0.017090,-0.850708,-0.524048,-0.042236,492.000000,509.701000,-20.019000,303.629000,3.116000,0.039000,3.141000,0
0.223000,1.532538,0.334900,-0.004272,-0.008545,-0.000244,-0.012696,-0.007568,0.004639,0.007813,-0.012451,-0.007934,263.426000,-29.244700,-37.058200,-0.044922,-0.007568,0.998779,-0.523804,0.851563,-0.017090,-0.850708,-0.524048,-0.042236,492.000000,509.701000,-20.019000,303.629000,3.116000,0.039000,3.141000,0
0.223000,1.535554,0.334900,-0.004272,-0.008545,-0.000244,-0.012696,-0.007568,0.004517,0.007813,-0.012451,-0.007934,263.426000,-29.244700,-37.058200,-0.044922,-0.007568,0.998779,-0.523804,0.851563,-0.017212,-0.850708,-0.524048,-0.042236,488.000000,509.701000,-20.019000,303.629000,3.116000,0.039000,3.141000,0
0.223000,1.538570,0.334900,-0.004272,-0.008545,-0.000244,-0.012696,-0.007568,0.004517,0.007813,-0.012451,-0.007934,263.426000,-29.244700,-37.058200,-0.044922,-0.007568,0.998779,-0.523804,0.851563,-0.017212,-0.850708,-0.524048,-0.042236,488.000000,509.701000,-20.019000,303.629000,3.116000,0.039000,3.141000,0
0.223000,1.541586,0.334900,-0.004272,-0.008545,-0.000244,-0.012696,-0.007568,0.004517,0.007813,-0.012451,-0.007934,263.426000,-29.244700,-37.058200,-0.044922,-0.007568,0.998779,-0.523804,0.851563,-0.017212,-0.850708,-0.524048,-0.042236,488.000000,509.701000,-20.019000,303.629000,3.116000,0.039000,3.141000,0
0.223000,1.544603,0.334900,-0.004272,-0.008545,-0.000244,-0.012696,-0.007568,0.004517,0.007813,-0.012451,-0.007934,263.426000,-29.244700,-37.058200,-0.044922,-0.007568,0.998779,-0.523804,0.851563,-0.017212,-0.850708,-0.524048,-0.042236,488.000000,509.701000,-20.019000,303.629000,3.116000,0.039000,3.141000,0
0.223000,1.547619,0.334900,-0.004272,-0.008545,-0.000244,-0.012696,-0.007568,0.004517,0.007813,-0.012451,-0.007934,263.426000,-29.244700,-37.058200,-0.044922,-0.007568,0.998779,-0.523804,0.851563,-0.017212,-0.850708,-0.524048,-0.042236,488.000000,509.701000,-20.019000,303.629000,3.116000,0.039000,3.141000,0
0.223000,1.550635,0.334900,-0.004272,-0.008545,-0.000244,-0.012696,-0.007568,0.004517,0.007813,-0.012451,-0.007934,263.426000,-29.244700,-37.058200,-0.044922,-0.007568,0.998779,-0.523804,0.851563,-0.017212,-0.850708,-0.524048,-0.042236,488.000000,509.701000,-20.019000,303.629000,3.116000,0.039000,3.141000,0
0.223000,1.553651,0.334900,-0.004394,-0.008545,-0.000244,-0.012696,-0.007568,0.004517,0.007813,-0.012451,-0.007934,263.426000,-29.244700,-37.058200,-0.045044,-0.007568,0.998779,-0.523804,0.851563,-0.017212,-0.850708,-0.524048,-0.042236,488.000000,509.701000,-20.019000,303.629000,3.116000,0.039000,3.141000,0
0.223000,1.556668,0.334900,-0.004394,-0.008545,-0.000244,-0.012696,-0.007568,0.004517,0.007813,-0.012451,-0.007934,263.426000,-29.244700,-37.058200,-0.045044,-0.007568,0.998779,-0.523804,0.851563,-0.017212,-0.850708,-0.524048,-0.042236,488.000000,509.697000,-20.019000,303.606000,3.116000,0.039000,3.141000,0
0.223000,1.559684,0.334900,-0.004394,-0.008545,-0.000244,-0.012696,-0.007568,0.004517,0.007813,-0.012451,-0.007934,263.426000,-29.244700,-37.058200,-0.045044,-0.007568,0.998779,-0.523804,0.851563,-0.017212,-0.850708,-0.524048,-0.042236,488.000000,509.697000,-20.021000,303.606000,3.116000,0.039000,3.141000,0
0.223000,1.562700,0.334900,-0.004394,-0.008667,-0.000244,-0.012940,-0.007691,0.004639,0.007935,-0.012695,-0.008057,263.426000,-29.133100,-37.058200,-0.045044,-0.007690,0.998779,-0.524048,0.851440,-0.017090,-0.850586,-0.524292,-0.042358,492.000000,509.710000,-20.017000,303.633000,3.116000,0.039000,3.141000,0
0.223000,1.554729,0.334900,-0.004394,-0.008667,-0.000244,-0.012940,-0.007691,0.004639,0.008057,-0.012695,-0.008057,263.426000,-29.133100,-37.058200,-0.045044,-0.007690,0.998779,-0.524048,0.851440,-0.017090,-0.850464,-0.524292,-0.042358,492.000000,509.710000,-20.017000,303.633000,3.116000,0.039000,3.141000,0
0.223000,1.546757,0.334900,-0.004394,-0.008667,-0.000244,-0.012940,-0.007691,0.004639,0.008057,-0.012695,-0.008057,263.426000,-29.133100,-37.058200,-0.045044,-0.007690,0.998779,-0.524048,0.851440,-0.017090,-0.850464,-0.524292,-0.042358,492.000000,509.710000,-20.017000,303.633000,3.116000,0.039000,3.141000,0
0.223000,1.538786,0.334900,-0.004394,-0.008667,-0.000244,-0.012940,-0.007691,0.004639,0.008057,-0.012695,-0.008057,263.426000,-29.133100,-37.058200,-0.045044,-0.007690,0.998779,-0.524048,0.851440,-0.017090,-0.850464,-0.524292,-0.042358,492.000000,509.710000,-20.017000,303.634000,3.116000,0.039000,3.141000,0
0.223000,1.530814,0.334900,-0.004394,-0.008667,-0.000244,-0.012940,-0.007691,0.004639,0.007935,-0.012695,-0.008057,263.426000,-29.133100,-37.058200,-0.045044,-0.007690,0.998779,-0.524048,0.851440,-0.017090,-0.850586,-0.524292,-0.042358,492.000000,509.711000,-20.017000,303.636000,3.116000,0.039000,3.141000,0
0.223000,1.522843,0.334900,-0.004394,-0.008667,-0.000244,-0.012940,-0.007691,0.004639,0.007935,-0.012573,-0.008057,263.426000,-29.133100,-37.058200,-0.045044,-0.007690,0.998779,-0.524048,0.851440,-0.017090,-0.850586,-0.524170,-0.042358,492.000000,509.711000,-20.017000,303.636000,3.116000,0.039000,3.141000,0
0.223000,1.514871,0.334900,-0.004394,-0.008667,-0.000244,-0.012818,-0.007568,0.004639,0.007935,-0.012573,-0.008057,263.426000,-29.133100,-37.058200,-0.045044,-0.007690,0.998779,-0.523926,0.851563,-0.017090,-0.850586,-0.524170,-0.042358,492.000000,509.712000,-20.017000,303.637000,3.116000,0.039000,3.141000,0
0.223000,1.506900,0.334900,-0.004394,-0.008667,-0.000244,-0.012818,-0.007568,0.004639,0.007935,-0.012573,-0.008057,263.426000,-29.133100,-37.058200,-0.045044,-0.007690,0.998779,-0.523926,0.851563,-0.017090,-0.850586,-0.524170,-0.042358,492.000000,509.713000,-20.017000,303.637000,3.116000,0.039000,3.141000,0
0.223000,1.498929,0.334900,-0.004394,-0.008545,-0.000244,-0.012818,-0.007568,0.004639,0.007935,-0.012573,-0.007934,263.426000,-29.133100,-37.058200,-0.045044,-0.007568,0.998779,-0.523926,0.851563,-0.017090,-0.850586,-0.524170,-0.042236,492.000000,509.713000,-20.017000,303.637000,3.116000,0.039000,3.141000,0
0.223000,1.490957,0.334900,-0.004394,-0.008545,-0.000244,-0.012818,-0.007568,0.004639,0.007935,-0.012573,-0.008057,263.426000,-29.133100,-37.058200,-0.045044,-0.007568,0.998779,-0.523926,0.851563,-0.017090,-0.850586,-0.524170,-0.042358,492.000000,509.713000,-20.017000,303.637000,3.116000,0.039000,3.141000,0
0.223000,1.482986,0.334900,-0.004394,-0.008545,-0.000244,-0.012818,-0.007568,0.004517,0.007935,-0.012573,-0.008057,263.426000,-29.133100,-37.058200,-0.045044,-0.007568,0.998779,-0.523926,0.851563,-0.017212,-0.850586,-0.524170,-0.042358,492.000000,509.715000,-20.017000,303.640000,3.116000,0.039000,3.141000,0
0.223000,1.475014,0.334900,-0.004394,-0.008545,-0.000244,-0.012818,-0.007568,0.004517,0.007935,-0.012573,-0.008057,263.426000,-29.133100,-37.058200,-0.045044,-0.007568,0.998779,-0.523926,0.851563,-0.017212,-0.850586,-0.524170,-0.042358,492.000000,509.717000,-20.017000,303.641000,3.116000,0.039000,3.141000,0
0.223000,1.467043,0.334900,-0.004394,-0.008545,-0.000244,-0.012818,-0.007568,0.004517,0.007935,-0.012451,-0.008057,263.426000,-29.133100,-37.058200,-0.045044,-0.007568,0.998779,-0.523926,0.851563,-0.017212,-0.850586,-0.524048,-0.042358,492.000000,509.719000,-20.018000,303.642000,3.116000,0.039000,3.141000,0
0.223000,1.459071,0.334900,-0.004394,-0.008545,-0.000244,-0.012696,-0.007568,0.004517,0.007935,-0.012451,-0.008057,263.426000,-29.133100,-37.058200,-0.045044,-0.007568,0.998779,-0.523804,0.851563,-0.017212,-0.850586,-0.524048,-0.042358,492.000000,509.720000,-20.018000,303.643000,3.116000,0.039000,3.141000,0
0.223000,1.451100,0.334900,-0.004394,-0.008545,-0.000244,-0.012696,-0.007568,0.004517,0.007813,-0.012451,-0.007934,263.426000,-29.244700,-37.058200,-0.045044,-0.007568,0.998779,-0.523804,0.851563,-0.017212,-0.850708,-0.524048,-0.042236,492.000000,509.723000,-20.018000,303.645000,3.116000,0.039000,3.141000,0
0.223000,1.453636,0.334900,-0.004394,-0.008545,-0.000244,-0.012696,-0.007568,0.004639,0.007813,-0.012451,-0.007934,263.426000,-29.244700,-37.058200,-0.045044,-0.007568,0.998779,-0.523804,0.851563,-0.017090,-0.850708,-0.524048,-0.042236,492.000000,509.726000,-20.018000,303.648000,3.116000,0.039000,3.141000,0
0.223000,1.456173,0.334900,-0.004394,-0.008545,-0.000244,-0.012696,-0.007568,0.004639,0.007813,-0.012451,-0.007934,263.426000,-29.244700,-37.058200,-0.045044,-0.007568,0.998779,-0.523804,0.851563,-0.017090,-0.850708,-0.524048,-0.042236,492.000000,509.731000,-20.018000,303.652000,3.116000,0.039000,3.141000,0
0.223000,1.458709,0.334900,-0.004394,-0.008545,-0.000244,-0.012696,-0.007568,0.004639,0.007813,-0.012451,-0.008057,263.426000,-29.244700,-37.058200,-0.045044,-0.007568,0.998779,-0.523804,0.851563,-0.017090,-0.850708,-0.524048,-0.042358,492.000000,509.755000,-20.020000,303.668000,3.116000,0.039000,3.141000,0
0.223000,1.461245,0.334900,-0.004394,-0.008545,-0.000244,-0.012696,-0.007568,0.004517,0.007813,-0.012451,-0.008057,263.426000,-29.244700,-37.058200,-0.045044,-0.007568,0.998779,-0.523804,0.851563,-0.017212,-0.850708,-0.524048,-0.042358,492.000000,509.785000,-20.021000,303.679000,3.116000,0.039000,3.141000,0
0.223000,1.463782,0.334900,-0.004394,-0.008545,-0.000244,-0.012696,-0.007568,0.004517,0.007813,-0.012451,-0.008057,263.426000,-29.244700,-37.058200,-0.045044,-0.007568,0.998779,-0.523804,0.851563,-0.017212,-0.850708,-0.524048,-0.042358,492.000000,509.818000,-20.023000,303.680000,3.116000,0.039000,3.141000,0
0.223000,1.466318,0.334900,-0.004394,-0.008545,-0.000244,-0.012696,-0.007568,0.004517,0.007813,-0.012451,-0.008057,263.426000,-29.244700,-37.058200,-0.045044,-0.007568,0.998779,-0.523804,0.851563,-0.017212,-0.850708,-0.524048,-0.042358,492.000000,509.849000,-20.025000,303.667000,3.116000,0.039000,3.141000,0
0.223000,1.468855,0.334900,-0.004517,-0.008545,-0.000244,-0.012696,-0.007568,0.004517,0.007935,-0.012451,-0.008057,263.426000,-29.244700,-37.058200,-0.045166,-0.007568,0.998779,-0.523804,0.851563,-0.017212,-0.850586,-0.524048,-0.042358,492.000000,509.863000,-20.026000,303.660000,3.116000,0.039000,3.141000,0
0.223000,1.471391,0.446500,-0.004517,-0.008545,-0.000244,-0.012696,-0.007568,0.004517,0.007935,-0.012451,-0.008179,263.426000,-29.244700,-36.946600,-0.045166,-0.007568,0.998779,-0.523804,0.851563,-0.017212,-0.850586,-0.524048,-0.042480,492.000000,509.907000,-20.028000,303.660000,3.116000,0.039000,3.141000,0
0.223000,1.473927,0.446500,-0.004517,-0.008545,-0.000244,-0.012818,-0.007568,0.004517,0.007935,-0.012451,-0.008179,263.426000,-29.244700,-36.946600,-0.045166,-0.007568,0.998779,-0.523926,0.851563,-0.017212,-0.850586,-0.524048,-0.042480,492.000000,509.924000,-20.029000,303.663000,3.116000,0.039000,3.141000,0
0.223000,1.476464,0.446500,-0.004517,-0.008545,-0.000244,-0.012818,-0.007568,0.004517,0.007935,-0.012451,-0.008179,263.426000,-29.244700,-36.946600,-0.045166,-0.007568,0.998779,-0.523926,0.851563,-0.017212,-0.850586,-0.524048,-0.042480,492.000000,509.953000,-20.030000,303.668000,3.116000,0.039000,3.141000,0
0.223000,1.479000,0.446500,-0.004517,-0.008667,-0.000244,-0.012696,-0.007568,0.004517,0.007935,-0.012451,-0.008179,263.426000,-29.244700,-36.946600,-0.045166,-0.007690,0.998779,-0.523804,0.851563,-0.017212,-0.850586,-0.524048,-0.042480,492.000000,509.982000,-20.031000,303.674000,3.116000,0.039000,3.141000,0
0.223000,1.481536,0.446500,-0.004517,-0.008667,-0.000244,-0.012696,-0.007568,0.004517,0.007935,-0.012451,-0.008179,263.426000,-29.244700,-36.946600,-0.045166,-0.007690,0.998779,-0.523804,0.851563,-0.017212,-0.850586,-0.524048,-0.042480,492.000000,510.004000,-20.030000,303.675000,3.116000,0.039000,3.141000,0
0.223000,1.484073,0.446500,-0.004517,-0.008667,-0.000244,-0.012696,-0.007568,0.004517,0.007935,-0.012451,-0.008179,263.426000,-29.244700,-36.946600,-0.045166,-0.007690,0.998779,-0.523804,0.851563,-0.017212,-0.850586,-0.524048,-0.042480,492.000000,510.010000,-20.029000,303.675000,3.116000,0.039000,3.141000,0
0.223000,1.486609,0.446500,-0.004517,-0.008667,-0.000244,-0.012696,-0.007568,0.004517,0.007935,-0.012451,-0.008179,263.426000,-29.244700,-36.946600,-0.045166,-0.007690,0.998779,-0.523804,0.851563,-0.017212,-0.850586,-0.524048,-0.042480,492.000000,510.042000,-20.026000,303.674000,3.116000,0.039000,3.141000,0
0.223000,1.489145,0.446500,-0.004517,-0.008667,-0.000244,-0.012818,-0.007568,0.004517,0.007935,-0.012451,-0.008179,263.426000,-29.244700,-36.946600,-0.045166,-0.007690,0.998779,-0.523926,0.851563,-0.017212,-0.850586,-0.524048,-0.042480,492.000000,510.067000,-20.024000,303.676000,3.116000,0.039000,3.141000,0
0.223000,1.491682,0.446500,-0.004517,-0.008667,-0.000244,-0.012818,-0.007568,0.004517,0.007935,-0.012451,-0.008179,263.426000,-29.244700,-36.946600,-0.045166,-0.007690,0.998779,-0.523926,0.851563,-0.017212,-0.850586,-0.524048,-0.042480,492.000000,510.097000,-20.024000,303.681000,3.116000,0.039000,3.141000,0
0.223000,1.494218,0.446500,-0.004517,-0.008667,-0.000244,-0.012818,-0.007568,0.004517,0.007935,-0.012451,-0.008179,263.426000,-29.244700,-36.946600,-0.045166,-0.007690,0.998779,-0.523926,0.851563,-0.017212,-0.850586,-0.524048,-0.042480,492.000000,510.129000,-20.024000,303.686000,3.116000,0.039000,3.141000,0
0.223000,1.496755,0.446500,-0.004517,-0.008667,-0.000244,-0.012818,-0.007568,0.004517,0.007935,-0.012451,-0.008179,263.426000,-29.244700,-36.946600,-0.045166,-0.007690,0.998779,-0.523926,0.851563,-0.017212,-0.850586,-0.524048,-0.042480,492.000000,510.164000,-20.025000,303.693000,3.116000,0.039000,3.141000,0
0.223000,1.499291,0.446500,-0.004517,-0.008667,-0.000244,-0.012818,-0.007568,0.004517,0.007935,-0.012451,-0.008179,263.426000,-29.244700,-36.946600,-0.045166,-0.007690,0.998779,-0.523926,0.851563,-0.017212,-0.850586,-0.524048,-0.042480,496.000000,510.201000,-20.026000,303.703000,3.116000,0.039000,3.141000,0
0.223000,1.501827,0.446500,-0.004517,-0.008667,-0.000244,-0.012818,-0.007568,0.004517,0.007935,-0.012451,-0.008179,263.426000,-29.244700,-36.946600,-0.045166,-0.007690,0.998779,-0.523926,0.851563,-0.017212,-0.850586,-0.524048,-0.042480,496.000000,510.239000,-20.027000,303.713000,3.116000,0.039000,3.141000,0
0.223000,1.504364,0.446500,-0.004517,-0.008667,-0.000244,-0.012696,-0.007568,0.004517,0.007935,-0.012451,-0.008179,263.426000,-29.244700,-36.946600,-0.045166,-0.007690,0.998779,-0.523804,0.851563,-0.017212,-0.850586,-0.524048,-0.042480,496.000000,510.279000,-20.028000,303.722000,3.116000,0.039000,3.141000,0
0.223000,1.506900,0.446500,-0.004517,-0.008667,-0.000244,-0.012696,-0.007568,0.004517,0.007935,-0.012451,-0.008179,263.426000,-29.244700,-36.946600,-0.045166,-0.007690,0.998779,-0.523804,0.851563,-0.017212,-0.850586,-0.524048,-0.042480,496.000000,510.319000,-20.028000,303.724000,3.116000,0.039000,3.141000,0
0.223000,1.509436,0.446500,-0.004517,-0.008667,-0.000244,-0.012696,-0.007568,0.004517,0.007935,-0.012451,-0.008179,263.426000,-29.244700,-36.946600,-0.045166,-0.007690,0.998779,-0.523804,0.851563,-0.017212,-0.850586,-0.524048,-0.042480,496.000000,510.360000,-20.028000,303.722000,3.116000,0.039000,3.141000,0
0.223000,1.511973,0.446500,-0.004517,-0.008667,-0.000244,-0.012696,-0.007568,0.004517,0.007935,-0.012451,-0.008179,263.426000,-29.244700,-36.946600,-0.045166,-0.007690,0.998779,-0.523804,0.851563,-0.017212,-0.850586,-0.524048,-0.042480,496.000000,510.401000,-20.027000,303.717000,3.116000,0.039000,3.141000,0
0.223000,1.514509,0.446500,-0.004517,-0.008667,-0.000244,-0.012696,-0.007568,0.004517,0.007935,-0.012451,-0.008179,263.426000,-29.244700,-36.946600,-0.045166,-0.007690,0.998779,-0.523804,0.851563,-0.017212,-0.850586,-0.524048,-0.042480,496.000000,510.446000,-20.027000,303.710000,3.116000,0.039000,3.141000,0
0.223000,1.517045,0.446500,-0.004517,-0.008667,-0.000244,-0.012696,-0.007568,0.004517,0.007935,-0.012451,-0.008179,263.426000,-29.244700,-36.946600,-0.045166,-0.007690,0.998779,-0.523804,0.851563,-0.017212,-0.850586,-0.524048,-0.042480,496.000000,510.491000,-20.027000,303.702000,3.116000,0.039000,3.141000,0
0.223000,1.519582,0.446500,-0.004517,-0.008667,-0.000244,-0.012696,-0.007568,0.004517,0.007813,-0.012451,-0.008179,263.426000,-29.244700,-36.946600,-0.045166,-0.007690,0.998779,-0.523804,0.851563,-0.017212,-0.850708,-0.524048,-0.042480,496.000000,510.538000,-20.027000,303.696000,3.116000,0.039000,3.141000,0
0.223000,1.522118,0.446500,-0.004639,-0.008667,-0.000244,-0.012696,-0.007568,0.004517,0.007813,-0.012451,-0.008301,263.426000,-29.244700,-36.946600,-0.045288,-0.007690,0.998779,-0.523804,0.851563,-0.017212,-0.850708,-0.524048,-0.042603,496.000000,510.590000,-20.026000,303.697000,3.116000,0.039000,3.141000,0
0.223000,1.524655,0.446500,-0.004639,-0.008667,-0.000244,-0.012696,-0.007568,0.004517,0.007813,-0.012451,-0.008301,263.426000,-29.244700,-36.946600,-0.045288,-0.007690,0.998779,-0.523804,0.851563,-0.017212,-0.850708,-0.524048,-0.042603,496.000000,510.647000,-20.025000,303.703000,3.116000,0.039000,3.141000,0
0.223000,1.527191,0.446500,-0.004639,-0.008667,-0.000244,-0.012696,-0.007568,0.004517,0.007813,-0.012451,-0.008301,263.426000,-29.244700,-36.946600,-0.045288,-0.007690,0.998779,-0.523804,0.851563,-0.017212,-0.850708,-0.524048,-0.042603,496.000000,510.713000,-20.024000,303.718000,3.116000,0.039000,3.141000,0
0.223000,1.529727,0.446500,-0.004639,-0.008667,-0.000244,-0.012696,-0.007568,0.004517,0.007813,-0.012451,-0.008301,263.426000,-29.244700,-36.946600,-0.045288,-0.007690,0.998779,-0.523804,0.851563,-0.017212,-0.850708,-0.524048,-0.042603,496.000000,510.787000,-20.025000,303.736000,3.116000,0.039000,3.141000,0
0.223000,1.532264,0.446500,-0.004639,-0.008667,-0.000244,-0.012696,-0.007568,0.004517,0.007813,-0.012451,-0.008301,263.426000,-29.244700,-36.946600,-0.045288,-0.007690,0.998779,-0.523804,0.851563,-0.017212,-0.850708,-0.524048,-0.042603,496.000000,510.868000,-20.026000,303.751000,3.116000,0.039000,3.141000,0
0.223000,1.534800,0.446500,-0.004761,-0.008667,-0.000244,-0.012696,-0.007568,0.004517,0.007813,-0.012451,-0.008301,263.426000,-29.244700,-36.946600,-0.045410,-0.007690,0.998779,-0.523804,0.851563,-0.017212,-0.850708,-0.524048,-0.042603,496.000000,510.951000,-20.027000,303.766000,3.116000,0.039000,3.141000,0
0.223000,1.537336,0.446500,-0.004761,-0.008667,-0.000244,-0.012696,-0.007568,0.004517,0.007813,-0.012451,-0.008301,263.426000,-29.244700,-36.946600,-0.045410,-0.007690,0.998779,-0.523804,0.851563,-0.017212,-0.850708,-0.524048,-0.042603,496.000000,511.031000,-20.028000,303.777000,3.116000,0.039000,3.141000,0
0.223000,1.539873,0.446500,-0.004761,-0.008667,-0.000244,-0.012696,-0.007568,0.004517,0.007813,-0.012451,-0.008423,263.426000,-29.244700,-36.946600,-0.045410,-0.007690,0.998779,-0.523804,0.851563,-0.017212,-0.850708,-0.524048,-0.042725,496.000000,511.109000,-20.029000,303.778000,3.116000,0.039000,3.141000,0
0.223000,1.542409,0.446500,-0.004761,-0.008667,-0.000244,-0.012696,-0.007568,0.004517,0.007813,-0.012451,-0.008423,263.426000,-29.244700,-36.946600,-0.045410,-0.007690,0.998779,-0.523804,0.851563,-0.017212,-0.850708,-0.524048,-0.042725,496.000000,511.187000,-20.030000,303.772000,3.116000,0.039000,3.141000,0
0.223000,1.544945,0.446500,-0.004761,-0.008667,-0.000244,-0.012696,-0.007568,0.004517,0.007813,-0.012451,-0.008423,263.426000,-29.244700,-36.946600,-0.045410,-0.007690,0.998779,-0.523804,0.851563,-0.017212,-0.850708,-0.524048,-0.042725,496.000000,511.266000,-20.029000,303.761000,3.116000,0.039000,3.141000,0
0.223000,1.547482,0.446500,-0.004761,-0.008667,-0.000244,-0.012696,-0.007568,0.004395,0.007935,-0.012451,-0.008423,263.426000,-29.244700,-36.946600,-0.045410,-0.007690,0.998779,-0.523804,0.851563,-0.017334,-0.850586,-0.524048,-0.042725,496.000000,511.345000,-20.028000,303.751000,3.116000,0.039000,3.141000,0
0.223000,1.550018,0.446500,-0.004883,-0.008667,-0.000244,-0.012696,-0.007568,0.004395,0.007935,-0.012451,-0.008423,263.426000,-29.244700,-36.946600,-0.045532,-0.007690,0.998779,-0.523804,0.851563,-0.017334,-0.850586,-0.524048,-0.042725,496.000000,511.424000,-20.026000,303.740000,3.116000,0.039000,3.141000,0
0.223000,1.552555,0.446500,-0.004883,-0.008667,-0.000244,-0.012818,-0.007568,0.004395,0.007935,-0.012573,-0.008423,263.426000,-29.244700,-36.946600,-0.045532,-0.007690,0.998779,-0.523926,0.851563,-0.017334,-0.850586,-0.524170,-0.042725,496.000000,511.499000,-20.024000,303.731000,3.116000,0.039000,3.141000,0
0.223000,1.555091,0.446500,-0.004883,-0.008667,-0.000244,-0.012818,-0.007568,0.004395,0.007935,-0.012573,-0.008423,263.426000,-29.244700,-36.946600,-0.045532,-0.007690,0.998779,-0.523926,0.851563,-0.017334,-0.850586,-0.524170,-0.042725,496.000000,511.584000,-20.023000,303.730000,3.116000,0.039000,3.141000,0
0.223000,1.557627,0.446500,-0.004883,-0.008789,-0.000244,-0.012818,-0.007568,0.004395,0.007935,-0.012573,-0.008545,263.426000,-29.244700,-36.946600,-0.045532,-0.007813,0.998779,-0.523926,0.851563,-0.017334,-0.850586,-0.524170,-0.042847,496.000000,511.676000,-20.023000,303.737000,3.116000,0.039000,3.141000,0
0.223000,1.560164,0.446500,-0.004883,-0.008789,-0.000244,-0.012818,-0.007568,0.004517,0.007935,-0.012573,-0.008545,263.426000,-29.244700,-36.946600,-0.045532,-0.007813,0.998779,-0.523926,0.851563,-0.017212,-0.850586,-0.524170,-0.042847,496.000000,511.768000,-20.023000,303.745000,3.116000,0.039000,3.141000,0
0.223000,1.562700,0.446500,-0.004883,-0.008789,-0.000244,-0.012940,-0.007691,0.004517,0.007935,-0.012573,-0.008545,263.426000,-29.133100,-36.946600,-0.045532,-0.007813,0.998779,-0.524048,0.851440,-0.017212,-0.850586,-0.524170,-0.042847,496.000000,511.863000,-20.022000,303.757000,3.116000,0.039000,3.141000,0
0.223000,1.566548,0.446500,-0.004883,-0.008789,-0.000244,-0.012940,-0.007691,0.004517,0.008057,-0.012695,-0.008545,263.426000,-29.133100,-36.946600,-0.045532,-0.007813,0.998779,-0.524048,0.851440,-0.017212,-0.850464,-0.524292,-0.042847,496.000000,511.962000,-20.022000,303.771000,3.116000,0.039000,3.141000,0
0.223000,1.570397,0.446500,-0.004883,-0.008789,-0.000244,-0.012940,-0.007691,0.004517,0.008057,-0.012695,-0.008545,263.426000,-29.133100,-36.946600,-0.045532,-0.007813,0.998779,-0.524048,0.851440,-0.017212,-0.850464,-0.524292,-0.042847,500.000000,512.072000,-20.023000,303.787000,3.116000,0.039000,3.141000,0
0.223000,1.574245,0.446500,-0.004883,-0.008911,-0.000244,-0.012940,-0.007691,0.004517,0.008057,-0.012695,-0.008667,263.426000,-29.133100,-36.946600,-0.045532,-0.007935,0.998779,-0.524048,0.851440,-0.017212,-0.850464,-0.524292,-0.042969,500.000000,512.174000,-20.024000,303.804000,3.116000,0.039000,3.141000,0
0.223000,1.578093,0.446500,-0.005005,-0.008911,-0.000244,-0.012940,-0.007691,0.004517,0.008057,-0.012695,-0.008667,263.426000,-29.133100,-36.946600,-0.045654,-0.007935,0.998779,-0.524048,0.851440,-0.017212,-0.850464,-0.524292,-0.042969,500.000000,512.292000,-20.026000,303.824000,3.116000,0.039000,3.141000,0
0.223000,1.581941,0.446500,-0.005005,-0.008911,-0.000244,-0.013062,-0.007691,0.004517,0.008057,-0.012817,-0.008667,263.426000,-29.133100,-36.946600,-0.045654,-0.007935,0.998779,-0.524170,0.851440,-0.017212,-0.850464,-0.524414,-0.042969,500.000000,512.412000,-20.027000,303.844000,3.116000,0.039000,3.141000,0
0.223000,1.585790,0.446500,-0.005005,-0.008911,-0.000244,-0.013062,-0.007691,0.004517,0.008057,-0.012817,-0.008667,263.426000,-29.133100,-36.946600,-0.045654,-0.007935,0.998779,-0.524170,0.851440,-0.017212,-0.850464,-0.524414,-0.042969,500.000000,512.535000,-20.028000,303.853000,3.116000,0.039000,3.141000,0
0.223000,1.589638,0.446500,-0.005005,-0.008911,-0.000244,-0.013062,-0.007691,0.004517,0.008057,-0.012817,-0.008667,263.426000,-29.133100,-36.946600,-0.045654,-0.007935,0.998779,-0.524170,0.851440,-0.017212,-0.850464,-0.524414,-0.042969,500.000000,512.664000,-20.030000,303.859000,3.116000,0.039000,3.141000,0
0.223000,1.593486,0.446500,-0.005005,-0.008911,-0.000244,-0.013062,-0.007813,0.004517,0.008057,-0.012817,-0.008667,263.426000,-29.133100,-36.946600,-0.045654,-0.007935,0.998779,-0.524170,0.851318,-0.017212,-0.850464,-0.524414,-0.042969,500.000000,512.794000,-20.030000,303.862000,3.116000,0.039000,3.141000,0
0.223000,1.597334,0.446500,-0.005005,-0.008911,-0.000244,-0.013062,-0.007813,0.004517,0.008057,-0.012817,-0.008789,263.426000,-29.133100,-36.946600,-0.045654,-0.007935,0.998779,-0.524170,0.851318,-0.017212,-0.850464,-0.524414,-0.043091,500.000000,512.930000,-20.031000,303.862000,3.116000,0.039000,3.141000,0
0.223000,1.601183,0.446500,-0.005005,-0.008911,-0.000244,-0.013062,-0.007813,0.004517,0.008057,-0.012817,-0.008789,263.426000,-29.133100,-36.946600,-0.045654,-0.007935,0.998779,-0.524170,0.851318,-0.017212,-0.850464,-0.524414,-0.043091,500.000000,513.073000,-20.033000,303.868000,3.116000,0.039000,3.141000,0
0.223000,1.605031,0.446500,-0.005127,-0.008911,-0.000244,-0.013062,-0.007813,0.004517,0.008179,-0.012817,-0.008789,263.426000,-29.133100,-36.946600,-0.045776,-0.007935,0.998779,-0.524170,0.851318,-0.017212,-0.850342,-0.524414,-0.043091,500.000000,513.214000,-20.037000,303.875000,3.116000,0.039000,3.141000,0
0.111000,1.608879,0.446500,-0.005127,-0.008911,-0.000244,-0.013062,-0.007813,0.004517,0.008179,-0.012817,-0.008789,263.314000,-29.133100,-36.946600,-0.045776,-0.007935,0.998779,-0.524170,0.851318,-0.017212,-0.850342,-0.524414,-0.043091,500.000000,513.355000,-20.040000,303.881000,3.116000,0.039000,3.141000,0
0.111000,1.612728,0.446500,-0.005127,-0.009033,-0.000244,-0.013184,-0.007813,0.004517,0.008179,-0.012939,-0.008911,263.314000,-29.133100,-36.946600,-0.045776,-0.008057,0.998779,-0.524292,0.851318,-0.017212,-0.850342,-0.524536,-0.043213,500.000000,513.504000,-20.044000,303.892000,3.116000,0.039000,3.141000,0
0.111000,1.616576,0.446500,-0.005127,-0.009033,-0.000244,-0.013184,-0.007813,0.004517,0.008179,-0.012939,-0.008911,263.314000,-29.133100,-36.946600,-0.045776,-0.008057,0.998779,-0.524292,0.851318,-0.017212,-0.850342,-0.524536,-0.043213,500.000000,513.655000,-20.046000,303.900000,3.116000,0.039000,3.141000,0
0.111000,1.620424,0.446500,-0.005127,-0.009033,-0.000244,-0.013184,-0.007813,0.004517,0.008179,-0.012939,-0.008911,263.314000,-29.133100,-36.946600,-0.045776,-0.008057,0.998779,-0.524292,0.851318,-0.017212,-0.850342,-0.524536,-0.043213,500.000000,513.812000,-20.048000,303.911000,3.116000,0.039000,3.141000,0
0.111000,1.624272,0.446500,-0.005249,-0.009033,-0.000244,-0.013184,-0.007813,0.004517,0.008179,-0.012939,-0.008911,263.314000,-29.133100,-36.946600,-0.045898,-0.008057,0.998779,-0.524292,0.851318,-0.017212,-0.850342,-0.524536,-0.043213,500.000000,513.973000,-20.050000,303.922000,3.116000,0.039000,3.141000,0
0.111000,1.628121,0.446500,-0.005249,-0.009033,-0.000244,-0.013306,-0.007935,0.004517,0.008179,-0.012939,-0.008911,263.314000,-29.133100,-36.946600,-0.045898,-0.008057,0.998779,-0.524414,0.851196,-0.017212,-0.850342,-0.524536,-0.043213,500.000000,514.140000,-20.052000,303.933000,3.116000,0.039000,3.141000,0
0.111000,1.631969,0.446500,-0.005249,-0.009033,-0.000244,-0.013306,-0.007935,0.004517,0.008301,-0.013061,-0.009033,263.314000,-29.133100,-36.946600,-0.045898,-0.008057,0.998779,-0.524414,0.851196,-0.017212,-0.850220,-0.524658,-0.043335,500.000000,514.318000,-20.055000,303.949000,3.116000,0.039000,3.141000,0
0.111000,1.635817,0.446500,-0.005249,-0.009155,-0.000244,-0.013306,-0.007935,0.004517,0.008301,-0.013061,-0.009033,263.314000,-29.133100,-36.946600,-0.045898,-0.008179,0.998779,-0.524414,0.851196,-0.017212,-0.850220,-0.524658,-0.043335,500.000000,514.505000,-20.058000,303.957000,3.116000,0.039000,3.141000,0
0.111000,1.639666,0.446500,-0.005371,-0.009155,-0.000244,-0.013428,-0.007935,0.004517,0.008301,-0.013061,-0.009033,263.314000,-29.133100,-36.946600,-0.046020,-0.008179,0.998779,-0.524536,0.851196,-0.017212,-0.850220,-0.524658,-0.043335,500.000000,514.700000,-20.060000,303.973000,3.116000,0.039000,3.141000,0
0.111000,1.643514,0.446500,-0.005371,-0.009155,-0.000244,-0.013428,-0.007935,0.004517,0.008301,-0.013183,-0.009155,263.314000,-29.133100,-36.946600,-0.046020,-0.008179,0.998779,-0.524536,0.851196,-0.017212,-0.850220,-0.524780,-0.043457,500.000000,514.886000,-20.061000,303.983000,3.116000,0.039000,3.141000,0
0.111000,1.647362,0.446500,-0.005371,-0.009155,-0.000244,-0.013428,-0.007935,0.004517,0.008301,-0.013183,-0.009155,263.314000,-29.133100,-36.946600,-0.046020,-0.008179,0.998779,-0.524536,0.851196,-0.017212,-0.850220,-0.524780,-0.043457,500.000000,515.093000,-20.060000,303.996000,3.116000,0.039000,3.141000,0
0.111000,1.651210,0.446500,-0.005493,-0.009155,-0.000244,-0.013550,-0.008057,0.004517,0.008423,-0.013183,-0.009277,263.314000,-29.133100,-36.946600,-0.046143,-0.008179,0.998779,-0.524658,0.851074,-0.017212,-0.850098,-0.524780,-0.043579,500.000000,515.267000,-20.059000,304.005000,3.116000,0.039000,3.141000,0
0.111000,1.655059,0.446500,-0.005493,-0.009277,-0.000244,-0.013550,-0.008057,0.004517,0.008423,-0.013305,-0.009277,263.314000,-29.133100,-36.946600,-0.046143,-0.008301,0.998779,-0.524658,0.851074,-0.017212,-0.850098,-0.524902,-0.043579,500.000000,515.456000,-20.059000,304.010000,3.116000,0.039000,3.141000,0
0.111000,1.658907,0.446500,-0.005493,-0.009277,-0.000244,-0.013550,-0.008057,0.004517,0.008423,-0.013305,-0.009277,263.314000,-29.133100,-36.946600,-0.046143,-0.008301,0.998779,-0.524658,0.851074,-0.017212,-0.850098,-0.524902,-0.043579,500.000000,515.653000,-20.059000,304.020000,3.116000,0.039000,3.141000,0
0.111000,1.662755,0.446500,-0.005493,-0.009277,-0.000244,-0.013672,-0.008057,0.004517,0.008423,-0.013305,-0.009399,263.314000,-29.133100,-36.946600,-0.046143,-0.008301,0.998779,-0.524780,0.851074,-0.017212,-0.850098,-0.524902,-0.043701,500.000000,515.859000,-20.059000,304.032000,3.116000,0.039000,3.141000,0
0.111000,1.666603,0.446500,-0.005615,-0.009277,-0.000244,-0.013672,-0.008179,0.004517,0.008545,-0.013427,-0.009399,263.314000,-29.133100,-36.946600,-0.046265,-0.008301,0.998779,-0.524780,0.850952,-0.017212,-0.849976,-0.525024,-0.043701,500.000000,516.075000,-20.060000,304.049000,3.116000,0.039000,3.141000,0
0.111000,1.670452,0.446500,-0.005615,-0.009399,-0.000244,-0.013672,-0.008179,0.004517,0.008545,-0.013427,-0.009399,263.314000,-29.133100,-36.946600,-0.046265,-0.008423,0.998779,-0.524780,0.850952,-0.017212,-0.849976,-0.525024,-0.043701,504.000000,516.301000,-20.062000,304.071000,3.116000,0.039000,3.141000,0
0.111000,1.674300,0.446500,-0.005737,-0.009399,-0.000244,-0.013794,-0.008179,0.004517,0.008667,-0.013549,-0.009521,263.314000,-29.021500,-36.946600,-0.046387,-0.008423,0.998779,-0.524902,0.850952,-0.017212,-0.849854,-0.525146,-0.043823,504.000000,516.525000,-20.063000,304.091000,3.116000,0.039000,3.141000,0
0.111000,1.681740,0.446500,-0.005737,-0.009399,-0.000244,-0.013916,-0.008301,0.004517,0.008667,-0.013549,-0.009643,263.314000,-29.021500,-36.946600,-0.046387,-0.008423,0.998779,-0.525024,0.850830,-0.017212,-0.849854,-0.525146,-0.043945,504.000000,516.989000,-20.066000,304.131000,3.116000,0.039000,3.141000,0
0.111000,1.689180,0.446500,-0.005737,-0.009521,-0.000244,-0.013916,-0.008301,0.004517,0.008667,-0.013672,-0.009643,263.314000,-29.021500,-36.946600,-0.046387,-0.008545,0.998779,-0.525024,0.850830,-0.017212,-0.849854,-0.525269,-0.043945,504.000000,517.255000,-20.068000,304.142000,3.116000,0.040000,3.141000,0
0.111000,1.696620,0.446500,-0.005859,-0.009521,-0.000244,-0.014038,-0.008301,0.004517,0.008667,-0.013672,-0.009643,263.314000,-29.021500,-36.946600,-0.046509,-0.008545,0.998779,-0.525146,0.850830,-0.017212,-0.849854,-0.525269,-0.043945,504.000000,517.463000,-20.068000,304.149000,3.116000,0.039000,3.141000,0
