Dif_X,Dif_Y,Dif_Z,Dif_X1,Dif_X2,Dif_X3,Dif_Y1,Dif_Y2,Dif_Y3,Dif_Z1,Dif_Z2,Dif_Z3,NDI_X,NDI_Y,NDI_Z,NDI_Rot_X1,NDI_Rot_X2,NDI_Rot_X3,NDI_Rot_Y1,NDI_Rot_Y2,NDI_Rot_Y3,NDI_Rot_Z1,NDI_Rot_Z2,NDI_Rot_Z3,NDI_Quality,Kuka_X,Kuka_Y,Kuka_Z,Kuka_A,Kuka_B,Kuka_C,Kuka_TSL
-3.126000,4.241600,1.674300,-0.031616,-0.030640,-0.002441,-0.033082,-0.020508,0.006958,0.022949,-0.031982,-0.042236,260.300000,-20.203400,-35.607100,-0.076172,-0.029663,0.996460,-0.544312,0.838623,-0.016724,-0.835449,-0.543701,-0.079956,2072.000000,557.629000,-19.949000,303.803000,3.116000,0.039000,3.141000,0
-3.126000,4.223000,1.674300,-0.031616,-0.030640,-0.002441,-0.033082,-0.020508,0.006958,0.022949,-0.031982,-0.042236,260.300000,-20.203400,-35.607100,-0.076172,-0.029663,0.996460,-0.544312,0.838623,-0.016724,-0.835449,-0.543701,-0.079956,2072.000000,557.629000,-19.949000,303.803000,3.116000,0.039000,3.141000,0
-3.126000,4.204400,1.674300,-0.031616,-0.030640,-0.002441,-0.033082,-0.020508,0.006958,0.022949,-0.031982,-0.042236,260.300000,-20.203400,-35.607100,-0.076172,-0.029663,0.996460,-0.544312,0.838623,-0.016724,-0.835449,-0.543701,-0.079956,2072.000000,557.629000,-19.949000,303.803000,3.116000,0.039000,3.141000,0
-3.126000,4.185800,1.674300,-0.031616,-0.030640,-0.002441,-0.033082,-0.020386,0.006958,0.022949,-0.031982,-0.042236,260.300000,-20.203400,-35.607100,-0.076172,-0.029663,0.996460,-0.544312,0.838745,-0.016724,-0.835449,-0.543701,-0.079956,2072.000000,557.629000,-19.949000,303.803000,3.116000,0.039000,3.141000,0
-3.126000,4.167200,1.674300,-0.031616,-0.030640,-0.002441,-0.033082,-0.020386,0.006958,0.022949,-0.031982,-0.042236,260.300000,-20.203400,-35.607100,-0.076172,-0.029663,0.996460,-0.544312,0.838745,-0.016724,-0.835449,-0.543701,-0.079956,2072.000000,557.629000,-19.948000,303.803000,3.116000,0.039000,3.141000,0
-3.126000,4.148600,1.674300,-0.031616,-0.030640,-0.002441,-0.033082,-0.020386,0.006958,0.022949,-0.031982,-0.042236,260.300000,-20.203400,-35.607100,-0.076172,-0.029663,0.996460,-0.544312,0.838745,-0.016724,-0.835449,-0.543701,-0.079956,2072.000000,557.629000,-19.948000,303.803000,3.116000,0.039000,3.141000,0
-3.126000,4.130000,1.674300,-0.031616,-0.030518,-0.002441,-0.032959,-0.020386,0.006958,0.022949,-0.031982,-0.042236,260.300000,-20.315000,-35.607100,-0.076172,-0.029541,0.996460,-0.544189,0.838745,-0.016724,-0.835449,-0.543701,-0.079956,2072.000000,557.629000,-19.949000,303.803000,3.116000,0.039000,3.141000,0
-3.126000,4.142400,1.674300,-0.031616,-0.030518,-0.002441,-0.032959,-0.020386,0.006958,0.022949,-0.031982,-0.042236,260.300000,-20.315000,-35.607100,-0.076172,-0.029541,0.996460,-0.544189,0.838745,-0.016724,-0.835449,-0.543701,-0.079956,2072.000000,557.629000,-19.949000,303.803000,3.116000,0.039000,3.141000,0
-3.126000,4.154800,1.674300,-0.031616,-0.030518,-0.002441,-0.032959,-0.020386,0.006958,0.022827,-0.031982,-0.042236,260.300000,-20.315000,-35.607100,-0.076172,-0.029541,0.996460,-0.544189,0.838745,-0.016724,-0.835571,-0.543701,-0.079956,2072.000000,557.629000,-19.949000,303.803000,3.116000,0.039000,3.141000,0
-3.126000,4.167200,1.674300,-0.031616,-0.030640,-0.002441,-0.032959,-0.020386,0.006958,0.022827,-0.031982,-0.042236,260.300000,-20.315000,-35.607100,-0.076172,-0.029663,0.996460,-0.544189,0.838745,-0.016724,-0.835571,-0.543701,-0.079956,2072.000000,557.629000,-19.949000,303.803000,3.116000,0.039000,3.141000,0
-3.126000,4.179600,1.674300,-0.031616,-0.030640,-0.002441,-0.032959,-0.020386,0.006958,0.022827,-0.031982,-0.042236,260.300000,-20.315000,-35.607100,-0.076172,-0.029663,0.996460,-0.544189,0.838745,-0.016724,-0.835571,-0.543701,-0.079956,2072.000000,557.629000,-19.948000,303.803000,3.116000,0.039000,3.141000,0
-3.126000,4.192000,1.674300,-0.031616,-0.030640,-0.002441,-0.032959,-0.020386,0.006958,0.022827,-0.031860,-0.042236,260.300000,-20.315000,-35.607100,-0.076172,-0.029663,0.996460,-0.544189,0.838745,-0.016724,-0.835571,-0.543579,-0.079956,2072.000000,557.629000,-19.948000,303.803000,3.116000,0.039000,3.141000,0
-3.126000,4.204400,1.674300,-0.031616,-0.030640,-0.002441,-0.032959,-0.020386,0.007080,0.022827,-0.031860,-0.042236,260.300000,-20.315000,-35.607100,-0.076172,-0.029663,0.996460,-0.544189,0.838745,-0.016602,-0.835571,-0.543579,-0.079956,2076.000000,557.629000,-19.949000,303.803000,3.116000,0.039000,3.141000,0
-3.126000,4.216800,1.674300,-0.031616,-0.030640,-0.002441,-0.032959,-0.020386,0.007080,0.022827,-0.031860,-0.042236,260.300000,-20.315000,-35.607100,-0.076172,-0.029663,0.996460,-0.544189,0.838745,-0.016602,-0.835571,-0.543579,-0.079956,2076.000000,557.629000,-19.949000,303.803000,3.116000,0.039000,3.141000,0
-3.126000,4.229200,1.674300,-0.031616,-0.030640,-0.002441,-0.032959,-0.020386,0.007080,0.022827,-0.031860,-0.042236,260.300000,-20.315000,-35.607100,-0.076172,-0.029663,0.996460,-0.544189,0.838745,-0.016602,-0.835571,-0.543579,-0.079956,2076.000000,557.629000,-19.949000,303.803000,3.116000,0.039000,3.141000,0
-3.126000,4.241600,1.674300,-0.031616,-0.030640,-0.002441,-0.032959,-0.020386,0.007080,0.022827,-0.031860,-0.042236,260.300000,-20.203400,-35.607100,-0.076172,-0.029663,0.996460,-0.544189,0.838745,-0.016602,-0.835571,-0.543579,-0.079956,2076.000000,557.629000,-19.949000,303.803000,3.116000,0.039000,3.141000,0
-3.126000,4.242813,1.674300,-0.031616,-0.030640,-0.002441,-0.032959,-0.020386,0.007080,0.022827,-0.031860,-0.042236,260.300000,-20.203400,-35.607100,-0.076172,-0.029663,0.996460,-0.544189,0.838745,-0.016602,-0.835571,-0.543579,-0.079956,2076.000000,557.629000,-19.949000,303.803000,3.116000,0.039000,3.141000,0
-3.126000,4.244026,1.674300,-0.031616,-0.030640,-0.002441,-0.032959,-0.020386,0.007080,0.022827,-0.031982,-0.042236,260.300000,-20.203400,-35.607100,-0.076172,-0.029663,0.996460,-0.544189,0.838745,-0.016602,-0.835571,-0.543701,-0.079956,2076.000000,557.629000,-19.949000,303.803000,3.116000,0.039000,3.141000,0
-3.126000,4.245239,1.674300,-0.031616,-0.030762,-0.002441,-0.032959,-0.020386,0.007080,0.022827,-0.031982,-0.042236,260.300000,-20.203400,-35.607100,-0.076172,-0.029785,0.996460,-0.544189,0.838745,-0.016602,-0.835571,-0.543701,-0.079956,2076.000000,557.629000,-19.949000,303.803000,3.116000,0.039000,3.141000,0
-3.126000,4.246452,1.674300,-0.031616,-0.030762,-0.002441,-0.033082,-0.020386,0.007080,0.022949,-0.031982,-0.042236,260.300000,-20.203400,-35.607100,-0.076172,-0.029785,0.996460,-0.544312,0.838745,-0.016602,-0.835449,-0.543701,-0.079956,2076.000000,557.629000,-19.948000,303.803000,3.116000,0.039000,3.141000,0
-3.126000,4.247665,1.674300,-0.031616,-0.030762,-0.002441,-0.033082,-0.020508,0.007080,0.022949,-0.031982,-0.042236,260.300000,-20.203400,-35.607100,-0.076172,-0.029785,0.996460,-0.544312,0.838623,-0.016602,-0.835449,-0.543701,-0.079956,2076.000000,557.629000,-19.949000,303.803000,3.116000,0.039000,3.141000,0
-3.126000,4.248878,1.674300,-0.031616,-0.030762,-0.002441,-0.033082,-0.020508,0.007080,0.022949,-0.031982,-0.042236,260.300000,-20.203400,-35.607100,-0.076172,-0.029785,0.996460,-0.544312,0.838623,-0.016602,-0.835449,-0.543701,-0.079956,2076.000000,557.629000,-19.948000,303.803000,3.116000,0.039000,3.141000,0
-3.126000,4.250091,1.674300,-0.031616,-0.030762,-0.002441,-0.033082,-0.020508,0.007080,0.022949,-0.032104,-0.042236,260.300000,-20.203400,-35.607100,-0.076172,-0.029785,0.996460,-0.544312,0.838623,-0.016602,-0.835449,-0.543823,-0.079956,2076.000000,557.629000,-19.949000,303.803000,3.116000,0.039000,3.141000,0
-3.126000,4.251304,1.674300,-0.031494,-0.030762,-0.002441,-0.033082,-0.020508,0.007080,0.022949,-0.032104,-0.042236,260.300000,-20.203400,-35.607100,-0.076050,-0.029785,0.996460,-0.544312,0.838623,-0.016602,-0.835449,-0.543823,-0.079956,2080.000000,557.629000,-19.948000,303.803000,3.116000,0.039000,3.141000,0
-3.126000,4.252517,1.674300,-0.031494,-0.030762,-0.002441,-0.033082,-0.020508,0.007080,0.022949,-0.032104,-0.042236,260.300000,-20.203400,-35.607100,-0.076050,-0.029785,0.996460,-0.544312,0.838623,-0.016602,-0.835449,-0.543823,-0.079956,2080.000000,557.629000,-19.948000,303.803000,3.116000,0.039000,3.141000,0
-3.126000,4.253730,1.674300,-0.031494,-0.030640,-0.002441,-0.033082,-0.020508,0.007080,0.022949,-0.032104,-0.042236,260.300000,-20.203400,-35.607100,-0.076050,-0.029663,0.996460,-0.544312,0.838623,-0.016602,-0.835449,-0.543823,-0.079956,2080.000000,557.629000,-19.948000,303.803000,3.116000,0.039000,3.141000,0
-3.126000,4.254943,1.674300,-0.031494,-0.030640,-0.002441,-0.033082,-0.020508,0.007080,0.022949,-0.032104,-0.042236,260.300000,-20.203400,-35.607100,-0.076050,-0.029663,0.996460,-0.544312,0.838623,-0.016602,-0.835449,-0.543823,-0.079956,2080.000000,557.629000,-19.948000,303.803000,3.116000,0.039000,3.141000,0
-3.126000,4.256157,1.674300,-0.031494,-0.030640,-0.002441,-0.033082,-0.020508,0.007080,0.022949,-0.032104,-0.042236,260.300000,-20.203400,-35.607100,-0.076050,-0.029663,0.996460,-0.544312,0.838623,-0.016602,-0.835449,-0.543823,-0.079956,2080.000000,557.629000,-19.948000,303.803000,3.116000,0.039000,3.141000,0
-3.126000,4.257370,1.674300,-0.031616,-0.030640,-0.002441,-0.033082,-0.020508,0.007080,0.022949,-0.032104,-0.042236,260.300000,-20.203400,-35.607100,-0.076172,-0.029663,0.996460,-0.544312,0.838623,-0.016602,-0.835449,-0.543823,-0.079956,2080.000000,557.629000,-19.949000,303.803000,3.116000,0.039000,3.141000,0
-3.126000,4.258583,1.674300,-0.031616,-0.030640,-0.002441,-0.033082,-0.020508,0.007080,0.022949,-0.032104,-0.042236,260.300000,-20.203400,-35.607100,-0.076172,-0.029663,0.996460,-0.544312,0.838623,-0.016602,-0.835449,-0.543823,-0.079956,2076.000000,557.629000,-19.948000,303.803000,3.116000,0.039000,3.141000,0
-3.126000,4.259796,1.674300,-0.031616,-0.030640,-0.002441,-0.033082,-0.020508,0.007080,0.022949,-0.032104,-0.042236,260.300000,-20.203400,-35.607100,-0.076172,-0.029663,0.996460,-0.544312,0.838623,-0.016602,-0.835449,-0.543823,-0.079956,2076.000000,557.629000,-19.948000,303.803000,3.116000,0.039000,3.141000,0
-3.126000,4.261009,1.674300,-0.031616,-0.030640,-0.002441,-0.033082,-0.020508,0.007080,0.022949,-0.032104,-0.042236,260.300000,-20.203400,-35.607100,-0.076172,-0.029663,0.996460,-0.544312,0.838623,-0.016602,-0.835449,-0.543823,-0.079956,2076.000000,557.629000,-19.948000,303.803000,3.116000,0.039000,3.141000,0
-3.126000,4.262222,1.674300,-0.031616,-0.030640,-0.002441,-0.033082,-0.020508,0.006958,0.022949,-0.032104,-0.042236,260.300000,-20.203400,-35.607100,-0.076172,-0.029663,0.996460,-0.544312,0.838623,-0.016724,-0.835449,-0.543823,-0.079956,2076.000000,557.629000,-19.948000,303.803000,3.116000,0.039000,3.141000,0
-3.126000,4.263435,1.674300,-0.031616,-0.030640,-0.002441,-0.033082,-0.020508,0.006958,0.022949,-0.032104,-0.042236,260.300000,-20.203400,-35.607100,-0.076172,-0.029663,0.996460,-0.544312,0.838623,-0.016724,-0.835449,-0.543823,-0.079956,2076.000000,557.629000,-19.948000,303.803000,3.116000,0.039000,3.141000,0
-3.126000,4.264648,1.674300,-0.031616,-0.030640,-0.002441,-0.033082,-0.020508,0.006958,0.022949,-0.032104,-0.042236,260.300000,-20.203400,-35.607100,-0.076172,-0.029663,0.996460,-0.544312,0.838623,-0.016724,-0.835449,-0.543823,-0.079956,2076.000000,557.629000,-19.949000,303.803000,3.116000,0.039000,3.141000,0
-3.126000,4.265861,1.674300,-0.031616,-0.030640,-0.002441,-0.033082,-0.020508,0.006958,0.022949,-0.032104,-0.042236,260.300000,-20.203400,-35.607100,-0.076172,-0.029663,0.996460,-0.544312,0.838623,-0.016724,-0.835449,-0.543823,-0.079956,2076.000000,557.629000,-19.948000,303.803000,3.116000,0.039000,3.141000,0
-3.126000,4.267074,1.674300,-0.031616,-0.030518,-0.002441,-0.033082,-0.020508,0.006958,0.022949,-0.032104,-0.042236,260.300000,-20.203400,-35.607100,-0.076172,-0.029541,0.996460,-0.544312,0.838623,-0.016724,-0.835449,-0.543823,-0.079956,2076.000000,557.629000,-19.949000,303.803000,3.116000,0.039000,3.141000,0
-3.126000,4.268287,1.674300,-0.031616,-0.030518,-0.002441,-0.033082,-0.020508,0.006958,0.022949,-0.032104,-0.042236,260.300000,-20.203400,-35.607100,-0.076172,-0.029541,0.996460,-0.544312,0.838623,-0.016724,-0.835449,-0.543823,-0.079956,2076.000000,557.629000,-19.949000,303.803000,3.116000,0.039000,3.141000,0
-3.126000,4.269500,1.674300,-0.031616,-0.030518,-0.002441,-0.033082,-0.020508,0.006958,0.022949,-0.032104,-0.042236,260.300000,-20.203400,-35.607100,-0.076172,-0.029541,0.996460,-0.544312,0.838623,-0.016724,-0.835449,-0.543823,-0.079956,2076.000000,557.629000,-19.949000,303.803000,3.116000,0.039000,3.141000,0
-3.126000,4.270713,1.674300,-0.031738,-0.030518,-0.002441,-0.033204,-0.020508,0.006958,0.022949,-0.032104,-0.042358,260.300000,-20.203400,-35.607100,-0.076294,-0.029541,0.996460,-0.544434,0.838623,-0.016724,-0.835449,-0.543823,-0.080078,2076.000000,557.629000,-19.948000,303.803000,3.116000,0.039000,3.141000,0
-3.126000,4.271926,1.674300,-0.031738,-0.030640,-0.002441,-0.033204,-0.020508,0.006958,0.022949,-0.032104,-0.042358,260.300000,-20.203400,-35.607100,-0.076294,-0.029663,0.996460,-0.544434,0.838623,-0.016724,-0.835449,-0.543823,-0.080078,2076.000000,557.629000,-19.948000,303.803000,3.116000,0.039000,3.141000,0
-3.126000,4.273139,1.785900,-0.031860,-0.030762,-0.002441,-0.033204,-0.020630,0.006958,0.023071,-0.032226,-0.042480,260.300000,-20.203400,-35.495500,-0.076416,-0.029785,0.996460,-0.544434,0.838501,-0.016724,-0.835327,-0.543945,-0.080200,2072.000000,557.639000,-19.952000,303.822000,3.116000,0.039000,3.141000,0
-3.126000,4.274352,1.785900,-0.031860,-0.030762,-0.002441,-0.033204,-0.020630,0.006958,0.023071,-0.032226,-0.042480,260.300000,-20.203400,-35.495500,-0.076416,-0.029785,0.996460,-0.544434,0.838501,-0.016724,-0.835327,-0.543945,-0.080200,2072.000000,557.639000,-19.954000,303.822000,3.116000,0.039000,3.141000,0
-3.126000,4.275565,1.785900,-0.031860,-0.030762,-0.002441,-0.033204,-0.020630,0.006958,0.023071,-0.032226,-0.042480,260.300000,-20.203400,-35.495500,-0.076416,-0.029785,0.996460,-0.544434,0.838501,-0.016724,-0.835327,-0.543945,-0.080200,2072.000000,557.639000,-19.954000,303.822000,3.116000,0.039000,3.141000,0
-3.126000,4.276778,1.674300,-0.031738,-0.030762,-0.002441,-0.033204,-0.020508,0.006958,0.023071,-0.032226,-0.042480,260.300000,-20.203400,-35.607100,-0.076294,-0.029785,0.996460,-0.544434,0.838623,-0.016724,-0.835327,-0.543945,-0.080200,2072.000000,557.639000,-19.955000,303.822000,3.116000,0.039000,3.141000,0
-3.126000,4.277991,1.674300,-0.031738,-0.030762,-0.002441,-0.033204,-0.020508,0.006958,0.023071,-0.032226,-0.042480,260.300000,-20.203400,-35.607100,-0.076294,-0.029785,0.996460,-0.544434,0.838623,-0.016724,-0.835327,-0.543945,-0.080200,2072.000000,557.639000,-19.955000,303.822000,3.116000,0.039000,3.141000,0
-3.126000,4.279204,1.674300,-0.031738,-0.030762,-0.002441,-0.033204,-0.020508,0.006958,0.023071,-0.032226,-0.042358,260.300000,-20.203400,-35.607100,-0.076294,-0.029785,0.996460,-0.544434,0.838623,-0.016724,-0.835327,-0.543945,-0.080078,2072.000000,557.639000,-19.955000,303.822000,3.116000,0.039000,3.141000,0
-3.126000,4.280417,1.674300,-0.031616,-0.030640,-0.002441,-0.033326,-0.020630,0.007080,0.023071,-0.032226,-0.042358,260.300000,-20.203400,-35.607100,-0.076172,-0.029663,0.996460,-0.544556,0.838501,-0.016602,-0.835327,-0.543945,-0.080078,2076.000000,557.639000,-19.955000,303.823000,3.116000,0.039000,3.141000,0
-3.126000,4.281630,1.674300,-0.031616,-0.030640,-0.002441,-0.033326,-0.020630,0.007080,0.023071,-0.032226,-0.042236,260.300000,-20.203400,-35.607100,-0.076172,-0.029663,0.996460,-0.544556,0.838501,-0.016602,-0.835327,-0.543945,-0.079956,2076.000000,557.639000,-19.955000,303.823000,3.116000,0.039000,3.141000,0
-3.126000,4.282843,1.674300,-0.031494,-0.030640,-0.002441,-0.033326,-0.020630,0.007080,0.023071,-0.032226,-0.042236,260.300000,-20.203400,-35.607100,-0.076050,-0.029663,0.996460,-0.544556,0.838501,-0.016602,-0.835327,-0.543945,-0.079956,2076.000000,557.639000,-19.955000,303.822000,3.116000,0.039000,3.141000,0
-3.126000,4.284057,1.674300,-0.031494,-0.030640,-0.002319,-0.033326,-0.020630,0.007080,0.023071,-0.032226,-0.042236,260.300000,-20.203400,-35.607100,-0.076050,-0.029663,0.996582,-0.544556,0.838501,-0.016602,-0.835327,-0.543945,-0.079956,2076.000000,557.639000,-19.955000,303.822000,3.116000,0.039000,3.141000,0
-3.126000,4.285270,1.674300,-0.031494,-0.030640,-0.002319,-0.033326,-0.020630,0.007080,0.023071,-0.032226,-0.042114,260.300000,-20.203400,-35.607100,-0.076050,-0.029663,0.996582,-0.544556,0.838501,-0.016602,-0.835327,-0.543945,-0.079834,2076.000000,557.639000,-19.955000,303.822000,3.116000,0.039000,3.141000,0
-3.126000,4.286483,1.674300,-0.031372,-0.030640,-0.002319,-0.033326,-0.020630,0.007080,0.023071,-0.032226,-0.042114,260.300000,-20.203400,-35.607100,-0.075928,-0.029663,0.996582,-0.544556,0.838501,-0.016602,-0.835327,-0.543945,-0.079834,2076.000000,557.639000,-19.955000,303.823000,3.116000,0.039000,3.141000,0
-3.126000,4.287696,1.674300,-0.031372,-0.030640,-0.002319,-0.033204,-0.020508,0.007202,0.023071,-0.032226,-0.042114,260.300000,-20.203400,-35.607100,-0.075928,-0.029663,0.996582,-0.544434,0.838623,-0.016480,-0.835327,-0.543945,-0.079834,2076.000000,557.639000,-19.956000,303.822000,3.116000,0.039000,3.141000,0
-3.126000,4.288909,1.674300,-0.031372,-0.030640,-0.002319,-0.033204,-0.020508,0.007202,0.023071,-0.032226,-0.041992,260.300000,-20.203400,-35.607100,-0.075928,-0.029663,0.996582,-0.544434,0.838623,-0.016480,-0.835327,-0.543945,-0.079712,2072.000000,557.639000,-19.956000,303.822000,3.116000,0.039000,3.141000,0
-3.126000,4.290122,1.674300,-0.031372,-0.030640,-0.002319,-0.033204,-0.020630,0.007202,0.023071,-0.032226,-0.042114,260.300000,-20.203400,-35.607100,-0.075928,-0.029663,0.996582,-0.544434,0.838501,-0.016480,-0.835327,-0.543945,-0.079834,2072.000000,557.639000,-19.956000,303.823000,3.116000,0.039000,3.141000,0
-3.126000,4.291335,1.674300,-0.031372,-0.030640,-0.002319,-0.033204,-0.020630,0.007202,0.023071,-0.032226,-0.042114,260.300000,-20.203400,-35.607100,-0.075928,-0.029663,0.996582,-0.544434,0.838501,-0.016480,-0.835327,-0.543945,-0.079834,2072.000000,557.639000,-19.956000,303.823000,3.116000,0.039000,3.141000,0
-3.126000,4.292548,1.674300,-0.031372,-0.030640,-0.002319,-0.033204,-0.020630,0.007080,0.023071,-0.032226,-0.042114,260.300000,-20.203400,-35.607100,-0.075928,-0.029663,0.996582,-0.544434,0.838501,-0.016602,-0.835327,-0.543945,-0.079834,2072.000000,557.639000,-19.956000,303.823000,3.116000,0.039000,3.141000,0
-3.126000,4.293761,1.674300,-0.031494,-0.030640,-0.002319,-0.033204,-0.020630,0.007080,0.023071,-0.032226,-0.042236,260.300000,-20.203400,-35.607100,-0.076050,-0.029663,0.996582,-0.544434,0.838501,-0.016602,-0.835327,-0.543945,-0.079956,2076.000000,557.639000,-19.956000,303.823000,3.116000,0.039000,3.141000,0
-3.126000,4.294974,1.674300,-0.031616,-0.030640,-0.002441,-0.033204,-0.020508,0.007080,0.022949,-0.032104,-0.042236,260.300000,-20.203400,-35.607100,-0.076172,-0.029663,0.996460,-0.544434,0.838623,-0.016602,-0.835449,-0.543823,-0.079956,2076.000000,557.639000,-19.956000,303.823000,3.116000,0.039000,3.141000,0
-3.126000,4.296187,1.674300,-0.031616,-0.030640,-0.002441,-0.033204,-0.020508,0.006958,0.022949,-0.032104,-0.042236,260.300000,-20.203400,-35.607100,-0.076172,-0.029663,0.996460,-0.544434,0.838623,-0.016724,-0.835449,-0.543823,-0.079956,2072.000000,557.639000,-19.956000,303.823000,3.116000,0.039000,3.141000,0
-3.126000,4.297400,1.674300,-0.031616,-0.030640,-0.002441,-0.033204,-0.020508,0.006958,0.022949,-0.032104,-0.042236,260.300000,-20.203400,-35.607100,-0.076172,-0.029663,0.996460,-0.544434,0.838623,-0.016724,-0.835449,-0.543823,-0.079956,2072.000000,557.639000,-19.956000,303.823000,3.116000,0.039000,3.141000,0
-3.126000,4.298613,1.674300,-0.031616,-0.030640,-0.002441,-0.033204,-0.020508,0.006958,0.022949,-0.032104,-0.042236,260.300000,-20.203400,-35.607100,-0.076172,-0.029663,0.996460,-0.544434,0.838623,-0.016724,-0.835449,-0.543823,-0.079956,2072.000000,557.639000,-19.956000,303.823000,3.116000,0.039000,3.141000,0
-3.126000,4.299826,1.674300,-0.031616,-0.030640,-0.002441,-0.033204,-0.020508,0.006958,0.022949,-0.032104,-0.042236,260.300000,-20.203400,-35.607100,-0.076172,-0.029663,0.996460,-0.544434,0.838623,-0.016724,-0.835449,-0.543823,-0.079956,2072.000000,557.639000,-19.956000,303.823000,3.116000,0.039000,3.141000,0
-3.126000,4.301039,1.674300,-0.031616,-0.030640,-0.002441,-0.033204,-0.020508,0.006958,0.022949,-0.032104,-0.042358,260.300000,-20.203400,-35.607100,-0.076172,-0.029663,0.996460,-0.544434,0.838623,-0.016724,-0.835449,-0.543823,-0.080078,2072.000000,557.639000,-19.956000,303.823000,3.116000,0.039000,3.141000,0
-3.126000,4.302252,1.674300,-0.031616,-0.030640,-0.002441,-0.033082,-0.020508,0.006958,0.022949,-0.032104,-0.042358,260.300000,-20.203400,-35.607100,-0.076172,-0.029663,0.996460,-0.544312,0.838623,-0.016724,-0.835449,-0.543823,-0.080078,2072.000000,557.639000,-19.956000,303.823000,3.116000,0.039000,3.141000,0
-3.126000,4.303465,1.674300,-0.031616,-0.030640,-0.002441,-0.033082,-0.020508,0.006958,0.022949,-0.032104,-0.042358,260.300000,-20.203400,-35.607100,-0.076172,-0.029663,0.996460,-0.544312,0.838623,-0.016724,-0.835449,-0.543823,-0.080078,2072.000000,557.639000,-19.956000,303.823000,3.116000,0.039000,3.141000,0
-3.126000,4.304678,1.674300,-0.031616,-0.030518,-0.002441,-0.033082,-0.020508,0.006958,0.022949,-0.032104,-0.042236,260.300000,-20.203400,-35.607100,-0.076172,-0.029541,0.996460,-0.544312,0.838623,-0.016724,-0.835449,-0.543823,-0.079956,2072.000000,557.639000,-19.956000,303.823000,3.116000,0.039000,3.141000,0
-3.126000,4.305891,1.674300,-0.031616,-0.030518,-0.002441,-0.033082,-0.020508,0.006958,0.022949,-0.032104,-0.042236,260.300000,-20.203400,-35.607100,-0.076172,-0.029541,0.996460,-0.544312,0.838623,-0.016724,-0.835449,-0.543823,-0.079956,2072.000000,557.642000,-19.957000,303.825000,3.116000,0.039000,3.141000,0
-3.126000,4.307104,1.674300,-0.031738,-0.030518,-0.002441,-0.033082,-0.020508,0.006836,0.022949,-0.032104,-0.042236,260.300000,-20.203400,-35.607100,-0.076294,-0.029541,0.996460,-0.544312,0.838623,-0.016846,-0.835449,-0.543823,-0.079956,2072.000000,557.644000,-19.957000,303.827000,3.116000,0.039000,3.141000,0
-3.126000,4.308317,1.674300,-0.031738,-0.030518,-0.002441,-0.033082,-0.020508,0.006836,0.022949,-0.032104,-0.042236,260.300000,-20.203400,-35.607100,-0.076294,-0.029541,0.996460,-0.544312,0.838623,-0.016846,-0.835449,-0.543823,-0.079956,2072.000000,557.649000,-19.957000,303.831000,3.116000,0.039000,3.141000,0
-3.126000,4.309530,1.674300,-0.031738,-0.030518,-0.002441,-0.033204,-0.020508,0.006836,0.022949,-0.032104,-0.042358,260.300000,-20.203400,-35.607100,-0.076294,-0.029541,0.996460,-0.544434,0.838623,-0.016846,-0.835449,-0.543823,-0.080078,2072.000000,557.650000,-19.957000,303.832000,3.116000,0.039000,3.141000,0
-3.126000,4.310743,1.674300,-0.031738,-0.030518,-0.002441,-0.033204,-0.020508,0.006836,0.023071,-0.032104,-0.042358,260.300000,-20.203400,-35.607100,-0.076294,-0.029541,0.996460,-0.544434,0.838623,-0.016846,-0.835327,-0.543823,-0.080078,2068.000000,557.686000,-19.960000,303.863000,3.116000,0.039000,3.141000,0
-3.126000,4.311957,1.674300,-0.031738,-0.030640,-0.002441,-0.033204,-0.020630,0.006958,0.023071,-0.032226,-0.042358,260.300000,-20.203400,-35.607100,-0.076294,-0.029663,0.996460,-0.544434,0.838501,-0.016724,-0.835327,-0.543945,-0.080078,2068.000000,557.726000,-19.962000,303.880000,3.116000,0.039000,3.141000,0
-3.126000,4.313170,1.674300,-0.031738,-0.030640,-0.002441,-0.033326,-0.020630,0.006958,0.023071,-0.032226,-0.042358,260.300000,-20.203400,-35.607100,-0.076294,-0.029663,0.996460,-0.544556,0.838501,-0.016724,-0.835327,-0.543945,-0.080078,2072.000000,557.743000,-19.964000,303.876000,3.116000,0.039000,3.141000,0
-3.126000,4.314383,1.674300,-0.031738,-0.030640,-0.002441,-0.033326,-0.020630,0.006958,0.023071,-0.032226,-0.042358,260.300000,-20.203400,-35.607100,-0.076294,-0.029663,0.996460,-0.544556,0.838501,-0.016724,-0.835327,-0.543945,-0.080078,2072.000000,557.770000,-19.967000,303.844000,3.116000,0.039000,3.141000,0
-3.126000,4.315596,1.674300,-0.031738,-0.030640,-0.002441,-0.033326,-0.020630,0.006958,0.023071,-0.032226,-0.042358,260.300000,-20.203400,-35.607100,-0.076294,-0.029663,0.996460,-0.544556,0.838501,-0.016724,-0.835327,-0.543945,-0.080078,2072.000000,557.790000,-19.969000,303.833000,3.116000,0.039000,3.141000,0
-3.126000,4.316809,1.674300,-0.031616,-0.030640,-0.002441,-0.033204,-0.020630,0.006958,0.023071,-0.032226,-0.042358,260.300000,-20.203400,-35.607100,-0.076172,-0.029663,0.996460,-0.544434,0.838501,-0.016724,-0.835327,-0.543945,-0.080078,2072.000000,557.800000,-19.969000,303.830000,3.116000,0.039000,3.141000,0
-3.126000,4.318022,1.674300,-0.031616,-0.030640,-0.002441,-0.033204,-0.020630,0.006958,0.023071,-0.032226,-0.042358,260.300000,-20.203400,-35.607100,-0.076172,-0.029663,0.996460,-0.544434,0.838501,-0.016724,-0.835327,-0.543945,-0.080078,2072.000000,557.883000,-19.974000,303.827000,3.116000,0.039000,3.141000,0
-3.126000,4.319235,1.674300,-0.031738,-0.030640,-0.002441,-0.033204,-0.020508,0.006958,0.023071,-0.032226,-0.042358,260.300000,-20.203400,-35.607100,-0.076294,-0.029663,0.996460,-0.544434,0.838623,-0.016724,-0.835327,-0.543945,-0.080078,2072.000000,557.932000,-19.977000,303.834000,3.116000,0.039000,3.141000,0
-3.126000,4.320448,1.674300,-0.031738,-0.030640,-0.002441,-0.033204,-0.020508,0.006958,0.023071,-0.032226,-0.042358,260.300000,-20.203400,-35.607100,-0.076294,-0.029663,0.996460,-0.544434,0.838623,-0.016724,-0.835327,-0.543945,-0.080078,2072.000000,557.994000,-19.978000,303.847000,3.116000,0.039000,3.141000,0
-3.126000,4.321661,1.674300,-0.031738,-0.030640,-0.002441,-0.033204,-0.020508,0.006958,0.023071,-0.032104,-0.042358,260.300000,-20.203400,-35.607100,-0.076294,-0.029663,0.996460,-0.544434,0.838623,-0.016724,-0.835327,-0.543823,-0.080078,2072.000000,558.046000,-19.976000,303.858000,3.116000,0.039000,3.141000,0
-3.126000,4.322874,1.674300,-0.031738,-0.030640,-0.002441,-0.033204,-0.020508,0.006958,0.023071,-0.032104,-0.042358,260.300000,-20.203400,-35.607100,-0.076294,-0.029663,0.996460,-0.544434,0.838623,-0.016724,-0.835327,-0.543823,-0.080078,2072.000000,558.099000,-19.973000,303.869000,3.116000,0.039000,3.141000,0
-3.126000,4.324087,1.674300,-0.031738,-0.030640,-0.002441,-0.033204,-0.020508,0.006958,0.023071,-0.032104,-0.042358,260.300000,-20.203400,-35.607100,-0.076294,-0.029663,0.996460,-0.544434,0.838623,-0.016724,-0.835327,-0.543823,-0.080078,2072.000000,558.151000,-19.969000,303.873000,3.116000,0.039000,3.141000,0
-3.126000,4.325300,1.674300,-0.031860,-0.030640,-0.002441,-0.033204,-0.020508,0.006958,0.022949,-0.032104,-0.042480,260.300000,-20.203400,-35.607100,-0.076416,-0.029663,0.996460,-0.544434,0.838623,-0.016724,-0.835449,-0.543823,-0.080200,2076.000000,558.209000,-19.965000,303.870000,3.116000,0.039000,3.141000,0
-3.126000,4.326513,1.674300,-0.031860,-0.030640,-0.002441,-0.033082,-0.020508,0.006958,0.022949,-0.032104,-0.042480,260.300000,-20.203400,-35.607100,-0.076416,-0.029663,0.996460,-0.544312,0.838623,-0.016724,-0.835449,-0.543823,-0.080200,2076.000000,558.290000,-19.962000,303.872000,3.116000,0.039000,3.141000,0
-3.126000,4.327726,1.674300,-0.031860,-0.030640,-0.002441,-0.033082,-0.020508,0.006836,0.022949,-0.032104,-0.042480,260.300000,-20.203400,-35.607100,-0.076416,-0.029663,0.996460,-0.544312,0.838623,-0.016846,-0.835449,-0.543823,-0.080200,2076.000000,558.367000,-19.961000,303.874000,3.116000,0.039000,3.141000,0
-3.126000,4.328939,1.674300,-0.031860,-0.030640,-0.002441,-0.033082,-0.020508,0.006836,0.022949,-0.032104,-0.042480,260.300000,-20.203400,-35.607100,-0.076416,-0.029663,0.996460,-0.544312,0.838623,-0.016846,-0.835449,-0.543823,-0.080200,2076.000000,558.527000,-19.960000,303.871000,3.116000,0.039000,3.141000,0
-3.126000,4.330152,1.674300,-0.031860,-0.030640,-0.002441,-0.033204,-0.020508,0.006836,0.023071,-0.032104,-0.042480,260.300000,-20.203400,-35.607100,-0.076416,-0.029663,0.996460,-0.544434,0.838623,-0.016846,-0.835327,-0.543823,-0.080200,2080.000000,558.659000,-19.960000,303.864000,3.116000,0.039000,3.141000,0
-3.126000,4.331365,1.674300,-0.031860,-0.030640,-0.002441,-0.033204,-0.020508,0.006836,0.023071,-0.032104,-0.042603,260.300000,-20.203400,-35.607100,-0.076416,-0.029663,0.996460,-0.544434,0.838623,-0.016846,-0.835327,-0.543823,-0.080322,2080.000000,558.762000,-19.961000,303.857000,3.116000,0.039000,3.141000,0
-3.126000,4.332578,1.674300,-0.031982,-0.030640,-0.002441,-0.033204,-0.020508,0.006836,0.023071,-0.032104,-0.042603,260.300000,-20.203400,-35.607100,-0.076538,-0.029663,0.996460,-0.544434,0.838623,-0.016846,-0.835327,-0.543823,-0.080322,2080.000000,558.868000,-19.961000,303.850000,3.116000,0.039000,3.141000,0
-3.126000,4.333791,1.674300,-0.031982,-0.030762,-0.002441,-0.033204,-0.020508,0.006836,0.023071,-0.032104,-0.042603,260.300000,-20.203400,-35.607100,-0.076538,-0.029785,0.996460,-0.544434,0.838623,-0.016846,-0.835327,-0.543823,-0.080322,2084.000000,558.978000,-19.960000,303.854000,3.116000,0.039000,3.141000,0
-3.237000,4.335004,1.674300,-0.031982,-0.030762,-0.002441,-0.033204,-0.020508,0.006958,0.023071,-0.032226,-0.042603,260.189000,-20.203400,-35.607100,-0.076538,-0.029785,0.996460,-0.544434,0.838623,-0.016724,-0.835327,-0.543945,-0.080322,2084.000000,559.097000,-19.960000,303.863000,3.116000,0.039000,3.141000,0
-3.237000,4.336217,1.674300,-0.031982,-0.030762,-0.002441,-0.033204,-0.020508,0.006958,0.023071,-0.032226,-0.042603,260.189000,-20.203400,-35.607100,-0.076538,-0.029785,0.996460,-0.544434,0.838623,-0.016724,-0.835327,-0.543945,-0.080322,2088.000000,559.223000,-19.961000,303.874000,3.116000,0.039000,3.141000,0
-3.237000,4.337430,1.674300,-0.031982,-0.030762,-0.002441,-0.033204,-0.020630,0.006958,0.023071,-0.032226,-0.042725,260.189000,-20.203400,-35.607100,-0.076538,-0.029785,0.996460,-0.544434,0.838501,-0.016724,-0.835327,-0.543945,-0.080444,2088.000000,559.350000,-19.961000,303.893000,3.116000,0.039000,3.141000,0
-3.237000,4.338643,1.674300,-0.031982,-0.030884,-0.002441,-0.033204,-0.020630,0.006958,0.023071,-0.032226,-0.042725,260.189000,-20.203400,-35.607100,-0.076538,-0.029907,0.996460,-0.544434,0.838501,-0.016724,-0.835327,-0.543945,-0.080444,2092.000000,559.490000,-19.962000,303.908000,3.116000,0.039000,3.141000,0
-3.237000,4.339857,1.674300,-0.031982,-0.030884,-0.002441,-0.033326,-0.020630,0.006958,0.023071,-0.032226,-0.042725,260.189000,-20.203400,-35.607100,-0.076538,-0.029907,0.996460,-0.544556,0.838501,-0.016724,-0.835327,-0.543945,-0.080444,2096.000000,559.650000,-19.964000,303.918000,3.116000,0.039000,3.141000,0
-3.237000,4.341070,1.674300,-0.032105,-0.030884,-0.002441,-0.033326,-0.020630,0.006958,0.023071,-0.032226,-0.042847,260.189000,-20.203400,-35.607100,-0.076660,-0.029907,0.996460,-0.544556,0.838501,-0.016724,-0.835327,-0.543945,-0.080566,2096.000000,559.829000,-19.964000,303.927000,3.116000,0.039000,3.141000,0
-3.237000,4.342283,1.674300,-0.032105,-0.031006,-0.002441,-0.033326,-0.020630,0.007080,0.023071,-0.032226,-0.042847,260.189000,-20.203400,-35.607100,-0.076660,-0.030029,0.996460,-0.544556,0.838501,-0.016602,-0.835327,-0.543945,-0.080566,2100.000000,560.028000,-19.963000,303.927000,3.116000,0.039000,3.141000,0
-3.237000,4.343496,1.674300,-0.032105,-0.031006,-0.002441,-0.033326,-0.020630,0.007080,0.023193,-0.032226,-0.042969,260.189000,-20.203400,-35.607100,-0.076660,-0.030029,0.996460,-0.544556,0.838501,-0.016602,-0.835205,-0.543945,-0.080688,2104.000000,560.190000,-19.963000,303.921000,3.116000,0.039000,3.141000,0
-3.349000,4.344709,1.674300,-0.032105,-0.031128,-0.002441,-0.033326,-0.020630,0.007080,0.023193,-0.032226,-0.042969,260.077000,-20.203400,-35.607100,-0.076660,-0.030151,0.996460,-0.544556,0.838501,-0.016602,-0.835205,-0.543945,-0.080688,2108.000000,560.370000,-19.964000,303.910000,3.116000,0.039000,3.141000,0
-3.349000,4.345922,1.674300,-0.032226,-0.031128,-0.002441,-0.033326,-0.020630,0.007080,0.023193,-0.032226,-0.043091,260.077000,-20.203400,-35.607100,-0.076782,-0.030151,0.996460,-0.544556,0.838501,-0.016602,-0.835205,-0.543945,-0.080810,2112.000000,560.557000,-19.966000,303.911000,3.116000,0.039000,3.141000,0
-3.349000,4.347135,1.674300,-0.032226,-0.031250,-0.002441,-0.033326,-0.020630,0.007202,0.023193,-0.032348,-0.043091,260.077000,-20.203400,-35.607100,-0.076782,-0.030273,0.996460,-0.544556,0.838501,-0.016480,-0.835205,-0.544067,-0.080810,2116.000000,560.755000,-19.970000,303.920000,3.116000,0.039000,3.141000,0
-3.349000,4.348348,1.674300,-0.032226,-0.031372,-0.002441,-0.033448,-0.020630,0.007202,0.023193,-0.032348,-0.043091,260.077000,-20.203400,-35.607100,-0.076782,-0.030395,0.996460,-0.544678,0.838501,-0.016480,-0.835205,-0.544067,-0.080810,2124.000000,560.972000,-19.974000,303.931000,3.116000,0.039000,3.141000,0
-3.349000,4.349561,1.674300,-0.032226,-0.031372,-0.002441,-0.033448,-0.020752,0.007324,0.023193,-0.032348,-0.043213,260.077000,-20.203400,-35.607100,-0.076782,-0.030395,0.996460,-0.544678,0.838379,-0.016357,-0.835205,-0.544067,-0.080933,2128.000000,561.223000,-19.976000,303.941000,3.116000,0.039000,3.141000,0
-3.460000,4.350774,1.562600,-0.032226,-0.031616,-0.002441,-0.033448,-0.020752,0.007446,0.023315,-0.032348,-0.043335,259.966000,-20.203400,-35.718800,-0.076782,-0.030640,0.996460,-0.544678,0.838379,-0.016235,-0.835083,-0.544067,-0.081055,2136.000000,561.438000,-19.979000,303.959000,3.116000,0.039000,3.141000,0
-3.460000,4.351987,1.562600,-0.032226,-0.031738,-0.002441,-0.033570,-0.020752,0.007446,0.023315,-0.032470,-0.043457,259.966000,-20.203400,-35.718800,-0.076782,-0.030762,0.996460,-0.544800,0.838379,-0.016235,-0.835083,-0.544189,-0.081177,2144.000000,561.674000,-19.982000,303.977000,3.116000,0.039000,3.141000,0
-3.572000,4.353200,1.562600,-0.032349,-0.031860,-0.002441,-0.033570,-0.020752,0.007568,0.023315,-0.032470,-0.043457,259.854000,-20.091800,-35.718800,-0.076904,-0.030884,0.996460,-0.544800,0.838379,-0.016113,-0.835083,-0.544189,-0.081177,2152.000000,561.907000,-19.984000,303.980000,3.116000,0.039000,3.141000,0
-3.684000,4.346225,1.562600,-0.032349,-0.032104,-0.002441,-0.033692,-0.020874,0.007813,0.023315,-0.032470,-0.043701,259.742000,-20.091800,-35.718800,-0.076904,-0.031128,0.996460,-0.544922,0.838257,-0.015869,-0.835083,-0.544189,-0.081421,2168.000000,562.147000,-19.985000,303.979000,3.116000,0.039000,3.141000,0
-3.684000,4.339250,1.451000,-0.032349,-0.032227,-0.002441,-0.033692,-0.020874,0.007813,0.023437,-0.032470,-0.043823,259.742000,-20.091800,-35.830400,-0.076904,-0.031250,0.996460,-0.544922,0.838257,-0.015869,-0.834961,-0.544189,-0.081543,2180.000000,562.388000,-19.986000,303.978000,3.117000,0.039000,3.141000,0
-3.795000,4.332275,1.451000,-0.032471,-0.032471,-0.002563,-0.033692,-0.020874,0.008057,0.023437,-0.032470,-0.043945,259.631000,-20.091800,-35.830400,-0.077026,-0.031494,0.996338,-0.544922,0.838257,-0.015625,-0.834961,-0.544189,-0.081665,2196.000000,562.640000,-19.987000,303.974000,3.117000,0.039000,3.141000,0
-3.907000,4.325300,1.451000,-0.032471,-0.032593,-0.002563,-0.033570,-0.020752,0.008179,0.023315,-0.032470,-0.044067,259.519000,-20.091800,-35.830400,-0.077026,-0.031616,0.996338,-0.544800,0.838379,-0.015503,-0.835083,-0.544189,-0.081787,2212.000000,562.903000,-19.988000,303.966000,3.116000,0.039000,3.141000,0
-4.019000,4.318325,1.339400,-0.032471,-0.032715,-0.002563,-0.033570,-0.020752,0.008301,0.023315,-0.032348,-0.044189,259.407000,-20.091800,-35.942000,-0.077026,-0.031738,0.996338,-0.544800,0.838379,-0.015381,-0.835083,-0.544067,-0.081909,2228.000000,563.176000,-19.988000,303.955000,3.116000,0.039000,3.141000,0
-4.130000,4.311350,1.339400,-0.032471,-0.032959,-0.002563,-0.033570,-0.020752,0.008545,0.023315,-0.032348,-0.044312,259.296000,-20.091800,-35.942000,-0.077026,-0.031982,0.996338,-0.544800,0.838379,-0.015137,-0.835083,-0.544067,-0.082031,2252.000000,563.459000,-19.990000,303.951000,3.116000,0.039000,3.141000,0
-4.130000,4.304375,1.227800,-0.032471,-0.033203,-0.002563,-0.033448,-0.020752,0.008667,0.023315,-0.032226,-0.044434,259.296000,-20.091800,-36.053600,-0.077026,-0.032227,0.996338,-0.544678,0.838379,-0.015015,-0.835083,-0.543945,-0.082153,2272.000000,563.773000,-19.993000,303.957000,3.116000,0.039000,3.141000,0
-4.353000,4.297400,1.227800,-0.032349,-0.033447,-0.002563,-0.033448,-0.020630,0.008911,0.023315,-0.032226,-0.044434,259.073000,-20.091800,-36.053600,-0.076904,-0.032471,0.996338,-0.544678,0.838501,-0.014771,-0.835083,-0.543945,-0.082153,2300.000000,564.021000,-19.994000,303.962000,3.116000,0.039000,3.141000,0
-4.353000,4.290425,1.116200,-0.032226,-0.033569,-0.002563,-0.033448,-0.020630,0.009155,0.023193,-0.032226,-0.044434,259.073000,-20.091800,-36.165200,-0.076782,-0.032593,0.996338,-0.544678,0.838501,-0.014526,-0.835205,-0.543945,-0.082153,2320.000000,564.308000,-19.995000,303.970000,3.116000,0.039000,3.141000,0
-4.465000,4.283450,1.004500,-0.031982,-0.033813,-0.002563,-0.033448,-0.020630,0.009399,0.023193,-0.032104,-0.044312,258.961000,-20.091800,-36.276900,-0.076538,-0.032837,0.996338,-0.544678,0.838501,-0.014282,-0.835205,-0.543823,-0.082031,2344.000000,564.594000,-19.996000,303.978000,3.116000,0.039000,3.141000,0
-4.688000,4.276475,0.892900,-0.031738,-0.034058,-0.002441,-0.033326,-0.020630,0.009766,0.023193,-0.032104,-0.044189,258.738000,-20.091800,-36.388500,-0.076294,-0.033081,0.996460,-0.544556,0.838501,-0.013916,-0.835205,-0.543823,-0.081909,2380.000000,564.886000,-19.997000,303.990000,3.116000,0.039000,3.141000,0
-4.800000,4.269500,0.781300,-0.031372,-0.034180,-0.002441,-0.033326,-0.020508,0.010132,0.023071,-0.031982,-0.044067,258.626000,-20.091800,-36.500100,-0.075928,-0.033203,0.996460,-0.544556,0.838623,-0.013550,-0.835327,-0.543701,-0.081787,2404.000000,565.178000,-19.996000,303.998000,3.116000,0.039000,3.141000,0
-4.912000,4.262525,0.669700,-0.030884,-0.034424,-0.002441,-0.033204,-0.020508,0.010620,0.022949,-0.031738,-0.043823,258.514000,-20.091800,-36.611700,-0.075440,-0.033447,0.996460,-0.544434,0.838623,-0.013062,-0.835449,-0.543457,-0.081543,2440.000000,565.477000,-19.997000,304.003000,3.116000,0.039000,3.141000,0
-5.023000,4.255550,0.558100,-0.030518,-0.034546,-0.002441,-0.032959,-0.020386,0.010864,0.022827,-0.031616,-0.043579,258.403000,-20.091800,-36.723300,-0.075073,-0.033569,0.996460,-0.544189,0.838745,-0.012817,-0.835571,-0.543335,-0.081299,2468.000000,565.775000,-19.999000,304.007000,3.116000,0.039000,3.141000,0
-5.135000,4.248575,0.446400,-0.030151,-0.034668,-0.002441,-0.032837,-0.020264,0.011230,0.022705,-0.031494,-0.043335,258.291000,-20.091800,-36.835000,-0.074707,-0.033691,0.996460,-0.544067,0.838867,-0.012451,-0.835693,-0.543213,-0.081055,2496.000000,566.087000,-20.000000,304.030000,3.116000,0.039000,3.141000,0
-5.358000,4.241600,0.334800,-0.029541,-0.034912,-0.002319,-0.032715,-0.020142,0.011719,0.022460,-0.031250,-0.042847,258.068000,-20.203400,-36.946600,-0.074097,-0.033936,0.996582,-0.543945,0.838989,-0.011963,-0.835938,-0.542969,-0.080566,2536.000000,566.405000,-19.999000,304.050000,3.116000,0.039000,3.141000,0
-5.470000,4.227650,0.111600,-0.029053,-0.035034,-0.002319,-0.032471,-0.020020,0.012085,0.022338,-0.031128,-0.042603,257.956000,-20.203400,-37.169800,-0.073608,-0.034058,0.996582,-0.543701,0.839111,-0.011597,-0.836060,-0.542847,-0.080322,2568.000000,566.725000,-19.999000,304.060000,3.116000,0.039000,3.141000,0
-5.693000,4.213700,0.000000,-0.028442,-0.035156,-0.002319,-0.032227,-0.019898,0.012695,0.022094,-0.030884,-0.042114,257.733000,-20.203400,-37.281400,-0.072998,-0.034180,0.996582,-0.543457,0.839233,-0.010986,-0.836304,-0.542603,-0.079834,2612.000000,567.046000,-20.001000,304.077000,3.116000,0.039000,3.141000,0
-5.805000,4.199750,-0.111700,-0.027954,-0.035278,-0.002319,-0.032105,-0.019776,0.013062,0.021972,-0.030639,-0.041748,257.621000,-20.203400,-37.393100,-0.072510,-0.034302,0.996582,-0.543335,0.839355,-0.010620,-0.836426,-0.542358,-0.079468,2644.000000,567.365000,-20.002000,304.098000,3.116000,0.039000,3.141000,0
