Dif_X,Dif_Y,Dif_Z,Dif_X1,Dif_X2,Dif_X3,Dif_Y1,Dif_Y2,Dif_Y3,Dif_Z1,Dif_Z2,Dif_Z3,NDI_X,NDI_Y,NDI_Z,NDI_Rot_X1,NDI_Rot_X2,NDI_Rot_X3,NDI_Rot_Y1,NDI_Rot_Y2,NDI_Rot_Y3,NDI_Rot_Z1,NDI_Rot_Z2,NDI_Rot_Z3,NDI_Quality,Kuka_X,Kuka_Y,Kuka_Z,Kuka_A,Kuka_B,Kuka_C,Kuka_TSL
-0.446000,1.674300,0.111600,-0.002319,-0.010986,-0.000122,-0.014527,-0.008667,0.007568,0.008912,-0.014160,-0.007324,264.096000,15.180500,-36.835000,-0.047607,-0.008667,0.998657,-0.525391,0.850586,-0.017700,-0.849609,-0.525635,-0.045044,456.000000,557.641000,-19.950000,303.831000,3.116000,0.039000,3.141000,0
-0.446000,1.679152,0.111600,-0.002319,-0.010986,-0.000122,-0.014527,-0.008545,0.007568,0.008912,-0.014038,-0.007324,264.096000,15.180500,-36.835000,-0.047607,-0.008667,0.998657,-0.525391,0.850708,-0.017700,-0.849609,-0.525513,-0.045044,456.000000,557.641000,-19.950000,303.831000,3.116000,0.039000,3.141000,0
-0.446000,1.684004,0.111600,-0.002319,-0.010986,-0.000122,-0.014527,-0.008545,0.007568,0.008912,-0.014038,-0.007324,264.096000,15.180500,-36.835000,-0.047607,-0.008667,0.998657,-0.525391,0.850708,-0.017700,-0.849609,-0.525513,-0.045044,456.000000,557.641000,-19.950000,303.831000,3.116000,0.039000,3.141000,0
-0.446000,1.688857,0.111600,-0.002319,-0.010986,-0.000122,-0.014527,-0.008545,0.007568,0.008912,-0.014038,-0.007324,264.096000,15.180500,-36.835000,-0.047607,-0.008667,0.998657,-0.525391,0.850708,-0.017700,-0.849609,-0.525513,-0.045044,456.000000,557.641000,-19.950000,303.831000,3.116000,0.039000,3.141000,0
-0.446000,1.693709,0.111600,-0.002319,-0.010986,-0.000122,-0.014405,-0.008545,0.007568,0.008912,-0.014038,-0.007324,264.096000,15.180500,-36.835000,-0.047607,-0.008667,0.998657,-0.525269,0.850708,-0.017700,-0.849609,-0.525513,-0.045044,456.000000,557.641000,-19.950000,303.831000,3.116000,0.039000,3.141000,0
-0.446000,1.698561,0.111600,-0.002319,-0.010986,-0.000122,-0.014405,-0.008545,0.007568,0.008912,-0.014038,-0.007324,264.096000,15.180500,-36.835000,-0.047607,-0.008667,0.998657,-0.525269,0.850708,-0.017700,-0.849609,-0.525513,-0.045044,456.000000,557.641000,-19.950000,303.831000,3.116000,0.039000,3.141000,0
-0.446000,1.703413,0.111600,-0.002319,-0.010986,-0.000122,-0.014527,-0.008545,0.007568,0.008912,-0.014038,-0.007324,264.096000,15.180500,-36.835000,-0.047607,-0.008667,0.998657,-0.525391,0.850708,-0.017700,-0.849609,-0.525513,-0.045044,456.000000,557.641000,-19.950000,303.831000,3.116000,0.039000,3.141000,0
-0.446000,1.708265,0.111600,-0.002319,-0.010986,-0.000122,-0.014527,-0.008545,0.007568,0.008912,-0.014038,-0.007324,264.096000,15.180500,-36.835000,-0.047607,-0.008667,0.998657,-0.525391,0.850708,-0.017700,-0.849609,-0.525513,-0.045044,456.000000,557.641000,-19.950000,303.831000,3.116000,0.039000,3.141000,0
-0.446000,1.713117,0.111600,-0.002319,-0.010986,-0.000122,-0.014527,-0.008667,0.007568,0.008912,-0.014160,-0.007324,264.096000,15.180500,-36.835000,-0.047607,-0.008667,0.998657,-0.525391,0.850586,-0.017700,-0.849609,-0.525635,-0.045044,456.000000,557.641000,-19.950000,303.831000,3.116000,0.039000,3.141000,0
-0.446000,1.717970,0.111600,-0.002319,-0.010986,-0.000122,-0.014527,-0.008667,0.007568,0.008912,-0.014160,-0.007324,264.096000,15.180500,-36.835000,-0.047607,-0.008667,0.998657,-0.525391,0.850586,-0.017700,-0.849609,-0.525635,-0.045044,456.000000,557.641000,-19.950000,303.831000,3.116000,0.039000,3.141000,0
-0.446000,1.722822,0.111600,-0.002441,-0.010986,-0.000122,-0.014527,-0.008667,0.007568,0.008912,-0.014160,-0.007324,264.096000,15.180500,-36.835000,-0.047730,-0.008667,0.998657,-0.525391,0.850586,-0.017700,-0.849609,-0.525635,-0.045044,456.000000,557.641000,-19.950000,303.831000,3.116000,0.039000,3.141000,0
-0.446000,1.727674,0.111600,-0.002441,-0.010986,-0.000122,-0.014527,-0.008667,0.007568,0.008912,-0.014160,-0.007324,264.096000,15.180500,-36.835000,-0.047730,-0.008667,0.998657,-0.525391,0.850586,-0.017700,-0.849609,-0.525635,-0.045044,456.000000,557.641000,-19.950000,303.831000,3.116000,0.039000,3.141000,0
-0.446000,1.732526,0.111600,-0.002441,-0.010986,-0.000122,-0.014527,-0.008667,0.007568,0.009034,-0.014160,-0.007324,264.096000,15.180500,-36.835000,-0.047730,-0.008667,0.998657,-0.525391,0.850586,-0.017700,-0.849487,-0.525635,-0.045044,456.000000,557.641000,-19.950000,303.831000,3.116000,0.039000,3.141000,0
-0.446000,1.737378,0.111600,-0.002441,-0.010986,-0.000122,-0.014527,-0.008667,0.007568,0.009034,-0.014160,-0.007324,264.096000,15.180500,-36.835000,-0.047730,-0.008667,0.998657,-0.525391,0.850586,-0.017700,-0.849487,-0.525635,-0.045044,456.000000,557.641000,-19.950000,303.831000,3.116000,0.039000,3.141000,0
-0.446000,1.742230,0.111600,-0.002441,-0.010986,-0.000122,-0.014527,-0.008667,0.007568,0.009034,-0.014160,-0.007324,264.096000,15.180500,-36.835000,-0.047730,-0.008667,0.998657,-0.525391,0.850586,-0.017700,-0.849487,-0.525635,-0.045044,456.000000,557.641000,-19.950000,303.831000,3.116000,0.039000,3.141000,0
-0.446000,1.747083,0.111600,-0.002441,-0.010986,-0.000122,-0.014527,-0.008667,0.007568,0.009034,-0.014160,-0.007324,264.096000,15.180500,-36.835000,-0.047730,-0.008667,0.998657,-0.525391,0.850586,-0.017700,-0.849487,-0.525635,-0.045044,456.000000,557.641000,-19.950000,303.831000,3.116000,0.039000,3.141000,0
-0.446000,1.751935,0.111600,-0.002441,-0.010986,-0.000122,-0.014527,-0.008667,0.007568,0.009034,-0.014160,-0.007324,264.096000,15.180500,-36.835000,-0.047730,-0.008667,0.998657,-0.525391,0.850586,-0.017700,-0.849487,-0.525635,-0.045044,456.000000,557.641000,-19.950000,303.831000,3.116000,0.039000,3.141000,0
-0.446000,1.756787,0.111600,-0.002319,-0.010986,-0.000122,-0.014527,-0.008667,0.007568,0.009034,-0.014160,-0.007324,264.096000,15.180500,-36.835000,-0.047607,-0.008667,0.998657,-0.525391,0.850586,-0.017700,-0.849487,-0.525635,-0.045044,456.000000,557.641000,-19.950000,303.831000,3.116000,0.039000,3.141000,0
-0.446000,1.761639,0.111600,-0.002319,-0.010986,-0.000122,-0.014527,-0.008667,0.007568,0.009034,-0.014160,-0.007324,264.096000,15.180500,-36.835000,-0.047607,-0.008667,0.998657,-0.525391,0.850586,-0.017700,-0.849487,-0.525635,-0.045044,456.000000,557.641000,-19.950000,303.831000,3.116000,0.039000,3.141000,0
-0.446000,1.766491,0.111600,-0.002319,-0.010986,-0.000122,-0.014527,-0.008667,0.007568,0.009034,-0.014160,-0.007324,264.096000,15.180500,-36.835000,-0.047607,-0.008667,0.998657,-0.525391,0.850586,-0.017700,-0.849487,-0.525635,-0.045044,456.000000,557.641000,-19.950000,303.831000,3.116000,0.039000,3.141000,0
-0.446000,1.771343,0.111600,-0.002319,-0.010864,-0.000122,-0.014527,-0.008667,0.007568,0.009034,-0.014160,-0.007324,264.096000,15.180500,-36.835000,-0.047607,-0.008545,0.998657,-0.525391,0.850586,-0.017700,-0.849487,-0.525635,-0.045044,456.000000,557.641000,-19.950000,303.831000,3.116000,0.039000,3.141000,0
-0.446000,1.776196,0.111600,-0.002319,-0.010864,-0.000122,-0.014527,-0.008667,0.007568,0.009034,-0.014160,-0.007202,264.096000,15.180500,-36.835000,-0.047607,-0.008545,0.998657,-0.525391,0.850586,-0.017700,-0.849487,-0.525635,-0.044922,456.000000,557.641000,-19.950000,303.831000,3.116000,0.039000,3.141000,0
-0.446000,1.781048,0.111600,-0.002319,-0.010986,-0.000122,-0.014527,-0.008667,0.007568,0.009034,-0.014160,-0.007324,264.096000,15.180500,-36.835000,-0.047607,-0.008667,0.998657,-0.525391,0.850586,-0.017700,-0.849487,-0.525635,-0.045044,456.000000,557.641000,-19.950000,303.831000,3.116000,0.039000,3.141000,0
-0.446000,1.785900,0.111600,-0.002319,-0.010986,-0.000122,-0.014649,-0.008667,0.007568,0.009034,-0.014160,-0.007324,264.096000,15.292100,-36.835000,-0.047607,-0.008667,0.998657,-0.525513,0.850586,-0.017700,-0.849487,-0.525635,-0.045044,456.000000,557.641000,-19.950000,303.831000,3.116000,0.039000,3.141000,0
-0.446000,1.780320,0.111600,-0.002319,-0.010986,-0.000122,-0.014649,-0.008667,0.007568,0.009034,-0.014282,-0.007324,264.096000,15.292100,-36.835000,-0.047607,-0.008667,0.998657,-0.525513,0.850586,-0.017700,-0.849487,-0.525757,-0.045044,456.000000,557.641000,-19.950000,303.831000,3.116000,0.039000,3.141000,0
-0.446000,1.774740,0.111600,-0.002319,-0.010986,-0.000122,-0.014649,-0.008667,0.007568,0.009034,-0.014282,-0.007324,264.096000,15.292100,-36.835000,-0.047607,-0.008667,0.998657,-0.525513,0.850586,-0.017700,-0.849487,-0.525757,-0.045044,456.000000,557.641000,-19.950000,303.831000,3.116000,0.039000,3.141000,0
-0.446000,1.769160,0.111600,-0.002319,-0.010986,-0.000122,-0.014649,-0.008667,0.007446,0.009034,-0.014282,-0.007324,264.096000,15.292100,-36.835000,-0.047607,-0.008667,0.998657,-0.525513,0.850586,-0.017822,-0.849487,-0.525757,-0.045044,456.000000,557.641000,-19.950000,303.831000,3.116000,0.039000,3.141000,0
-0.446000,1.763580,0.111600,-0.002441,-0.010986,-0.000122,-0.014649,-0.008667,0.007446,0.009034,-0.014282,-0.007324,264.096000,15.292100,-36.835000,-0.047730,-0.008667,0.998657,-0.525513,0.850586,-0.017822,-0.849487,-0.525757,-0.045044,456.000000,557.641000,-19.950000,303.831000,3.116000,0.039000,3.141000,0
-0.446000,1.758000,0.111600,-0.002441,-0.010864,-0.000122,-0.014649,-0.008667,0.007446,0.009034,-0.014282,-0.007324,264.096000,15.292100,-36.835000,-0.047730,-0.008545,0.998657,-0.525513,0.850586,-0.017822,-0.849487,-0.525757,-0.045044,452.000000,557.641000,-19.950000,303.831000,3.116000,0.039000,3.141000,0
-0.446000,1.752420,0.111600,-0.002441,-0.010864,-0.000122,-0.014649,-0.008789,0.007446,0.009034,-0.014282,-0.007324,264.096000,15.292100,-36.835000,-0.047730,-0.008545,0.998657,-0.525513,0.850464,-0.017822,-0.849487,-0.525757,-0.045044,452.000000,557.641000,-19.950000,303.831000,3.116000,0.039000,3.141000,0
-0.446000,1.746840,0.111600,-0.002441,-0.010864,-0.000122,-0.014649,-0.008789,0.007446,0.009034,-0.014282,-0.007324,264.096000,15.292100,-36.835000,-0.047730,-0.008545,0.998657,-0.525513,0.850464,-0.017822,-0.849487,-0.525757,-0.045044,452.000000,557.641000,-19.950000,303.831000,3.116000,0.039000,3.141000,0
-0.446000,1.741260,0.111600,-0.002441,-0.010864,-0.000122,-0.014649,-0.008789,0.007446,0.009034,-0.014282,-0.007324,264.096000,15.292100,-36.835000,-0.047730,-0.008545,0.998657,-0.525513,0.850464,-0.017822,-0.849487,-0.525757,-0.045044,452.000000,557.641000,-19.950000,303.831000,3.116000,0.039000,3.141000,0
-0.446000,1.735680,0.111600,-0.002441,-0.010864,-0.000122,-0.014649,-0.008789,0.007446,0.009034,-0.014282,-0.007324,264.096000,15.292100,-36.835000,-0.047730,-0.008545,0.998657,-0.525513,0.850464,-0.017822,-0.849487,-0.525757,-0.045044,452.000000,557.641000,-19.950000,303.831000,3.116000,0.039000,3.141000,0
-0.446000,1.730100,0.111600,-0.002441,-0.010864,-0.000122,-0.014649,-0.008789,0.007446,0.009034,-0.014282,-0.007324,264.096000,15.292100,-36.835000,-0.047730,-0.008545,0.998657,-0.525513,0.850464,-0.017822,-0.849487,-0.525757,-0.045044,448.000000,557.641000,-19.950000,303.831000,3.116000,0.039000,3.141000,0
-0.446000,1.724520,0.111600,-0.002441,-0.010864,-0.000122,-0.014649,-0.008789,0.007446,0.009034,-0.014282,-0.007324,264.096000,15.292100,-36.835000,-0.047730,-0.008545,0.998657,-0.525513,0.850464,-0.017822,-0.849487,-0.525757,-0.045044,448.000000,557.641000,-19.950000,303.831000,3.116000,0.039000,3.141000,0
-0.446000,1.718940,0.111600,-0.002319,-0.010864,-0.000122,-0.014649,-0.008789,0.007446,0.009034,-0.014282,-0.007324,264.096000,15.292100,-36.835000,-0.047607,-0.008545,0.998657,-0.525513,0.850464,-0.017822,-0.849487,-0.525757,-0.045044,448.000000,557.641000,-19.950000,303.831000,3.116000,0.039000,3.141000,0
-0.446000,1.713360,0.111600,-0.002319,-0.010864,-0.000122,-0.014649,-0.008667,0.007446,0.009034,-0.014282,-0.007324,264.096000,15.292100,-36.835000,-0.047607,-0.008545,0.998657,-0.525513,0.850586,-0.017822,-0.849487,-0.525757,-0.045044,448.000000,557.641000,-19.950000,303.831000,3.116000,0.039000,3.141000,0
-0.446000,1.707780,0.111600,-0.002319,-0.010864,-0.000122,-0.014649,-0.008667,0.007446,0.009034,-0.014282,-0.007202,264.096000,15.292100,-36.835000,-0.047607,-0.008545,0.998657,-0.525513,0.850586,-0.017822,-0.849487,-0.525757,-0.044922,448.000000,557.641000,-19.950000,303.831000,3.116000,0.039000,3.141000,0
-0.446000,1.702200,0.111600,-0.002319,-0.010864,-0.000122,-0.014649,-0.008667,0.007568,0.009034,-0.014282,-0.007202,264.096000,15.292100,-36.835000,-0.047607,-0.008545,0.998657,-0.525513,0.850586,-0.017700,-0.849487,-0.525757,-0.044922,448.000000,557.641000,-19.950000,303.831000,3.116000,0.039000,3.141000,0
-0.446000,1.696620,0.111600,-0.002197,-0.010864,-0.000122,-0.014649,-0.008667,0.007568,0.009034,-0.014282,-0.007202,264.096000,15.292100,-36.835000,-0.047485,-0.008545,0.998657,-0.525513,0.850586,-0.017700,-0.849487,-0.525757,-0.044922,448.000000,557.641000,-19.950000,303.831000,3.116000,0.039000,3.141000,0
-0.446000,1.691040,0.111600,-0.002197,-0.010864,-0.000122,-0.014649,-0.008667,0.007568,0.009034,-0.014282,-0.007202,264.096000,15.292100,-36.835000,-0.047485,-0.008545,0.998657,-0.525513,0.850586,-0.017700,-0.849487,-0.525757,-0.044922,448.000000,557.641000,-19.950000,303.831000,3.116000,0.039000,3.141000,0
-0.446000,1.685460,0.111600,-0.002197,-0.010864,-0.000122,-0.014649,-0.008667,0.007568,0.009034,-0.014160,-0.007202,264.096000,15.292100,-36.835000,-0.047485,-0.008545,0.998657,-0.525513,0.850586,-0.017700,-0.849487,-0.525635,-0.044922,448.000000,557.641000,-19.950000,303.831000,3.116000,0.039000,3.141000,0
-0.446000,1.679880,0.111600,-0.002197,-0.010864,-0.000122,-0.014649,-0.008667,0.007568,0.009034,-0.014160,-0.007080,264.096000,15.292100,-36.835000,-0.047485,-0.008545,0.998657,-0.525513,0.850586,-0.017700,-0.849487,-0.525635,-0.044800,448.000000,557.641000,-19.950000,303.831000,3.116000,0.039000,3.141000,0
-0.446000,1.674300,0.111600,-0.002197,-0.010864,-0.000122,-0.014527,-0.008667,0.007568,0.009034,-0.014160,-0.007080,264.096000,15.180500,-36.835000,-0.047485,-0.008545,0.998657,-0.525391,0.850586,-0.017700,-0.849487,-0.525635,-0.044800,448.000000,557.641000,-19.950000,303.831000,3.116000,0.039000,3.141000,0
-0.446000,1.686700,0.000000,-0.002197,-0.010864,-0.000122,-0.014527,-0.008667,0.007568,0.009034,-0.014160,-0.007080,264.096000,15.180500,-36.946600,-0.047485,-0.008545,0.998657,-0.525391,0.850586,-0.017700,-0.849487,-0.525635,-0.044800,448.000000,557.641000,-19.950000,303.831000,3.116000,0.039000,3.141000,0
-0.446000,1.699100,0.000000,-0.002075,-0.010864,-0.000122,-0.014527,-0.008667,0.007568,0.009034,-0.014160,-0.007080,264.096000,15.180500,-36.946600,-0.047363,-0.008545,0.998657,-0.525391,0.850586,-0.017700,-0.849487,-0.525635,-0.044800,448.000000,557.641000,-19.950000,303.831000,3.116000,0.039000,3.141000,0
-0.446000,1.711500,0.000000,-0.002197,-0.010864,-0.000122,-0.014527,-0.008667,0.007568,0.009034,-0.014160,-0.007080,264.096000,15.180500,-36.946600,-0.047485,-0.008545,0.998657,-0.525391,0.850586,-0.017700,-0.849487,-0.525635,-0.044800,448.000000,557.641000,-19.950000,303.831000,3.116000,0.039000,3.141000,0
-0.446000,1.723900,0.111600,-0.002197,-0.010864,-0.000122,-0.014527,-0.008667,0.007568,0.009034,-0.014160,-0.007080,264.096000,15.180500,-36.835000,-0.047485,-0.008545,0.998657,-0.525391,0.850586,-0.017700,-0.849487,-0.525635,-0.044800,448.000000,557.641000,-19.950000,303.831000,3.116000,0.039000,3.141000,0
-0.446000,1.736300,0.111600,-0.002319,-0.010986,-0.000122,-0.014405,-0.008545,0.007568,0.008912,-0.014038,-0.007324,264.096000,15.180500,-36.835000,-0.047607,-0.008667,0.998657,-0.525269,0.850708,-0.017700,-0.849609,-0.525513,-0.045044,452.000000,557.641000,-19.950000,303.831000,3.116000,0.039000,3.141000,0
-0.446000,1.748700,0.111600,-0.002319,-0.010986,-0.000122,-0.014405,-0.008545,0.007568,0.008912,-0.014038,-0.007324,264.096000,15.180500,-36.835000,-0.047607,-0.008667,0.998657,-0.525269,0.850708,-0.017700,-0.849609,-0.525513,-0.045044,456.000000,557.648000,-19.956000,303.845000,3.116000,0.039000,3.141000,0
-0.446000,1.761100,0.111600,-0.002319,-0.010986,-0.000122,-0.014405,-0.008545,0.007568,0.008912,-0.014038,-0.007324,264.096000,15.180500,-36.835000,-0.047607,-0.008667,0.998657,-0.525269,0.850708,-0.017700,-0.849609,-0.525513,-0.045044,456.000000,557.648000,-19.957000,303.845000,3.116000,0.039000,3.141000,0
-0.446000,1.773500,0.111600,-0.002319,-0.010986,-0.000122,-0.014405,-0.008545,0.007568,0.008912,-0.014038,-0.007324,264.096000,15.180500,-36.835000,-0.047607,-0.008667,0.998657,-0.525269,0.850708,-0.017700,-0.849609,-0.525513,-0.045044,456.000000,557.649000,-19.957000,303.845000,3.116000,0.039000,3.141000,0
-0.446000,1.785900,0.111600,-0.002319,-0.010864,-0.000122,-0.014649,-0.008667,0.007446,0.009034,-0.014282,-0.007202,264.096000,15.292100,-36.835000,-0.047607,-0.008545,0.998657,-0.525513,0.850586,-0.017822,-0.849487,-0.525757,-0.044922,452.000000,557.649000,-19.957000,303.845000,3.116000,0.039000,3.141000,0
-0.446000,1.788046,0.111600,-0.002319,-0.010742,-0.000122,-0.014649,-0.008667,0.007446,0.009034,-0.014282,-0.007202,264.096000,15.292100,-36.835000,-0.047607,-0.008423,0.998657,-0.525513,0.850586,-0.017822,-0.849487,-0.525757,-0.044922,452.000000,557.649000,-19.958000,303.845000,3.116000,0.039000,3.141000,0
-0.446000,1.790192,0.111600,-0.002319,-0.010742,-0.000122,-0.014649,-0.008667,0.007446,0.009034,-0.014282,-0.007202,264.096000,15.292100,-36.835000,-0.047607,-0.008423,0.998657,-0.525513,0.850586,-0.017822,-0.849487,-0.525757,-0.044922,452.000000,557.649000,-19.958000,303.845000,3.116000,0.039000,3.141000,0
-0.446000,1.792338,0.111600,-0.002319,-0.010742,-0.000122,-0.014649,-0.008667,0.007324,0.009034,-0.014282,-0.007202,264.096000,15.292100,-36.835000,-0.047607,-0.008423,0.998657,-0.525513,0.850586,-0.017944,-0.849487,-0.525757,-0.044922,452.000000,557.649000,-19.958000,303.845000,3.116000,0.039000,3.141000,0
-0.446000,1.794485,0.111600,-0.002319,-0.010742,-0.000122,-0.014649,-0.008667,0.007324,0.009034,-0.014282,-0.007202,264.096000,15.292100,-36.835000,-0.047607,-0.008423,0.998657,-0.525513,0.850586,-0.017944,-0.849487,-0.525757,-0.044922,452.000000,557.650000,-19.958000,303.846000,3.116000,0.039000,3.141000,0
-0.446000,1.796631,0.111600,-0.002441,-0.010742,-0.000122,-0.014649,-0.008667,0.007324,0.009034,-0.014282,-0.007202,264.096000,15.292100,-36.835000,-0.047730,-0.008423,0.998657,-0.525513,0.850586,-0.017944,-0.849487,-0.525757,-0.044922,448.000000,557.650000,-19.958000,303.846000,3.116000,0.039000,3.141000,0
-0.446000,1.798777,0.111600,-0.002441,-0.010742,-0.000122,-0.014649,-0.008667,0.007324,0.009034,-0.014282,-0.007202,264.096000,15.292100,-36.835000,-0.047730,-0.008423,0.998657,-0.525513,0.850586,-0.017944,-0.849487,-0.525757,-0.044922,448.000000,557.651000,-19.958000,303.847000,3.116000,0.039000,3.141000,0
-0.446000,1.800923,0.111600,-0.002319,-0.010742,-0.000122,-0.014649,-0.008667,0.007446,0.009034,-0.014282,-0.007202,264.096000,15.292100,-36.835000,-0.047607,-0.008423,0.998657,-0.525513,0.850586,-0.017822,-0.849487,-0.525757,-0.044922,448.000000,557.665000,-19.959000,303.855000,3.116000,0.039000,3.141000,0
-0.446000,1.803069,0.111600,-0.002319,-0.010864,-0.000122,-0.014649,-0.008667,0.007446,0.009034,-0.014282,-0.007202,264.096000,15.292100,-36.835000,-0.047607,-0.008545,0.998657,-0.525513,0.850586,-0.017822,-0.849487,-0.525757,-0.044922,448.000000,557.677000,-19.960000,303.860000,3.116000,0.039000,3.141000,0
-0.446000,1.805215,0.111600,-0.002319,-0.010864,-0.000122,-0.014649,-0.008789,0.007446,0.009034,-0.014282,-0.007202,264.096000,15.292100,-36.835000,-0.047607,-0.008545,0.998657,-0.525513,0.850464,-0.017822,-0.849487,-0.525757,-0.044922,448.000000,557.709000,-19.962000,303.865000,3.116000,0.039000,3.141000,0
-0.446000,1.807362,0.111600,-0.002319,-0.010864,-0.000122,-0.014649,-0.008789,0.007446,0.009034,-0.014282,-0.007202,264.096000,15.292100,-36.835000,-0.047607,-0.008545,0.998657,-0.525513,0.850464,-0.017822,-0.849487,-0.525757,-0.044922,448.000000,557.732000,-19.965000,303.865000,3.116000,0.039000,3.141000,0
-0.446000,1.809508,0.111600,-0.002319,-0.010864,-0.000122,-0.014649,-0.008789,0.007446,0.009034,-0.014282,-0.007202,264.096000,15.292100,-36.835000,-0.047607,-0.008545,0.998657,-0.525513,0.850464,-0.017822,-0.849487,-0.525757,-0.044922,448.000000,557.740000,-19.965000,303.861000,3.116000,0.039000,3.141000,0
-0.446000,1.811654,0.111600,-0.002319,-0.010864,-0.000122,-0.014649,-0.008667,0.007446,0.009034,-0.014282,-0.007202,264.096000,15.292100,-36.835000,-0.047607,-0.008545,0.998657,-0.525513,0.850586,-0.017822,-0.849487,-0.525757,-0.044922,448.000000,557.764000,-19.968000,303.846000,3.116000,0.039000,3.141000,0
-0.446000,1.813800,0.111600,-0.002319,-0.010864,-0.000122,-0.014649,-0.008667,0.007446,0.009034,-0.014282,-0.007202,264.096000,15.292100,-36.835000,-0.047607,-0.008545,0.998657,-0.525513,0.850586,-0.017822,-0.849487,-0.525757,-0.044922,448.000000,557.779000,-19.969000,303.843000,3.116000,0.039000,3.141000,0
-0.446000,1.815946,0.111600,-0.002319,-0.010864,-0.000122,-0.014649,-0.008667,0.007446,0.009034,-0.014282,-0.007202,264.096000,15.292100,-36.835000,-0.047607,-0.008545,0.998657,-0.525513,0.850586,-0.017822,-0.849487,-0.525757,-0.044922,448.000000,557.800000,-19.970000,303.841000,3.116000,0.039000,3.141000,0
-0.446000,1.818092,0.111600,-0.002319,-0.010864,-0.000122,-0.014649,-0.008667,0.007446,0.009034,-0.014282,-0.007202,264.096000,15.292100,-36.835000,-0.047607,-0.008545,0.998657,-0.525513,0.850586,-0.017822,-0.849487,-0.525757,-0.044922,448.000000,557.826000,-19.971000,303.843000,3.116000,0.039000,3.141000,0
-0.446000,1.820238,0.111600,-0.002319,-0.010864,-0.000122,-0.014649,-0.008667,0.007446,0.009034,-0.014282,-0.007202,264.096000,15.292100,-36.835000,-0.047607,-0.008545,0.998657,-0.525513,0.850586,-0.017822,-0.849487,-0.525757,-0.044922,448.000000,557.864000,-19.972000,303.852000,3.116000,0.039000,3.141000,0
-0.446000,1.822385,0.111600,-0.002319,-0.010864,-0.000122,-0.014649,-0.008667,0.007446,0.009034,-0.014282,-0.007202,264.096000,15.292100,-36.835000,-0.047607,-0.008545,0.998657,-0.525513,0.850586,-0.017822,-0.849487,-0.525757,-0.044922,448.000000,557.908000,-19.974000,303.864000,3.116000,0.039000,3.141000,0
-0.446000,1.824531,0.111600,-0.002319,-0.010864,-0.000122,-0.014649,-0.008667,0.007446,0.009034,-0.014282,-0.007202,264.096000,15.292100,-36.835000,-0.047607,-0.008545,0.998657,-0.525513,0.850586,-0.017822,-0.849487,-0.525757,-0.044922,448.000000,557.977000,-19.978000,303.878000,3.116000,0.039000,3.141000,0
-0.446000,1.826677,0.111600,-0.002319,-0.010864,-0.000122,-0.014649,-0.008667,0.007446,0.009034,-0.014282,-0.007202,264.096000,15.292100,-36.835000,-0.047607,-0.008545,0.998657,-0.525513,0.850586,-0.017822,-0.849487,-0.525757,-0.044922,452.000000,558.075000,-19.976000,303.884000,3.116000,0.039000,3.141000,0
-0.446000,1.828823,0.111600,-0.002319,-0.010864,-0.000122,-0.014649,-0.008667,0.007446,0.009034,-0.014282,-0.007324,264.096000,15.292100,-36.835000,-0.047607,-0.008545,0.998657,-0.525513,0.850586,-0.017822,-0.849487,-0.525757,-0.045044,452.000000,558.113000,-19.974000,303.883000,3.116000,0.039000,3.141000,0
-0.446000,1.830969,0.111600,-0.002319,-0.010864,-0.000122,-0.014649,-0.008667,0.007446,0.009034,-0.014282,-0.007324,264.096000,15.292100,-36.835000,-0.047607,-0.008545,0.998657,-0.525513,0.850586,-0.017822,-0.849487,-0.525757,-0.045044,452.000000,558.226000,-19.967000,303.864000,3.116000,0.039000,3.141000,0
-0.446000,1.833115,0.111600,-0.002319,-0.010864,-0.000122,-0.014649,-0.008667,0.007446,0.009034,-0.014282,-0.007324,264.096000,15.292100,-36.835000,-0.047607,-0.008545,0.998657,-0.525513,0.850586,-0.017822,-0.849487,-0.525757,-0.045044,452.000000,558.285000,-19.964000,303.858000,3.116000,0.039000,3.141000,0
-0.446000,1.835262,0.111600,-0.002319,-0.010864,-0.000122,-0.014649,-0.008667,0.007446,0.009034,-0.014282,-0.007324,264.096000,15.292100,-36.835000,-0.047607,-0.008545,0.998657,-0.525513,0.850586,-0.017822,-0.849487,-0.525757,-0.045044,452.000000,558.464000,-19.960000,303.854000,3.116000,0.039000,3.141000,0
-0.446000,1.837408,0.111600,-0.002319,-0.010864,-0.000122,-0.014649,-0.008667,0.007446,0.009034,-0.014282,-0.007324,264.096000,15.292100,-36.835000,-0.047607,-0.008545,0.998657,-0.525513,0.850586,-0.017822,-0.849487,-0.525757,-0.045044,452.000000,558.557000,-19.960000,303.860000,3.116000,0.039000,3.141000,0
-0.446000,1.839554,0.111600,-0.002319,-0.010864,-0.000122,-0.014649,-0.008667,0.007446,0.009034,-0.014282,-0.007324,264.096000,15.292100,-36.835000,-0.047607,-0.008545,0.998657,-0.525513,0.850586,-0.017822,-0.849487,-0.525757,-0.045044,452.000000,558.669000,-19.961000,303.871000,3.116000,0.039000,3.141000,0
-0.446000,1.841700,0.111600,-0.002319,-0.010864,-0.000122,-0.014649,-0.008667,0.007446,0.009034,-0.014282,-0.007324,264.096000,15.292100,-36.835000,-0.047607,-0.008545,0.998657,-0.525513,0.850586,-0.017822,-0.849487,-0.525757,-0.045044,452.000000,558.883000,-19.963000,303.889000,3.116000,0.039000,3.141000,0
-0.446000,1.843846,0.111600,-0.002441,-0.010864,-0.000122,-0.014649,-0.008667,0.007446,0.009034,-0.014282,-0.007324,264.096000,15.292100,-36.835000,-0.047730,-0.008545,0.998657,-0.525513,0.850586,-0.017822,-0.849487,-0.525757,-0.045044,452.000000,559.143000,-19.961000,303.898000,3.116000,0.039000,3.141000,0
-0.446000,1.845992,0.111600,-0.002441,-0.010864,-0.000122,-0.014649,-0.008667,0.007446,0.009034,-0.014282,-0.007446,264.096000,15.292100,-36.835000,-0.047730,-0.008545,0.998657,-0.525513,0.850586,-0.017822,-0.849487,-0.525757,-0.045166,452.000000,559.232000,-19.961000,303.899000,3.116000,0.039000,3.141000,0
-0.446000,1.848138,0.111600,-0.002441,-0.010986,-0.000122,-0.014649,-0.008667,0.007446,0.009034,-0.014282,-0.007446,264.096000,15.292100,-36.835000,-0.047730,-0.008667,0.998657,-0.525513,0.850586,-0.017822,-0.849487,-0.525757,-0.045166,452.000000,559.366000,-19.961000,303.902000,3.116000,0.039000,3.141000,0
-0.446000,1.850285,0.111600,-0.002564,-0.010986,-0.000122,-0.014649,-0.008667,0.007446,0.009034,-0.014282,-0.007446,264.096000,15.292100,-36.835000,-0.047852,-0.008667,0.998657,-0.525513,0.850586,-0.017822,-0.849487,-0.525757,-0.045166,452.000000,559.516000,-19.962000,303.899000,3.116000,0.039000,3.141000,0
-0.446000,1.852431,0.111600,-0.002564,-0.010986,-0.000122,-0.014649,-0.008667,0.007446,0.009034,-0.014282,-0.007568,264.096000,15.292100,-36.835000,-0.047852,-0.008667,0.998657,-0.525513,0.850586,-0.017822,-0.849487,-0.525757,-0.045288,452.000000,559.678000,-19.964000,303.904000,3.116000,0.039000,3.141000,0
-0.446000,1.854577,0.111600,-0.002564,-0.010986,-0.000122,-0.014649,-0.008667,0.007446,0.009034,-0.014282,-0.007568,264.096000,15.292100,-36.835000,-0.047852,-0.008667,0.998657,-0.525513,0.850586,-0.017822,-0.849487,-0.525757,-0.045288,452.000000,559.848000,-19.965000,303.905000,3.116000,0.039000,3.141000,0
-0.446000,1.856723,0.111600,-0.002564,-0.011108,-0.000122,-0.014649,-0.008789,0.007446,0.009034,-0.014282,-0.007568,264.096000,15.292100,-36.835000,-0.047852,-0.008789,0.998657,-0.525513,0.850464,-0.017822,-0.849487,-0.525757,-0.045288,452.000000,560.018000,-19.966000,303.900000,3.116000,0.039000,3.141000,0
-0.446000,1.858869,0.111600,-0.002686,-0.011108,-0.000122,-0.014649,-0.008789,0.007446,0.009034,-0.014282,-0.007690,264.096000,15.292100,-36.835000,-0.047974,-0.008789,0.998657,-0.525513,0.850464,-0.017822,-0.849487,-0.525757,-0.045410,452.000000,560.199000,-19.966000,303.900000,3.116000,0.039000,3.141000,0
-0.446000,1.861015,0.111600,-0.002686,-0.011108,-0.000122,-0.014771,-0.008789,0.007568,0.009156,-0.014404,-0.007690,264.096000,15.292100,-36.835000,-0.047974,-0.008789,0.998657,-0.525635,0.850464,-0.017700,-0.849365,-0.525879,-0.045410,456.000000,560.394000,-19.965000,303.914000,3.116000,0.039000,3.141000,0
-0.558000,1.863162,0.111600,-0.002686,-0.011108,-0.000122,-0.014771,-0.008789,0.007568,0.009156,-0.014404,-0.007690,263.984000,15.292100,-36.835000,-0.047974,-0.008789,0.998657,-0.525635,0.850464,-0.017700,-0.849365,-0.525879,-0.045410,456.000000,560.597000,-19.965000,303.935000,3.116000,0.039000,3.141000,0
-0.558000,1.865308,0.111600,-0.002686,-0.011230,-0.000122,-0.014771,-0.008789,0.007568,0.009156,-0.014404,-0.007690,263.984000,15.292100,-36.835000,-0.047974,-0.008911,0.998657,-0.525635,0.850464,-0.017700,-0.849365,-0.525879,-0.045410,456.000000,560.822000,-19.969000,303.945000,3.116000,0.039000,3.141000,0
-0.558000,1.867454,0.111600,-0.002686,-0.011230,-0.000122,-0.014893,-0.008789,0.007568,0.009156,-0.014404,-0.007813,263.984000,15.292100,-36.835000,-0.047974,-0.008911,0.998657,-0.525757,0.850464,-0.017700,-0.849365,-0.525879,-0.045532,456.000000,561.014000,-19.974000,303.946000,3.116000,0.039000,3.141000,0
-0.558000,1.869600,0.111600,-0.002808,-0.011230,-0.000122,-0.014893,-0.008911,0.007568,0.009156,-0.014526,-0.007813,263.984000,15.292100,-36.835000,-0.048096,-0.008911,0.998657,-0.525757,0.850342,-0.017700,-0.849365,-0.526001,-0.045532,456.000000,561.232000,-19.978000,303.946000,3.116000,0.039000,3.141000,0
-0.558000,1.871746,0.111600,-0.002808,-0.011230,-0.000122,-0.014893,-0.008911,0.007568,0.009278,-0.014526,-0.007813,263.984000,15.292100,-36.835000,-0.048096,-0.008911,0.998657,-0.525757,0.850342,-0.017700,-0.849243,-0.526001,-0.045532,456.000000,561.457000,-19.982000,303.952000,3.116000,0.039000,3.141000,0
-0.558000,1.873892,0.111600,-0.002808,-0.011353,-0.000122,-0.014893,-0.008911,0.007568,0.009278,-0.014526,-0.007813,263.984000,15.292100,-36.835000,-0.048096,-0.009033,0.998657,-0.525757,0.850342,-0.017700,-0.849243,-0.526001,-0.045532,456.000000,561.679000,-19.985000,303.951000,3.116000,0.039000,3.141000,0
-0.558000,1.876038,0.111600,-0.002808,-0.011353,-0.000122,-0.015015,-0.008911,0.007568,0.009278,-0.014648,-0.007935,263.984000,15.292100,-36.835000,-0.048096,-0.009033,0.998657,-0.525879,0.850342,-0.017700,-0.849243,-0.526123,-0.045654,460.000000,561.914000,-19.987000,303.943000,3.116000,0.039000,3.141000,0
-0.558000,1.878185,0.111600,-0.002808,-0.011353,-0.000122,-0.015015,-0.008911,0.007568,0.009278,-0.014648,-0.007935,263.984000,15.292100,-36.835000,-0.048096,-0.009033,0.998657,-0.525879,0.850342,-0.017700,-0.849243,-0.526123,-0.045654,460.000000,562.162000,-19.989000,303.943000,3.117000,0.039000,3.141000,0
-0.558000,1.880331,0.111600,-0.002930,-0.011353,-0.000122,-0.015015,-0.008911,0.007568,0.009278,-0.014648,-0.008057,263.984000,15.292100,-36.835000,-0.048218,-0.009033,0.998657,-0.525879,0.850342,-0.017700,-0.849243,-0.526123,-0.045776,460.000000,562.420000,-19.992000,303.955000,3.116000,0.039000,3.141000,0
-0.558000,1.882477,0.111600,-0.002930,-0.011475,-0.000122,-0.015137,-0.009033,0.007690,0.009400,-0.014770,-0.008057,263.984000,15.292100,-36.835000,-0.048218,-0.009155,0.998657,-0.526001,0.850220,-0.017578,-0.849121,-0.526245,-0.045776,460.000000,562.692000,-19.994000,303.978000,3.116000,0.039000,3.141000,0
-0.558000,1.884623,0.111600,-0.002930,-0.011475,-0.000122,-0.015137,-0.009033,0.007690,0.009400,-0.014770,-0.008057,263.984000,15.292100,-36.835000,-0.048218,-0.009155,0.998657,-0.526001,0.850220,-0.017578,-0.849121,-0.526245,-0.045776,460.000000,562.966000,-19.994000,303.998000,3.116000,0.039000,3.141000,0
-0.558000,1.886769,0.111600,-0.002930,-0.011597,-0.000122,-0.015259,-0.009033,0.007690,0.009400,-0.014770,-0.008179,263.984000,15.292100,-36.835000,-0.048218,-0.009277,0.998657,-0.526123,0.850220,-0.017578,-0.849121,-0.526245,-0.045898,464.000000,563.238000,-19.995000,304.012000,3.117000,0.039000,3.141000,0
-0.558000,1.888915,0.111600,-0.002930,-0.011597,-0.000122,-0.015259,-0.009033,0.007690,0.009400,-0.014892,-0.008179,263.984000,15.292100,-36.835000,-0.048218,-0.009277,0.998657,-0.526123,0.850220,-0.017578,-0.849121,-0.526367,-0.045898,464.000000,563.504000,-19.995000,304.020000,3.117000,0.039000,3.141000,0
-0.558000,1.891062,0.111600,-0.003052,-0.011719,-0.000122,-0.015259,-0.009155,0.007690,0.009522,-0.014892,-0.008301,263.984000,15.292100,-36.835000,-0.048340,-0.009399,0.998657,-0.526123,0.850098,-0.017578,-0.848999,-0.526367,-0.046020,464.000000,563.767000,-19.993000,304.021000,3.117000,0.039000,3.141000,0
-0.558000,1.893208,0.111600,-0.003052,-0.011719,-0.000122,-0.015381,-0.009155,0.007813,0.009522,-0.015014,-0.008301,263.984000,15.292100,-36.835000,-0.048340,-0.009399,0.998657,-0.526245,0.850098,-0.017456,-0.848999,-0.526489,-0.046020,468.000000,564.030000,-19.992000,304.017000,3.117000,0.039000,3.141000,0
-0.558000,1.895354,0.111600,-0.003052,-0.011719,-0.000122,-0.015381,-0.009155,0.007813,0.009522,-0.015014,-0.008423,263.984000,15.292100,-36.835000,-0.048340,-0.009399,0.998657,-0.526245,0.850098,-0.017456,-0.848999,-0.526489,-0.046143,468.000000,564.314000,-19.993000,304.020000,3.117000,0.039000,3.141000,0
-0.558000,1.897500,0.111600,-0.003174,-0.011841,-0.000122,-0.015503,-0.009277,0.007813,0.009644,-0.015136,-0.008423,263.984000,15.403700,-36.835000,-0.048462,-0.009521,0.998657,-0.526367,0.849976,-0.017456,-0.848877,-0.526611,-0.046143,472.000000,564.601000,-19.996000,304.017000,3.117000,0.039000,3.141000,0
-0.558000,1.906085,0.111600,-0.003174,-0.011841,-0.000122,-0.015625,-0.009277,0.007813,0.009644,-0.015136,-0.008545,263.984000,15.403700,-36.835000,-0.048462,-0.009521,0.998657,-0.526489,0.849976,-0.017456,-0.848877,-0.526611,-0.046265,472.000000,564.900000,-20.000000,304.021000,3.117000,0.039000,3.141000,0
-0.558000,1.914669,0.111600,-0.003296,-0.011963,-0.000122,-0.015625,-0.009277,0.007813,0.009644,-0.015258,-0.008545,263.984000,15.403700,-36.835000,-0.048584,-0.009644,0.998657,-0.526489,0.849976,-0.017456,-0.848877,-0.526733,-0.046265,476.000000,565.197000,-20.000000,304.026000,3.117000,0.039000,3.141000,0
-0.558000,1.923254,0.111600,-0.003296,-0.011963,-0.000122,-0.015747,-0.009399,0.007813,0.009766,-0.015258,-0.008667,263.984000,15.403700,-36.835000,-0.048584,-0.009644,0.998657,-0.526611,0.849854,-0.017456,-0.848755,-0.526733,-0.046387,476.000000,565.500000,-20.002000,304.026000,3.117000,0.039000,3.141000,0
-0.558000,1.931838,0.111600,-0.003418,-0.012085,-0.000122,-0.015747,-0.009399,0.007813,0.009766,-0.015380,-0.008667,263.984000,15.403700,-36.835000,-0.048706,-0.009766,0.998657,-0.526611,0.849854,-0.017456,-0.848755,-0.526855,-0.046387,480.000000,565.798000,-20.003000,304.023000,3.117000,0.039000,3.141000,0
-0.558000,1.940423,0.111600,-0.003418,-0.012085,-0.000122,-0.015869,-0.009522,0.007935,0.009888,-0.015503,-0.008789,263.984000,15.403700,-36.835000,-0.048706,-0.009766,0.998657,-0.526733,0.849731,-0.017334,-0.848633,-0.526978,-0.046509,484.000000,566.101000,-20.003000,304.034000,3.117000,0.039000,3.141000,0
-0.558000,1.949008,0.111600,-0.003540,-0.012207,-0.000122,-0.015991,-0.009522,0.007935,0.009888,-0.015503,-0.008911,263.984000,15.403700,-36.835000,-0.048828,-0.009888,0.998657,-0.526855,0.849731,-0.017334,-0.848633,-0.526978,-0.046631,484.000000,566.417000,-20.002000,304.050000,3.117000,0.039000,3.141000,0
-0.558000,1.957592,0.111600,-0.003540,-0.012207,-0.000122,-0.015991,-0.009522,0.007935,0.010010,-0.015625,-0.009033,263.984000,15.403700,-36.835000,-0.048828,-0.009888,0.998657,-0.526855,0.849731,-0.017334,-0.848511,-0.527100,-0.046753,488.000000,566.736000,-20.000000,304.063000,3.117000,0.039000,3.141000,0
-0.670000,1.966177,0.223300,-0.003662,-0.012329,-0.000122,-0.016114,-0.009644,0.007935,0.010010,-0.015747,-0.009155,263.872000,15.403700,-36.723300,-0.048950,-0.010010,0.998657,-0.526978,0.849609,-0.017334,-0.848511,-0.527222,-0.046875,492.000000,567.060000,-20.000000,304.080000,3.117000,0.039000,3.141000,0
-0.670000,1.974762,0.223300,-0.003662,-0.012451,-0.000122,-0.016236,-0.009644,0.007935,0.010010,-0.015747,-0.009155,263.872000,15.403700,-36.723300,-0.048950,-0.010132,0.998657,-0.527100,0.849609,-0.017334,-0.848511,-0.527222,-0.046875,492.000000,567.379000,-20.001000,304.096000,3.117000,0.039000,3.141000,0
-0.670000,1.983346,0.223300,-0.003784,-0.012451,-0.000122,-0.016236,-0.009766,0.008057,0.010132,-0.015869,-0.009277,263.872000,15.403700,-36.723300,-0.049072,-0.010132,0.998657,-0.527100,0.849487,-0.017212,-0.848389,-0.527344,-0.046997,496.000000,567.740000,-20.003000,304.112000,3.117000,0.039000,3.141000,0
-0.670000,1.991931,0.223300,-0.003906,-0.012573,-0.000122,-0.016358,-0.009766,0.008057,0.010132,-0.015869,-0.009399,263.872000,15.403700,-36.723300,-0.049194,-0.010254,0.998657,-0.527222,0.849487,-0.017212,-0.848389,-0.527344,-0.047119,500.000000,568.032000,-20.002000,304.118000,3.117000,0.039000,3.141000,0
-0.670000,2.000515,0.223300,-0.003906,-0.012695,-0.000244,-0.016480,-0.009766,0.008057,0.010254,-0.015991,-0.009521,263.872000,15.403700,-36.723300,-0.049194,-0.010376,0.998535,-0.527344,0.849487,-0.017212,-0.848267,-0.527466,-0.047241,504.000000,568.356000,-20.002000,304.139000,3.117000,0.039000,3.141000,0
-0.670000,2.009100,0.223300,-0.004028,-0.012817,-0.000244,-0.016602,-0.009888,0.008057,0.010254,-0.016113,-0.009644,263.872000,15.515300,-36.723300,-0.049316,-0.010498,0.998535,-0.527466,0.849365,-0.017212,-0.848267,-0.527588,-0.047363,508.000000,568.676000,-20.002000,304.146000,3.117000,0.039000,3.141000,0
-0.670000,2.023062,0.223300,-0.004028,-0.012817,-0.000244,-0.016602,-0.009888,0.008179,0.010376,-0.016235,-0.009766,263.872000,15.515300,-36.723300,-0.049316,-0.010498,0.998535,-0.527466,0.849365,-0.017090,-0.848145,-0.527710,-0.047485,512.000000,568.992000,-20.002000,304.131000,3.117000,0.039000,3.141000,0
-0.670000,2.037025,0.223300,-0.004150,-0.012939,-0.000244,-0.016724,-0.010010,0.008179,0.010499,-0.016357,-0.009888,263.872000,15.515300,-36.723300,-0.049439,-0.010620,0.998535,-0.527588,0.849243,-0.017090,-0.848022,-0.527832,-0.047607,516.000000,569.350000,-20.002000,304.124000,3.117000,0.039000,3.141000,0
-0.670000,2.050988,0.223300,-0.004272,-0.013062,-0.000244,-0.016846,-0.010010,0.008179,0.010499,-0.016479,-0.010010,263.872000,15.515300,-36.723300,-0.049561,-0.010742,0.998535,-0.527710,0.849243,-0.017090,-0.848022,-0.527954,-0.047730,520.000000,569.630000,-20.002000,304.120000,3.117000,0.039000,3.141000,0
-0.670000,2.064950,0.223300,-0.004395,-0.013184,-0.000244,-0.016968,-0.010132,0.008179,0.010621,-0.016479,-0.010132,263.872000,15.515300,-36.723300,-0.049683,-0.010864,0.998535,-0.527832,0.849121,-0.017090,-0.847900,-0.527954,-0.047852,524.000000,569.943000,-20.003000,304.111000,3.117000,0.039000,3.141000,0
-0.670000,2.078912,0.223300,-0.004517,-0.013306,-0.000244,-0.017090,-0.010254,0.008301,0.010743,-0.016723,-0.010376,263.872000,15.515300,-36.723300,-0.049805,-0.010986,0.998535,-0.527954,0.848999,-0.016968,-0.847778,-0.528198,-0.048096,528.000000,570.266000,-20.006000,304.104000,3.117000,0.039000,3.141000,0
-0.781000,2.092875,0.223300,-0.004639,-0.013428,-0.000244,-0.017212,-0.010254,0.008301,0.010743,-0.016723,-0.010498,263.761000,15.515300,-36.723300,-0.049927,-0.011108,0.998535,-0.528076,0.848999,-0.016968,-0.847778,-0.528198,-0.048218,532.000000,570.591000,-20.010000,304.104000,3.117000,0.039000,3.141000,0
-0.781000,2.106838,0.223300,-0.004761,-0.013550,-0.000244,-0.017456,-0.010376,0.008301,0.010865,-0.016967,-0.010742,263.761000,15.515300,-36.723300,-0.050049,-0.011230,0.998535,-0.528320,0.848877,-0.016968,-0.847656,-0.528442,-0.048462,540.000000,570.910000,-20.013000,304.099000,3.117000,0.039000,3.141000,0
-0.781000,2.120800,0.223300,-0.004883,-0.013672,-0.000244,-0.017578,-0.010498,0.008423,0.010987,-0.017089,-0.010864,263.761000,15.627000,-36.723300,-0.050171,-0.011352,0.998535,-0.528442,0.848755,-0.016846,-0.847534,-0.528564,-0.048584,544.000000,571.229000,-20.014000,304.103000,3.117000,0.039000,3.141000,0
-0.781000,2.139400,0.334900,-0.005005,-0.013794,-0.000244,-0.017700,-0.010620,0.008423,0.011109,-0.017212,-0.011108,263.761000,15.627000,-36.611700,-0.050293,-0.011475,0.998535,-0.528564,0.848633,-0.016846,-0.847412,-0.528687,-0.048828,548.000000,571.546000,-20.013000,304.111000,3.116000,0.039000,3.141000,0
-0.781000,2.158000,0.334900,-0.005249,-0.014038,-0.000244,-0.017823,-0.010742,0.008423,0.011231,-0.017334,-0.011353,263.761000,15.627000,-36.611700,-0.050537,-0.011719,0.998535,-0.528687,0.848511,-0.016846,-0.847290,-0.528809,-0.049072,556.000000,571.866000,-20.013000,304.110000,3.116000,0.039000,3.141000,0
