Dif_X,Dif_Y,Dif_Z,Dif_X1,Dif_X2,Dif_X3,Dif_Y1,Dif_Y2,Dif_Y3,Dif_Z1,Dif_Z2,Dif_Z3,NDI_X,NDI_Y,NDI_Z,NDI_Rot_X1,NDI_Rot_X2,NDI_Rot_X3,NDI_Rot_Y1,NDI_Rot_Y2,NDI_Rot_Y3,NDI_Rot_Z1,NDI_Rot_Z2,NDI_Rot_Z3,NDI_Quality,Kuka_X,Kuka_Y,Kuka_Z,Kuka_A,Kuka_B,Kuka_C,Kuka_TSL
-2.009000,3.683500,1.451100,-0.024780,-0.026123,-0.001831,-0.030274,-0.018555,0.007202,0.020507,-0.029419,-0.034180,261.528000,-14.399100,-35.607100,-0.069702,-0.024902,0.997070,-0.541382,0.840576,-0.016846,-0.837891,-0.541138,-0.072144,1540.000000,557.638000,-19.956000,303.808000,3.116000,0.039000,3.141000,0
-2.009000,3.683500,1.451100,-0.024902,-0.026123,-0.001831,-0.030396,-0.018677,0.007202,0.020507,-0.029419,-0.034180,261.528000,-14.399100,-35.607100,-0.069824,-0.024902,0.997070,-0.541504,0.840454,-0.016846,-0.837891,-0.541138,-0.072144,1540.000000,557.638000,-19.956000,303.808000,3.116000,0.039000,3.141000,0
-2.009000,3.683500,1.451100,-0.024902,-0.026123,-0.001831,-0.030396,-0.018677,0.007202,0.020507,-0.029419,-0.034180,261.528000,-14.399100,-35.607100,-0.069824,-0.024902,0.997070,-0.541504,0.840454,-0.016846,-0.837891,-0.541138,-0.072144,1540.000000,557.638000,-19.956000,303.808000,3.116000,0.039000,3.141000,0
-2.009000,3.683500,1.451100,-0.024902,-0.026123,-0.001831,-0.030396,-0.018677,0.007202,0.020507,-0.029419,-0.034180,261.528000,-14.399100,-35.607100,-0.069824,-0.024902,0.997070,-0.541504,0.840454,-0.016846,-0.837891,-0.541138,-0.072144,1540.000000,557.638000,-19.956000,303.808000,3.116000,0.039000,3.141000,0
-2.009000,3.683500,1.451100,-0.024902,-0.026123,-0.001831,-0.030396,-0.018677,0.007202,0.020507,-0.029419,-0.034180,261.528000,-14.399100,-35.607100,-0.069824,-0.024902,0.997070,-0.541504,0.840454,-0.016846,-0.837891,-0.541138,-0.072144,1540.000000,557.638000,-19.956000,303.808000,3.116000,0.039000,3.141000,0
-2.009000,3.683500,1.451100,-0.024902,-0.026123,-0.001831,-0.030396,-0.018677,0.007202,0.020507,-0.029419,-0.034180,261.528000,-14.399100,-35.607100,-0.069824,-0.024902,0.997070,-0.541504,0.840454,-0.016846,-0.837891,-0.541138,-0.072144,1536.000000,557.638000,-19.956000,303.808000,3.116000,0.039000,3.141000,0
-2.009000,3.683500,1.451100,-0.024902,-0.026123,-0.001831,-0.030396,-0.018677,0.007202,0.020507,-0.029419,-0.034180,261.528000,-14.399100,-35.607100,-0.069824,-0.024902,0.997070,-0.541504,0.840454,-0.016846,-0.837891,-0.541138,-0.072144,1536.000000,557.638000,-19.956000,303.808000,3.116000,0.039000,3.141000,0
-2.009000,3.683500,1.451100,-0.024902,-0.026123,-0.001831,-0.030396,-0.018677,0.007202,0.020507,-0.029419,-0.034180,261.528000,-14.399100,-35.607100,-0.069824,-0.024902,0.997070,-0.541504,0.840454,-0.016846,-0.837891,-0.541138,-0.072144,1536.000000,557.638000,-19.956000,303.808000,3.116000,0.039000,3.141000,0
-2.009000,3.683500,1.451100,-0.024780,-0.026123,-0.001831,-0.030396,-0.018677,0.007202,0.020507,-0.029419,-0.034180,261.528000,-14.399100,-35.607100,-0.069702,-0.024902,0.997070,-0.541504,0.840454,-0.016846,-0.837891,-0.541138,-0.072144,1536.000000,557.638000,-19.956000,303.808000,3.116000,0.039000,3.141000,0
-2.009000,3.683500,1.451100,-0.024780,-0.026123,-0.001831,-0.030396,-0.018677,0.007080,0.020507,-0.029419,-0.034180,261.528000,-14.399100,-35.607100,-0.069702,-0.024902,0.997070,-0.541504,0.840454,-0.016968,-0.837891,-0.541138,-0.072144,1536.000000,557.638000,-19.956000,303.808000,3.116000,0.039000,3.141000,0
-2.009000,3.683500,1.451100,-0.024780,-0.026123,-0.001831,-0.030274,-0.018555,0.007202,0.020507,-0.029419,-0.034058,261.528000,-14.399100,-35.607100,-0.069702,-0.024902,0.997070,-0.541382,0.840576,-0.016846,-0.837891,-0.541138,-0.072022,1536.000000,557.638000,-19.956000,303.808000,3.116000,0.039000,3.141000,0
-2.009000,3.683500,1.451100,-0.024780,-0.026123,-0.001831,-0.030274,-0.018555,0.007080,0.020507,-0.029419,-0.034058,261.528000,-14.399100,-35.607100,-0.069702,-0.024902,0.997070,-0.541382,0.840576,-0.016968,-0.837891,-0.541138,-0.072022,1536.000000,557.638000,-19.956000,303.808000,3.116000,0.039000,3.141000,0
-2.009000,3.683500,1.451100,-0.024780,-0.026123,-0.001831,-0.030274,-0.018555,0.007202,0.020507,-0.029419,-0.034058,261.528000,-14.399100,-35.607100,-0.069702,-0.024902,0.997070,-0.541382,0.840576,-0.016846,-0.837891,-0.541138,-0.072022,1536.000000,557.638000,-19.956000,303.808000,3.116000,0.039000,3.141000,0
-2.009000,3.683500,1.451100,-0.024780,-0.026123,-0.001831,-0.030274,-0.018555,0.007202,0.020507,-0.029419,-0.034058,261.528000,-14.399100,-35.607100,-0.069702,-0.024902,0.997070,-0.541382,0.840576,-0.016846,-0.837891,-0.541138,-0.072022,1536.000000,557.638000,-19.956000,303.808000,3.116000,0.039000,3.141000,0
-2.009000,3.683500,1.451100,-0.024780,-0.026123,-0.001831,-0.030274,-0.018555,0.007202,0.020507,-0.029297,-0.034058,261.528000,-14.399100,-35.607100,-0.069702,-0.024902,0.997070,-0.541382,0.840576,-0.016846,-0.837891,-0.541016,-0.072022,1536.000000,557.638000,-19.956000,303.808000,3.116000,0.039000,3.141000,0
-2.009000,3.683500,1.451100,-0.024780,-0.026123,-0.001831,-0.030274,-0.018555,0.007202,0.020507,-0.029297,-0.034058,261.528000,-14.399100,-35.607100,-0.069702,-0.024902,0.997070,-0.541382,0.840576,-0.016846,-0.837891,-0.541016,-0.072022,1536.000000,557.638000,-19.956000,303.808000,3.116000,0.039000,3.141000,0
-2.009000,3.683500,1.451100,-0.024780,-0.026123,-0.001831,-0.030274,-0.018555,0.007202,0.020507,-0.029297,-0.034058,261.528000,-14.399100,-35.607100,-0.069702,-0.024902,0.997070,-0.541382,0.840576,-0.016846,-0.837891,-0.541016,-0.072022,1536.000000,557.638000,-19.956000,303.808000,3.116000,0.039000,3.141000,0
-2.009000,3.683500,1.451100,-0.024780,-0.026123,-0.001831,-0.030274,-0.018555,0.007202,0.020507,-0.029297,-0.034058,261.528000,-14.399100,-35.607100,-0.069702,-0.024902,0.997070,-0.541382,0.840576,-0.016846,-0.837891,-0.541016,-0.072022,1536.000000,557.638000,-19.956000,303.808000,3.116000,0.039000,3.141000,0
-2.009000,3.683500,1.451100,-0.024780,-0.026123,-0.001831,-0.030274,-0.018555,0.007202,0.020507,-0.029297,-0.034058,261.528000,-14.399100,-35.607100,-0.069702,-0.024902,0.997070,-0.541382,0.840576,-0.016846,-0.837891,-0.541016,-0.072022,1536.000000,557.638000,-19.956000,303.808000,3.116000,0.039000,3.141000,0
-2.009000,3.683500,1.451100,-0.024780,-0.026123,-0.001831,-0.030274,-0.018555,0.007202,0.020507,-0.029297,-0.034058,261.528000,-14.399100,-35.607100,-0.069702,-0.024902,0.997070,-0.541382,0.840576,-0.016846,-0.837891,-0.541016,-0.072022,1536.000000,557.638000,-19.956000,303.808000,3.116000,0.039000,3.141000,0
-2.009000,3.683500,1.451100,-0.024780,-0.026123,-0.001831,-0.030274,-0.018555,0.007202,0.020507,-0.029297,-0.034058,261.528000,-14.399100,-35.607100,-0.069702,-0.024902,0.997070,-0.541382,0.840576,-0.016846,-0.837891,-0.541016,-0.072022,1536.000000,557.638000,-19.956000,303.808000,3.116000,0.039000,3.141000,0
-2.009000,3.683500,1.451100,-0.024780,-0.026123,-0.001831,-0.030274,-0.018555,0.007202,0.020507,-0.029297,-0.034058,261.528000,-14.399100,-35.607100,-0.069702,-0.024902,0.997070,-0.541382,0.840576,-0.016846,-0.837891,-0.541016,-0.072022,1536.000000,557.638000,-19.956000,303.808000,3.116000,0.039000,3.141000,0
-2.009000,3.683500,1.451100,-0.024780,-0.026123,-0.001831,-0.030274,-0.018555,0.007202,0.020507,-0.029297,-0.034058,261.528000,-14.399100,-35.607100,-0.069702,-0.024902,0.997070,-0.541382,0.840576,-0.016846,-0.837891,-0.541016,-0.072022,1536.000000,557.638000,-19.956000,303.808000,3.116000,0.039000,3.141000,0
-2.009000,3.683500,1.451100,-0.024780,-0.026123,-0.001831,-0.030274,-0.018555,0.007202,0.020507,-0.029297,-0.034058,261.528000,-14.399100,-35.607100,-0.069702,-0.024902,0.997070,-0.541382,0.840576,-0.016846,-0.837891,-0.541016,-0.072022,1536.000000,557.638000,-19.956000,303.808000,3.116000,0.039000,3.141000,0
-2.009000,3.683500,1.451100,-0.024780,-0.026123,-0.001831,-0.030274,-0.018555,0.007202,0.020507,-0.029297,-0.034058,261.528000,-14.399100,-35.607100,-0.069702,-0.024902,0.997070,-0.541382,0.840576,-0.016846,-0.837891,-0.541016,-0.072022,1536.000000,557.638000,-19.956000,303.808000,3.116000,0.039000,3.141000,0
-2.009000,3.683500,1.451100,-0.024780,-0.026123,-0.001831,-0.030274,-0.018555,0.007202,0.020507,-0.029297,-0.034058,261.528000,-14.399100,-35.607100,-0.069702,-0.024902,0.997070,-0.541382,0.840576,-0.016846,-0.837891,-0.541016,-0.072022,1536.000000,557.638000,-19.956000,303.808000,3.116000,0.039000,3.141000,0
-2.009000,3.683500,1.451100,-0.024780,-0.026123,-0.001831,-0.030274,-0.018555,0.007202,0.020507,-0.029297,-0.034058,261.528000,-14.399100,-35.607100,-0.069702,-0.024902,0.997070,-0.541382,0.840576,-0.016846,-0.837891,-0.541016,-0.072022,1536.000000,557.638000,-19.956000,303.808000,3.116000,0.039000,3.141000,0
-2.009000,3.683500,1.451100,-0.024780,-0.026123,-0.001831,-0.030274,-0.018555,0.007202,0.020507,-0.029297,-0.034058,261.528000,-14.399100,-35.607100,-0.069702,-0.024902,0.997070,-0.541382,0.840576,-0.016846,-0.837891,-0.541016,-0.072022,1536.000000,557.638000,-19.956000,303.808000,3.116000,0.039000,3.141000,0
-2.009000,3.683500,1.451100,-0.024780,-0.026123,-0.001831,-0.030274,-0.018555,0.007202,0.020507,-0.029297,-0.034058,261.528000,-14.399100,-35.607100,-0.069702,-0.024902,0.997070,-0.541382,0.840576,-0.016846,-0.837891,-0.541016,-0.072022,1536.000000,557.638000,-19.956000,303.808000,3.116000,0.039000,3.141000,0
-2.009000,3.683500,1.451100,-0.024780,-0.026123,-0.001831,-0.030274,-0.018555,0.007202,0.020507,-0.029297,-0.034058,261.528000,-14.399100,-35.607100,-0.069702,-0.024902,0.997070,-0.541382,0.840576,-0.016846,-0.837891,-0.541016,-0.072022,1536.000000,557.638000,-19.956000,303.808000,3.116000,0.039000,3.141000,0
-2.009000,3.683500,1.451100,-0.024780,-0.026123,-0.001831,-0.030274,-0.018555,0.007202,0.020507,-0.029297,-0.034058,261.528000,-14.399100,-35.607100,-0.069702,-0.024902,0.997070,-0.541382,0.840576,-0.016846,-0.837891,-0.541016,-0.072022,1536.000000,557.638000,-19.956000,303.808000,3.116000,0.039000,3.141000,0
-2.009000,3.683500,1.451100,-0.024780,-0.026123,-0.001831,-0.030274,-0.018555,0.007202,0.020507,-0.029297,-0.034058,261.528000,-14.399100,-35.607100,-0.069702,-0.024902,0.997070,-0.541382,0.840576,-0.016846,-0.837891,-0.541016,-0.072022,1536.000000,557.638000,-19.956000,303.808000,3.116000,0.039000,3.141000,0
-2.009000,3.683500,1.451100,-0.024780,-0.026123,-0.001831,-0.030274,-0.018555,0.007202,0.020507,-0.029297,-0.034058,261.528000,-14.399100,-35.607100,-0.069702,-0.024902,0.997070,-0.541382,0.840576,-0.016846,-0.837891,-0.541016,-0.072022,1536.000000,557.638000,-19.956000,303.808000,3.116000,0.039000,3.141000,0
-2.009000,3.683500,1.451100,-0.024780,-0.026123,-0.001831,-0.030274,-0.018555,0.007202,0.020507,-0.029419,-0.034058,261.528000,-14.399100,-35.607100,-0.069702,-0.024902,0.997070,-0.541382,0.840576,-0.016846,-0.837891,-0.541138,-0.072022,1536.000000,557.638000,-19.956000,303.808000,3.116000,0.039000,3.141000,0
-2.009000,3.683500,1.451100,-0.024780,-0.026123,-0.001831,-0.030274,-0.018555,0.007202,0.020507,-0.029419,-0.034058,261.528000,-14.399100,-35.607100,-0.069702,-0.024902,0.997070,-0.541382,0.840576,-0.016846,-0.837891,-0.541138,-0.072022,1536.000000,557.638000,-19.956000,303.808000,3.116000,0.039000,3.141000,0
-2.009000,3.683500,1.451100,-0.024780,-0.026123,-0.001831,-0.030274,-0.018555,0.007202,0.020507,-0.029419,-0.034058,261.528000,-14.399100,-35.607100,-0.069702,-0.024902,0.997070,-0.541382,0.840576,-0.016846,-0.837891,-0.541138,-0.072022,1536.000000,557.638000,-19.956000,303.808000,3.116000,0.039000,3.141000,0
-2.009000,3.683500,1.451100,-0.024780,-0.026123,-0.001831,-0.030274,-0.018555,0.007202,0.020507,-0.029419,-0.034058,261.528000,-14.399100,-35.607100,-0.069702,-0.024902,0.997070,-0.541382,0.840576,-0.016846,-0.837891,-0.541138,-0.072022,1536.000000,557.638000,-19.956000,303.808000,3.116000,0.039000,3.141000,0
-2.009000,3.683500,1.451100,-0.024780,-0.026123,-0.001831,-0.030274,-0.018555,0.007202,0.020507,-0.029419,-0.034058,261.528000,-14.399100,-35.607100,-0.069702,-0.024902,0.997070,-0.541382,0.840576,-0.016846,-0.837891,-0.541138,-0.072022,1536.000000,557.638000,-19.956000,303.808000,3.116000,0.039000,3.141000,0
-2.009000,3.683500,1.451100,-0.024780,-0.026123,-0.001831,-0.030274,-0.018555,0.007202,0.020507,-0.029419,-0.034058,261.528000,-14.399100,-35.607100,-0.069702,-0.024902,0.997070,-0.541382,0.840576,-0.016846,-0.837891,-0.541138,-0.072022,1536.000000,557.638000,-19.956000,303.808000,3.116000,0.039000,3.141000,0
-2.009000,3.683500,1.451100,-0.024780,-0.026123,-0.001831,-0.030274,-0.018555,0.007202,0.020507,-0.029419,-0.034058,261.528000,-14.399100,-35.607100,-0.069702,-0.024902,0.997070,-0.541382,0.840576,-0.016846,-0.837891,-0.541138,-0.072022,1536.000000,557.638000,-19.956000,303.808000,3.116000,0.039000,3.141000,0
-2.009000,3.683500,1.451100,-0.024780,-0.026123,-0.001831,-0.030274,-0.018555,0.007202,0.020507,-0.029419,-0.034058,261.528000,-14.399100,-35.607100,-0.069702,-0.024902,0.997070,-0.541382,0.840576,-0.016846,-0.837891,-0.541138,-0.072022,1536.000000,557.638000,-19.956000,303.808000,3.116000,0.039000,3.141000,0
-2.009000,3.683500,1.451100,-0.024780,-0.026123,-0.001831,-0.030274,-0.018555,0.007202,0.020507,-0.029419,-0.034058,261.528000,-14.399100,-35.607100,-0.069702,-0.024902,0.997070,-0.541382,0.840576,-0.016846,-0.837891,-0.541138,-0.072022,1536.000000,557.638000,-19.956000,303.808000,3.116000,0.039000,3.141000,0
-2.009000,3.683500,1.451100,-0.024780,-0.026123,-0.001831,-0.030274,-0.018555,0.007202,0.020507,-0.029419,-0.034058,261.528000,-14.399100,-35.607100,-0.069702,-0.024902,0.997070,-0.541382,0.840576,-0.016846,-0.837891,-0.541138,-0.072022,1536.000000,557.638000,-19.956000,303.808000,3.116000,0.039000,3.141000,0
-2.009000,3.683500,1.451100,-0.024780,-0.026123,-0.001831,-0.030274,-0.018555,0.007202,0.020507,-0.029419,-0.034058,261.528000,-14.399100,-35.607100,-0.069702,-0.024902,0.997070,-0.541382,0.840576,-0.016846,-0.837891,-0.541138,-0.072022,1536.000000,557.638000,-19.956000,303.808000,3.116000,0.039000,3.141000,0
-2.009000,3.683500,1.451100,-0.024780,-0.026123,-0.001831,-0.030274,-0.018555,0.007202,0.020507,-0.029419,-0.034058,261.528000,-14.399100,-35.607100,-0.069702,-0.024902,0.997070,-0.541382,0.840576,-0.016846,-0.837891,-0.541138,-0.072022,1536.000000,557.638000,-19.956000,303.808000,3.116000,0.039000,3.141000,0
-2.009000,3.683500,1.451100,-0.024780,-0.026123,-0.001831,-0.030274,-0.018555,0.007202,0.020507,-0.029419,-0.034058,261.528000,-14.399100,-35.607100,-0.069702,-0.024902,0.997070,-0.541382,0.840576,-0.016846,-0.837891,-0.541138,-0.072022,1536.000000,557.638000,-19.956000,303.808000,3.116000,0.039000,3.141000,0
-2.009000,3.683500,1.451100,-0.024780,-0.026123,-0.001831,-0.030274,-0.018555,0.007202,0.020507,-0.029419,-0.034058,261.528000,-14.399100,-35.607100,-0.069702,-0.024902,0.997070,-0.541382,0.840576,-0.016846,-0.837891,-0.541138,-0.072022,1536.000000,557.638000,-19.956000,303.808000,3.116000,0.039000,3.141000,0
-2.009000,3.683500,1.451100,-0.024780,-0.026123,-0.001831,-0.030274,-0.018555,0.007202,0.020507,-0.029419,-0.034058,261.528000,-14.399100,-35.607100,-0.069702,-0.024902,0.997070,-0.541382,0.840576,-0.016846,-0.837891,-0.541138,-0.072022,1536.000000,557.638000,-19.956000,303.808000,3.116000,0.039000,3.141000,0
-2.009000,3.683500,1.451100,-0.024780,-0.026123,-0.001831,-0.030274,-0.018555,0.007202,0.020507,-0.029419,-0.034058,261.528000,-14.399100,-35.607100,-0.069702,-0.024902,0.997070,-0.541382,0.840576,-0.016846,-0.837891,-0.541138,-0.072022,1536.000000,557.638000,-19.956000,303.808000,3.116000,0.039000,3.141000,0
-2.009000,3.683500,1.451100,-0.024780,-0.026123,-0.001831,-0.030274,-0.018555,0.007202,0.020507,-0.029297,-0.034058,261.528000,-14.399100,-35.607100,-0.069702,-0.024902,0.997070,-0.541382,0.840576,-0.016846,-0.837891,-0.541016,-0.072022,1536.000000,557.638000,-19.956000,303.808000,3.116000,0.039000,3.141000,0
-2.009000,3.683500,1.451100,-0.024780,-0.026123,-0.001831,-0.030274,-0.018555,0.007202,0.020507,-0.029297,-0.034058,261.528000,-14.399100,-35.607100,-0.069702,-0.024902,0.997070,-0.541382,0.840576,-0.016846,-0.837891,-0.541016,-0.072022,1536.000000,557.638000,-19.956000,303.808000,3.116000,0.039000,3.141000,0
-2.009000,3.683500,1.451100,-0.024780,-0.026123,-0.001831,-0.030274,-0.018555,0.007202,0.020507,-0.029297,-0.034058,261.528000,-14.399100,-35.607100,-0.069702,-0.024902,0.997070,-0.541382,0.840576,-0.016846,-0.837891,-0.541016,-0.072022,1536.000000,557.638000,-19.956000,303.808000,3.116000,0.039000,3.141000,0
-2.009000,3.683500,1.451100,-0.024780,-0.026123,-0.001831,-0.030274,-0.018555,0.007202,0.020507,-0.029297,-0.034058,261.528000,-14.399100,-35.607100,-0.069702,-0.024902,0.997070,-0.541382,0.840576,-0.016846,-0.837891,-0.541016,-0.072022,1536.000000,557.638000,-19.956000,303.808000,3.116000,0.039000,3.141000,0
-2.009000,3.683500,1.451100,-0.024780,-0.026123,-0.001831,-0.030274,-0.018555,0.007202,0.020507,-0.029297,-0.034058,261.528000,-14.399100,-35.607100,-0.069702,-0.024902,0.997070,-0.541382,0.840576,-0.016846,-0.837891,-0.541016,-0.072022,1536.000000,557.638000,-19.956000,303.808000,3.116000,0.039000,3.141000,0
-2.009000,3.683500,1.451100,-0.024780,-0.026123,-0.001831,-0.030274,-0.018555,0.007202,0.020507,-0.029297,-0.034058,261.528000,-14.399100,-35.607100,-0.069702,-0.024902,0.997070,-0.541382,0.840576,-0.016846,-0.837891,-0.541016,-0.072022,1536.000000,557.638000,-19.956000,303.808000,3.116000,0.039000,3.141000,0
-2.009000,3.683500,1.451100,-0.024536,-0.026123,-0.001831,-0.030396,-0.018677,0.007324,0.020507,-0.029541,-0.033936,261.528000,-14.399100,-35.607100,-0.069458,-0.024902,0.997070,-0.541504,0.840454,-0.016724,-0.837891,-0.541260,-0.071899,1536.000000,557.645000,-19.956000,303.825000,3.116000,0.039000,3.141000,0
-2.009000,3.683500,1.451100,-0.024536,-0.026123,-0.001831,-0.030396,-0.018677,0.007324,0.020507,-0.029419,-0.033936,261.528000,-14.399100,-35.607100,-0.069458,-0.024902,0.997070,-0.541504,0.840454,-0.016724,-0.837891,-0.541138,-0.071899,1536.000000,557.645000,-19.955000,303.826000,3.116000,0.039000,3.141000,0
-2.009000,3.683500,1.451100,-0.024536,-0.026123,-0.001831,-0.030396,-0.018677,0.007324,0.020507,-0.029419,-0.033936,261.528000,-14.399100,-35.607100,-0.069458,-0.024902,0.997070,-0.541504,0.840454,-0.016724,-0.837891,-0.541138,-0.071899,1536.000000,557.645000,-19.955000,303.826000,3.116000,0.039000,3.141000,0
-2.009000,3.683500,1.451100,-0.024536,-0.026123,-0.001831,-0.030396,-0.018677,0.007324,0.020507,-0.029419,-0.033936,261.528000,-14.399100,-35.607100,-0.069458,-0.024902,0.997070,-0.541504,0.840454,-0.016724,-0.837891,-0.541138,-0.071899,1536.000000,557.645000,-19.955000,303.826000,3.116000,0.039000,3.141000,0
-2.009000,3.683500,1.451100,-0.024658,-0.026123,-0.001831,-0.030274,-0.018555,0.007324,0.020507,-0.029419,-0.033936,261.528000,-14.399100,-35.607100,-0.069580,-0.024902,0.997070,-0.541382,0.840576,-0.016724,-0.837891,-0.541138,-0.071899,1536.000000,557.645000,-19.955000,303.826000,3.116000,0.039000,3.141000,0
-2.009000,3.683500,1.451100,-0.024658,-0.026123,-0.001831,-0.030274,-0.018555,0.007202,0.020507,-0.029419,-0.033936,261.528000,-14.399100,-35.607100,-0.069580,-0.024902,0.997070,-0.541382,0.840576,-0.016846,-0.837891,-0.541138,-0.071899,1536.000000,557.645000,-19.955000,303.826000,3.116000,0.039000,3.141000,0
-2.009000,3.683500,1.451100,-0.024658,-0.026123,-0.001831,-0.030274,-0.018555,0.007202,0.020507,-0.029419,-0.033936,261.528000,-14.399100,-35.607100,-0.069580,-0.024902,0.997070,-0.541382,0.840576,-0.016846,-0.837891,-0.541138,-0.071899,1536.000000,557.645000,-19.955000,303.826000,3.116000,0.039000,3.141000,0
-2.009000,3.683500,1.451100,-0.024658,-0.026001,-0.001831,-0.030274,-0.018555,0.007202,0.020507,-0.029419,-0.033936,261.528000,-14.399100,-35.607100,-0.069580,-0.024780,0.997070,-0.541382,0.840576,-0.016846,-0.837891,-0.541138,-0.071899,1536.000000,557.645000,-19.955000,303.826000,3.116000,0.039000,3.141000,0
-2.009000,3.683500,1.451100,-0.024658,-0.026001,-0.001831,-0.030274,-0.018555,0.007202,0.020507,-0.029419,-0.033936,261.528000,-14.399100,-35.607100,-0.069580,-0.024780,0.997070,-0.541382,0.840576,-0.016846,-0.837891,-0.541138,-0.071899,1536.000000,557.645000,-19.956000,303.826000,3.116000,0.039000,3.141000,0
-2.009000,3.683500,1.451100,-0.024658,-0.026001,-0.001831,-0.030274,-0.018555,0.007202,0.020507,-0.029419,-0.033936,261.528000,-14.399100,-35.607100,-0.069580,-0.024780,0.997070,-0.541382,0.840576,-0.016846,-0.837891,-0.541138,-0.071899,1536.000000,557.645000,-19.956000,303.826000,3.116000,0.039000,3.141000,0
-2.009000,3.683500,1.451100,-0.024658,-0.026001,-0.001831,-0.030274,-0.018555,0.007080,0.020507,-0.029419,-0.033936,261.528000,-14.399100,-35.607100,-0.069580,-0.024780,0.997070,-0.541382,0.840576,-0.016968,-0.837891,-0.541138,-0.071899,1536.000000,557.646000,-19.956000,303.826000,3.116000,0.039000,3.141000,0
-2.009000,3.683500,1.451100,-0.024780,-0.026001,-0.001831,-0.030396,-0.018677,0.007080,0.020507,-0.029419,-0.034058,261.528000,-14.399100,-35.607100,-0.069702,-0.024780,0.997070,-0.541504,0.840454,-0.016968,-0.837891,-0.541138,-0.072022,1536.000000,557.646000,-19.956000,303.826000,3.116000,0.039000,3.141000,0
-2.009000,3.683500,1.451100,-0.024658,-0.026001,-0.001831,-0.030396,-0.018677,0.007080,0.020507,-0.029419,-0.033936,261.528000,-14.399100,-35.607100,-0.069580,-0.024780,0.997070,-0.541504,0.840454,-0.016968,-0.837891,-0.541138,-0.071899,1536.000000,557.646000,-19.956000,303.826000,3.116000,0.039000,3.141000,0
-2.009000,3.683500,1.451100,-0.024658,-0.026001,-0.001831,-0.030396,-0.018677,0.007080,0.020507,-0.029419,-0.033936,261.528000,-14.399100,-35.607100,-0.069580,-0.024780,0.997070,-0.541504,0.840454,-0.016968,-0.837891,-0.541138,-0.071899,1536.000000,557.646000,-19.956000,303.826000,3.116000,0.039000,3.141000,0
-2.009000,3.683500,1.451100,-0.024658,-0.026001,-0.001831,-0.030396,-0.018677,0.007080,0.020507,-0.029541,-0.033936,261.528000,-14.399100,-35.607100,-0.069580,-0.024780,0.997070,-0.541504,0.840454,-0.016968,-0.837891,-0.541260,-0.071899,1536.000000,557.646000,-19.956000,303.826000,3.116000,0.039000,3.141000,0
-2.009000,3.683500,1.451100,-0.024658,-0.026001,-0.001831,-0.030396,-0.018677,0.007080,0.020507,-0.029541,-0.033936,261.528000,-14.399100,-35.607100,-0.069580,-0.024780,0.997070,-0.541504,0.840454,-0.016968,-0.837891,-0.541260,-0.071899,1536.000000,557.646000,-19.956000,303.826000,3.116000,0.039000,3.141000,0
-2.009000,3.683500,1.451100,-0.024658,-0.026001,-0.001831,-0.030396,-0.018677,0.007080,0.020507,-0.029541,-0.033936,261.528000,-14.399100,-35.607100,-0.069580,-0.024780,0.997070,-0.541504,0.840454,-0.016968,-0.837891,-0.541260,-0.071899,1536.000000,557.647000,-19.956000,303.827000,3.116000,0.039000,3.141000,0
-2.009000,3.683500,1.451100,-0.024658,-0.026001,-0.001831,-0.030396,-0.018677,0.007080,0.020507,-0.029419,-0.033936,261.528000,-14.399100,-35.607100,-0.069580,-0.024780,0.997070,-0.541504,0.840454,-0.016968,-0.837891,-0.541138,-0.071899,1536.000000,557.651000,-19.956000,303.830000,3.116000,0.039000,3.141000,0
-2.009000,3.683500,1.451100,-0.024658,-0.026001,-0.001831,-0.030396,-0.018677,0.007080,0.020507,-0.029419,-0.033936,261.528000,-14.399100,-35.607100,-0.069580,-0.024780,0.997070,-0.541504,0.840454,-0.016968,-0.837891,-0.541138,-0.071899,1536.000000,557.654000,-19.956000,303.833000,3.116000,0.039000,3.141000,0
-2.009000,3.683500,1.451100,-0.024658,-0.026001,-0.001831,-0.030274,-0.018555,0.007080,0.020507,-0.029419,-0.033936,261.528000,-14.399100,-35.607100,-0.069580,-0.024780,0.997070,-0.541382,0.840576,-0.016968,-0.837891,-0.541138,-0.071899,1536.000000,557.665000,-19.957000,303.842000,3.116000,0.039000,3.141000,0
-2.009000,3.683500,1.451100,-0.024658,-0.026001,-0.001831,-0.030274,-0.018555,0.007080,0.020507,-0.029419,-0.033936,261.528000,-14.399100,-35.607100,-0.069580,-0.024780,0.997070,-0.541382,0.840576,-0.016968,-0.837891,-0.541138,-0.071899,1536.000000,557.699000,-19.959000,303.865000,3.116000,0.039000,3.141000,0
-2.009000,3.683500,1.451100,-0.024780,-0.026001,-0.001831,-0.030274,-0.018555,0.007080,0.020507,-0.029297,-0.033936,261.528000,-14.399100,-35.607100,-0.069702,-0.024780,0.997070,-0.541382,0.840576,-0.016968,-0.837891,-0.541016,-0.071899,1536.000000,557.703000,-19.959000,303.867000,3.116000,0.039000,3.141000,0
-2.009000,3.683500,1.451100,-0.024780,-0.026001,-0.001831,-0.030274,-0.018555,0.007080,0.020507,-0.029297,-0.034058,261.528000,-14.399100,-35.607100,-0.069702,-0.024780,0.997070,-0.541382,0.840576,-0.016968,-0.837891,-0.541016,-0.072022,1536.000000,557.735000,-19.962000,303.878000,3.116000,0.039000,3.141000,0
-2.009000,3.683500,1.451100,-0.024780,-0.026001,-0.001831,-0.030274,-0.018555,0.007080,0.020507,-0.029297,-0.034058,261.528000,-14.399100,-35.607100,-0.069702,-0.024780,0.997070,-0.541382,0.840576,-0.016968,-0.837891,-0.541016,-0.072022,1536.000000,557.746000,-19.963000,303.875000,3.116000,0.039000,3.141000,0
-2.009000,3.683500,1.451100,-0.024780,-0.026001,-0.001831,-0.030274,-0.018555,0.007080,0.020507,-0.029297,-0.034058,261.528000,-14.399100,-35.607100,-0.069702,-0.024780,0.997070,-0.541382,0.840576,-0.016968,-0.837891,-0.541016,-0.072022,1536.000000,557.766000,-19.965000,303.855000,3.116000,0.039000,3.141000,0
-2.009000,3.683500,1.451100,-0.024780,-0.026001,-0.001831,-0.030274,-0.018555,0.007080,0.020507,-0.029297,-0.034058,261.528000,-14.399100,-35.607100,-0.069702,-0.024780,0.997070,-0.541382,0.840576,-0.016968,-0.837891,-0.541016,-0.072022,1536.000000,557.809000,-19.968000,303.823000,3.116000,0.039000,3.141000,0
-2.009000,3.683500,1.451100,-0.024780,-0.026001,-0.001831,-0.030274,-0.018555,0.007080,0.020507,-0.029297,-0.034058,261.528000,-14.399100,-35.607100,-0.069702,-0.024780,0.997070,-0.541382,0.840576,-0.016968,-0.837891,-0.541016,-0.072022,1536.000000,557.862000,-19.968000,303.821000,3.116000,0.039000,3.141000,0
-2.009000,3.683500,1.451100,-0.024780,-0.026001,-0.001831,-0.030274,-0.018555,0.007080,0.020507,-0.029297,-0.034058,261.528000,-14.399100,-35.607100,-0.069702,-0.024780,0.997070,-0.541382,0.840576,-0.016968,-0.837891,-0.541016,-0.072022,1536.000000,557.954000,-19.966000,303.837000,3.116000,0.039000,3.141000,0
-2.009000,3.683500,1.451100,-0.024780,-0.026123,-0.001831,-0.030274,-0.018555,0.007202,0.020507,-0.029297,-0.034058,261.528000,-14.399100,-35.607100,-0.069702,-0.024902,0.997070,-0.541382,0.840576,-0.016846,-0.837891,-0.541016,-0.072022,1536.000000,558.044000,-19.963000,303.857000,3.116000,0.039000,3.141000,0
-2.009000,3.683500,1.451100,-0.024780,-0.026123,-0.001831,-0.030274,-0.018555,0.007202,0.020507,-0.029297,-0.034058,261.528000,-14.399100,-35.607100,-0.069702,-0.024902,0.997070,-0.541382,0.840576,-0.016846,-0.837891,-0.541016,-0.072022,1536.000000,558.143000,-19.961000,303.877000,3.116000,0.039000,3.141000,0
-2.009000,3.683500,1.451100,-0.024780,-0.026123,-0.001831,-0.030274,-0.018555,0.007202,0.020507,-0.029419,-0.034058,261.528000,-14.399100,-35.607100,-0.069702,-0.024902,0.997070,-0.541382,0.840576,-0.016846,-0.837891,-0.541138,-0.072022,1540.000000,558.237000,-19.961000,303.874000,3.116000,0.039000,3.141000,0
-2.009000,3.683500,1.451100,-0.024780,-0.026123,-0.001831,-0.030274,-0.018555,0.007202,0.020507,-0.029419,-0.034058,261.528000,-14.399100,-35.607100,-0.069702,-0.024902,0.997070,-0.541382,0.840576,-0.016846,-0.837891,-0.541138,-0.072022,1540.000000,558.313000,-19.962000,303.875000,3.116000,0.039000,3.141000,0
-2.009000,3.683500,1.451100,-0.024780,-0.026123,-0.001831,-0.030274,-0.018555,0.007202,0.020507,-0.029419,-0.034058,261.528000,-14.399100,-35.607100,-0.069702,-0.024902,0.997070,-0.541382,0.840576,-0.016846,-0.837891,-0.541138,-0.072022,1540.000000,558.399000,-19.962000,303.874000,3.116000,0.039000,3.141000,0
-2.009000,3.683500,1.451100,-0.024780,-0.026123,-0.001831,-0.030274,-0.018555,0.007202,0.020507,-0.029419,-0.034058,261.528000,-14.399100,-35.607100,-0.069702,-0.024902,0.997070,-0.541382,0.840576,-0.016846,-0.837891,-0.541138,-0.072022,1540.000000,558.503000,-19.962000,303.872000,3.116000,0.039000,3.141000,0
-2.009000,3.683500,1.451100,-0.024780,-0.026123,-0.001831,-0.030274,-0.018555,0.007202,0.020507,-0.029419,-0.034180,261.528000,-14.399100,-35.607100,-0.069702,-0.024902,0.997070,-0.541382,0.840576,-0.016846,-0.837891,-0.541138,-0.072144,1540.000000,558.596000,-19.962000,303.869000,3.116000,0.039000,3.141000,0
-2.009000,3.683500,1.451100,-0.024780,-0.026245,-0.001831,-0.030274,-0.018555,0.007202,0.020507,-0.029419,-0.034180,261.528000,-14.399100,-35.607100,-0.069702,-0.025024,0.997070,-0.541382,0.840576,-0.016846,-0.837891,-0.541138,-0.072144,1540.000000,558.699000,-19.962000,303.864000,3.116000,0.039000,3.141000,0
-2.009000,3.683500,1.451100,-0.024780,-0.026245,-0.001831,-0.030396,-0.018677,0.007202,0.020507,-0.029419,-0.034180,261.528000,-14.399100,-35.607100,-0.069702,-0.025024,0.997070,-0.541504,0.840454,-0.016846,-0.837891,-0.541138,-0.072144,1540.000000,558.801000,-19.961000,303.854000,3.116000,0.039000,3.141000,0
-2.009000,3.683500,1.451100,-0.024780,-0.026245,-0.001831,-0.030396,-0.018677,0.007202,0.020507,-0.029419,-0.034180,261.528000,-14.399100,-35.607100,-0.069702,-0.025024,0.997070,-0.541504,0.840454,-0.016846,-0.837891,-0.541138,-0.072144,1540.000000,558.912000,-19.960000,303.852000,3.116000,0.039000,3.141000,0
-2.009000,3.683500,1.451100,-0.024902,-0.026245,-0.001831,-0.030396,-0.018677,0.007202,0.020507,-0.029419,-0.034180,261.528000,-14.399100,-35.607100,-0.069824,-0.025024,0.997070,-0.541504,0.840454,-0.016846,-0.837891,-0.541138,-0.072144,1544.000000,559.027000,-19.959000,303.861000,3.116000,0.039000,3.141000,0
-2.009000,3.683500,1.451100,-0.024902,-0.026245,-0.001831,-0.030396,-0.018677,0.007202,0.020507,-0.029419,-0.034302,261.528000,-14.399100,-35.607100,-0.069824,-0.025024,0.997070,-0.541504,0.840454,-0.016846,-0.837891,-0.541138,-0.072266,1544.000000,559.162000,-19.959000,303.874000,3.116000,0.039000,3.141000,0
-2.009000,3.683500,1.451100,-0.024902,-0.026245,-0.001831,-0.030396,-0.018677,0.007202,0.020507,-0.029419,-0.034302,261.528000,-14.399100,-35.607100,-0.069824,-0.025024,0.997070,-0.541504,0.840454,-0.016846,-0.837891,-0.541138,-0.072266,1544.000000,559.279000,-19.960000,303.890000,3.116000,0.039000,3.141000,0
-2.009000,3.683500,1.451100,-0.024902,-0.026367,-0.001831,-0.030396,-0.018677,0.007324,0.020507,-0.029419,-0.034302,261.528000,-14.399100,-35.607100,-0.069824,-0.025146,0.997070,-0.541504,0.840454,-0.016724,-0.837891,-0.541138,-0.072266,1548.000000,559.412000,-19.960000,303.909000,3.116000,0.039000,3.141000,0
-2.009000,3.683500,1.451100,-0.025024,-0.026367,-0.001831,-0.030396,-0.018677,0.007324,0.020507,-0.029419,-0.034424,261.528000,-14.399100,-35.607100,-0.069946,-0.025146,0.997070,-0.541504,0.840454,-0.016724,-0.837891,-0.541138,-0.072388,1548.000000,559.570000,-19.961000,303.913000,3.116000,0.039000,3.141000,0
-2.120000,3.683500,1.451100,-0.025024,-0.026367,-0.001831,-0.030396,-0.018677,0.007324,0.020629,-0.029419,-0.034424,261.417000,-14.399100,-35.607100,-0.069946,-0.025146,0.997070,-0.541504,0.840454,-0.016724,-0.837769,-0.541138,-0.072388,1548.000000,559.720000,-19.962000,303.922000,3.116000,0.039000,3.141000,0
-2.120000,3.683500,1.451100,-0.025024,-0.026489,-0.001831,-0.030396,-0.018677,0.007324,0.020629,-0.029419,-0.034546,261.417000,-14.399100,-35.607100,-0.069946,-0.025269,0.997070,-0.541504,0.840454,-0.016724,-0.837769,-0.541138,-0.072510,1552.000000,559.898000,-19.961000,303.922000,3.116000,0.039000,3.141000,0
-2.120000,3.683500,1.451100,-0.025147,-0.026489,-0.001831,-0.030396,-0.018677,0.007324,0.020629,-0.029541,-0.034546,261.417000,-14.399100,-35.607100,-0.070068,-0.025269,0.997070,-0.541504,0.840454,-0.016724,-0.837769,-0.541260,-0.072510,1552.000000,560.093000,-19.960000,303.916000,3.116000,0.039000,3.141000,0
-2.120000,3.683500,1.451100,-0.025147,-0.026489,-0.001831,-0.030518,-0.018677,0.007324,0.020629,-0.029541,-0.034668,261.417000,-14.399100,-35.607100,-0.070068,-0.025269,0.997070,-0.541626,0.840454,-0.016724,-0.837769,-0.541260,-0.072632,1556.000000,560.257000,-19.961000,303.908000,3.116000,0.039000,3.141000,0
-2.120000,3.683500,1.451100,-0.025268,-0.026489,-0.001831,-0.030518,-0.018677,0.007324,0.020629,-0.029541,-0.034668,261.417000,-14.399100,-35.607100,-0.070190,-0.025269,0.997070,-0.541626,0.840454,-0.016724,-0.837769,-0.541260,-0.072632,1560.000000,560.446000,-19.963000,303.909000,3.116000,0.039000,3.141000,0
-2.120000,3.683500,1.451100,-0.025268,-0.026611,-0.001831,-0.030518,-0.018677,0.007324,0.020629,-0.029541,-0.034790,261.417000,-14.399100,-35.607100,-0.070190,-0.025391,0.997070,-0.541626,0.840454,-0.016724,-0.837769,-0.541260,-0.072754,1560.000000,560.642000,-19.967000,303.918000,3.116000,0.039000,3.141000,0
-2.120000,3.683500,1.451100,-0.025391,-0.026611,-0.001831,-0.030518,-0.018799,0.007324,0.020752,-0.029541,-0.034790,261.417000,-14.399100,-35.607100,-0.070313,-0.025391,0.997070,-0.541626,0.840332,-0.016724,-0.837646,-0.541260,-0.072754,1564.000000,560.848000,-19.971000,303.935000,3.116000,0.039000,3.141000,0
-2.120000,3.683500,1.451100,-0.025391,-0.026611,-0.001831,-0.030518,-0.018799,0.007324,0.020752,-0.029663,-0.034912,261.417000,-14.399100,-35.607100,-0.070313,-0.025391,0.997070,-0.541626,0.840332,-0.016724,-0.837646,-0.541382,-0.072876,1568.000000,561.067000,-19.974000,303.937000,3.116000,0.039000,3.141000,0
-2.120000,3.683500,1.451100,-0.025513,-0.026733,-0.001831,-0.030640,-0.018799,0.007324,0.020752,-0.029663,-0.035034,261.417000,-14.399100,-35.607100,-0.070435,-0.025513,0.997070,-0.541748,0.840332,-0.016724,-0.837646,-0.541382,-0.072998,1572.000000,561.368000,-19.977000,303.948000,3.116000,0.039000,3.141000,0
-2.120000,3.683500,1.451100,-0.025513,-0.026733,-0.001831,-0.030640,-0.018799,0.007324,0.020752,-0.029663,-0.035034,261.417000,-14.399100,-35.607100,-0.070435,-0.025513,0.997070,-0.541748,0.840332,-0.016724,-0.837646,-0.541382,-0.072998,1576.000000,561.530000,-19.978000,303.956000,3.116000,0.039000,3.141000,0
-2.232000,3.683500,1.451100,-0.025635,-0.026855,-0.001831,-0.030640,-0.018799,0.007324,0.020874,-0.029785,-0.035156,261.305000,-14.399100,-35.607100,-0.070557,-0.025635,0.997070,-0.541748,0.840332,-0.016724,-0.837524,-0.541504,-0.073120,1580.000000,561.755000,-19.979000,303.963000,3.116000,0.039000,3.141000,0
-2.232000,3.683500,1.451100,-0.025757,-0.026978,-0.001831,-0.030762,-0.018921,0.007324,0.020874,-0.029785,-0.035278,261.305000,-14.399100,-35.607100,-0.070679,-0.025757,0.997070,-0.541870,0.840210,-0.016724,-0.837524,-0.541504,-0.073242,1588.000000,562.016000,-19.981000,303.968000,3.116000,0.039000,3.141000,0
-2.232000,3.683500,1.451100,-0.025879,-0.027100,-0.001831,-0.030762,-0.018921,0.007324,0.020874,-0.029785,-0.035522,261.305000,-14.399100,-35.607100,-0.070801,-0.025879,0.997070,-0.541870,0.840210,-0.016724,-0.837524,-0.541504,-0.073486,1592.000000,562.239000,-19.984000,303.971000,3.117000,0.039000,3.141000,0
-2.232000,3.795100,1.451100,-0.026001,-0.027222,-0.001953,-0.030884,-0.018921,0.007324,0.020996,-0.029907,-0.035767,261.305000,-14.287500,-35.607100,-0.070923,-0.026001,0.996948,-0.541992,0.840210,-0.016724,-0.837402,-0.541626,-0.073731,1600.000000,562.492000,-19.987000,303.975000,3.117000,0.039000,3.141000,0
-2.344000,3.795100,1.451100,-0.026123,-0.027344,-0.001953,-0.030884,-0.019043,0.007446,0.020996,-0.029907,-0.035889,261.193000,-14.287500,-35.607100,-0.071045,-0.026123,0.996948,-0.541992,0.840088,-0.016602,-0.837402,-0.541626,-0.073853,1608.000000,562.776000,-19.989000,303.978000,3.117000,0.039000,3.141000,0
-2.344000,3.795100,1.451100,-0.026245,-0.027466,-0.001953,-0.031006,-0.019043,0.007446,0.021118,-0.030029,-0.036133,261.193000,-14.287500,-35.607100,-0.071167,-0.026245,0.996948,-0.542114,0.840088,-0.016602,-0.837280,-0.541748,-0.074097,1616.000000,563.018000,-19.991000,303.974000,3.116000,0.039000,3.141000,0
-2.455000,3.795100,1.451100,-0.026489,-0.027710,-0.001953,-0.031128,-0.019043,0.007568,0.021118,-0.030029,-0.036377,261.082000,-14.287500,-35.607100,-0.071411,-0.026489,0.996948,-0.542236,0.840088,-0.016480,-0.837280,-0.541748,-0.074341,1628.000000,563.291000,-19.993000,303.967000,3.116000,0.039000,3.141000,0
-2.455000,3.795100,1.451100,-0.026611,-0.027954,-0.001953,-0.031128,-0.019165,0.007690,0.021240,-0.030151,-0.036621,261.082000,-14.287500,-35.607100,-0.071533,-0.026733,0.996948,-0.542236,0.839966,-0.016357,-0.837158,-0.541870,-0.074585,1636.000000,563.575000,-19.995000,303.973000,3.116000,0.039000,3.141000,0
-2.567000,3.795100,1.451100,-0.026855,-0.028320,-0.001953,-0.031250,-0.019165,0.007813,0.021240,-0.030273,-0.036987,260.970000,-14.287500,-35.607100,-0.071777,-0.027100,0.996948,-0.542358,0.839966,-0.016235,-0.837158,-0.541992,-0.074951,1652.000000,563.856000,-19.996000,303.995000,3.116000,0.039000,3.141000,0
-2.567000,3.795100,1.451100,-0.026978,-0.028442,-0.001953,-0.031372,-0.019287,0.007935,0.021362,-0.030273,-0.037231,260.970000,-14.287500,-35.607100,-0.071899,-0.027222,0.996948,-0.542480,0.839844,-0.016113,-0.837036,-0.541992,-0.075195,1664.000000,564.137000,-19.996000,304.017000,3.116000,0.039000,3.141000,0
-2.679000,3.795100,1.451100,-0.027100,-0.028686,-0.002075,-0.031495,-0.019287,0.007935,0.021484,-0.030395,-0.037476,260.858000,-14.287500,-35.607100,-0.072022,-0.027466,0.996826,-0.542603,0.839844,-0.016113,-0.836914,-0.542114,-0.075440,1680.000000,564.450000,-19.997000,304.040000,3.116000,0.039000,3.141000,0
-2.790000,3.906700,1.339400,-0.027344,-0.029053,-0.002075,-0.031617,-0.019409,0.008057,0.021606,-0.030517,-0.037842,260.747000,-14.175900,-35.718800,-0.072266,-0.027832,0.996826,-0.542725,0.839722,-0.015991,-0.836792,-0.542236,-0.075806,1704.000000,564.706000,-19.998000,304.041000,3.116000,0.039000,3.141000,0
-2.790000,3.906700,1.339400,-0.027588,-0.029297,-0.002075,-0.031739,-0.019531,0.008179,0.021728,-0.030639,-0.038086,260.747000,-14.175900,-35.718800,-0.072510,-0.028076,0.996826,-0.542847,0.839600,-0.015869,-0.836670,-0.542358,-0.076050,1720.000000,564.999000,-19.998000,304.046000,3.116000,0.039000,3.141000,0
-2.902000,3.906700,1.339400,-0.027832,-0.029541,-0.002075,-0.031983,-0.019653,0.008301,0.021850,-0.030884,-0.038452,260.635000,-14.175900,-35.718800,-0.072754,-0.028320,0.996826,-0.543091,0.839478,-0.015747,-0.836548,-0.542603,-0.076416,1744.000000,565.293000,-19.997000,304.049000,3.116000,0.039000,3.141000,0
-3.013000,3.906700,1.339400,-0.027954,-0.029663,-0.002075,-0.032105,-0.019776,0.008301,0.021972,-0.031006,-0.038696,260.524000,-14.175900,-35.718800,-0.072876,-0.028442,0.996826,-0.543213,0.839355,-0.015747,-0.836426,-0.542725,-0.076660,1760.000000,565.593000,-19.997000,304.044000,3.116000,0.039000,3.141000,0
-3.013000,3.906700,1.339400,-0.028198,-0.029907,-0.002075,-0.032227,-0.019776,0.008301,0.022094,-0.031128,-0.038940,260.524000,-14.175900,-35.718800,-0.073120,-0.028687,0.996826,-0.543335,0.839355,-0.015747,-0.836304,-0.542847,-0.076904,1780.000000,565.894000,-19.998000,304.041000,3.117000,0.039000,3.141000,0
-3.125000,4.018300,1.339400,-0.028442,-0.030151,-0.002197,-0.032471,-0.019898,0.008423,0.022216,-0.031250,-0.039307,260.412000,-14.064300,-35.718800,-0.073364,-0.028931,0.996704,-0.543579,0.839233,-0.015625,-0.836182,-0.542969,-0.077271,1808.000000,566.238000,-19.999000,304.049000,3.117000,0.039000,3.141000,0
-3.237000,4.018300,1.339400,-0.028564,-0.030273,-0.002197,-0.032471,-0.020020,0.008423,0.022216,-0.031372,-0.039551,260.300000,-14.064300,-35.718800,-0.073486,-0.029053,0.996704,-0.543579,0.839111,-0.015625,-0.836182,-0.543091,-0.077515,1828.000000,566.526000,-20.000000,304.049000,3.117000,0.039000,3.141000,0
-3.348000,4.018300,1.339400,-0.028809,-0.030518,-0.002197,-0.032715,-0.020142,0.008545,0.022338,-0.031494,-0.039795,260.189000,-14.064300,-35.718800,-0.073731,-0.029297,0.996704,-0.543823,0.838989,-0.015503,-0.836060,-0.543213,-0.077759,1856.000000,566.847000,-20.001000,304.048000,3.117000,0.039000,3.141000,0
