Dif_X,Dif_Y,Dif_Z,Dif_X1,Dif_X2,Dif_X3,Dif_Y1,Dif_Y2,Dif_Y3,Dif_Z1,Dif_Z2,Dif_Z3,NDI_X,NDI_Y,NDI_Z,NDI_Rot_X1,NDI_Rot_X2,NDI_Rot_X3,NDI_Rot_Y1,NDI_Rot_Y2,NDI_Rot_Y3,NDI_Rot_Z1,NDI_Rot_Z2,NDI_Rot_Z3,NDI_Quality,Kuka_X,Kuka_Y,Kuka_Z,Kuka_A,Kuka_B,Kuka_C,Kuka_TSL
-0.558000,2.344040,0.223300,-0.005127,-0.013306,-0.000244,-0.018555,-0.011108,0.007935,0.011597,-0.018066,-0.010864,263.761000,9.041310,-36.723300,-0.050537,-0.011108,0.998535,-0.527954,0.848999,-0.017212,-0.847778,-0.528076,-0.048828,560.000000,557.646000,-19.957000,303.858000,3.116000,0.039000,3.141000,0
-0.558000,2.344040,0.223300,-0.005127,-0.013428,-0.000244,-0.018555,-0.011108,0.007935,0.011597,-0.018066,-0.010864,263.761000,9.041310,-36.723300,-0.050537,-0.011230,0.998535,-0.527954,0.848999,-0.017212,-0.847778,-0.528076,-0.048828,560.000000,557.646000,-19.957000,303.858000,3.116000,0.039000,3.141000,0
-0.558000,2.344040,0.223300,-0.005127,-0.013428,-0.000244,-0.018555,-0.011108,0.007935,0.011597,-0.018066,-0.010864,263.761000,9.041310,-36.723300,-0.050537,-0.011230,0.998535,-0.527954,0.848999,-0.017212,-0.847778,-0.528076,-0.048828,560.000000,557.646000,-19.957000,303.858000,3.116000,0.039000,3.141000,0
-0.558000,2.344040,0.223300,-0.005127,-0.013428,-0.000244,-0.018555,-0.011108,0.007935,0.011597,-0.018066,-0.010864,263.761000,9.041310,-36.723300,-0.050537,-0.011230,0.998535,-0.527954,0.848999,-0.017212,-0.847778,-0.528076,-0.048828,560.000000,557.646000,-19.957000,303.858000,3.116000,0.039000,3.141000,0
-0.558000,2.344040,0.223300,-0.005127,-0.013428,-0.000244,-0.018555,-0.011108,0.007935,0.011597,-0.018066,-0.010864,263.761000,9.041310,-36.723300,-0.050537,-0.011230,0.998535,-0.527954,0.848999,-0.017212,-0.847778,-0.528076,-0.048828,560.000000,557.646000,-19.957000,303.858000,3.116000,0.039000,3.141000,0
-0.558000,2.344040,0.223300,-0.005127,-0.013428,-0.000244,-0.018555,-0.011108,0.007935,0.011597,-0.018066,-0.010864,263.761000,9.041310,-36.723300,-0.050537,-0.011230,0.998535,-0.527954,0.848999,-0.017212,-0.847778,-0.528076,-0.048828,560.000000,557.646000,-19.957000,303.858000,3.116000,0.039000,3.141000,0
-0.558000,2.344040,0.223300,-0.005127,-0.013428,-0.000244,-0.018555,-0.011108,0.007935,0.011597,-0.018066,-0.010864,263.761000,9.041310,-36.723300,-0.050537,-0.011230,0.998535,-0.527954,0.848999,-0.017212,-0.847778,-0.528076,-0.048828,560.000000,557.646000,-19.957000,303.858000,3.116000,0.039000,3.141000,0
-0.558000,2.344040,0.223300,-0.005127,-0.013428,-0.000244,-0.018555,-0.011108,0.007935,0.011597,-0.018066,-0.010864,263.761000,9.041310,-36.723300,-0.050537,-0.011230,0.998535,-0.527954,0.848999,-0.017212,-0.847778,-0.528076,-0.048828,560.000000,557.646000,-19.957000,303.858000,3.116000,0.039000,3.141000,0
-0.558000,2.344040,0.223300,-0.005127,-0.013428,-0.000244,-0.018555,-0.011108,0.007935,0.011597,-0.018066,-0.010864,263.761000,9.041310,-36.723300,-0.050537,-0.011230,0.998535,-0.527954,0.848999,-0.017212,-0.847778,-0.528076,-0.048828,560.000000,557.646000,-19.957000,303.858000,3.116000,0.039000,3.141000,0
-0.558000,2.344040,0.223300,-0.005127,-0.013428,-0.000244,-0.018555,-0.011108,0.007935,0.011597,-0.018066,-0.010864,263.761000,9.041310,-36.723300,-0.050537,-0.011230,0.998535,-0.527954,0.848999,-0.017212,-0.847778,-0.528076,-0.048828,560.000000,557.646000,-19.957000,303.858000,3.116000,0.039000,3.141000,0
-0.558000,2.344040,0.223300,-0.005127,-0.013428,-0.000244,-0.018555,-0.011108,0.007935,0.011597,-0.018066,-0.010864,263.761000,9.041310,-36.723300,-0.050537,-0.011230,0.998535,-0.527954,0.848999,-0.017212,-0.847778,-0.528076,-0.048828,560.000000,557.646000,-19.957000,303.858000,3.116000,0.039000,3.141000,0
-0.558000,2.344040,0.223300,-0.005127,-0.013428,-0.000244,-0.018555,-0.011108,0.007935,0.011597,-0.018066,-0.010864,263.761000,9.041310,-36.723300,-0.050537,-0.011230,0.998535,-0.527954,0.848999,-0.017212,-0.847778,-0.528076,-0.048828,560.000000,557.646000,-19.957000,303.858000,3.116000,0.039000,3.141000,0
-0.558000,2.344040,0.223300,-0.005127,-0.013428,-0.000244,-0.018555,-0.011108,0.007935,0.011597,-0.018066,-0.010864,263.761000,9.041310,-36.723300,-0.050537,-0.011230,0.998535,-0.527954,0.848999,-0.017212,-0.847778,-0.528076,-0.048828,560.000000,557.646000,-19.957000,303.858000,3.116000,0.039000,3.141000,0
-0.558000,2.344040,0.223300,-0.005127,-0.013428,-0.000244,-0.018555,-0.011108,0.007935,0.011597,-0.018066,-0.010864,263.761000,9.041310,-36.723300,-0.050537,-0.011230,0.998535,-0.527954,0.848999,-0.017212,-0.847778,-0.528076,-0.048828,560.000000,557.646000,-19.957000,303.858000,3.116000,0.039000,3.141000,0
-0.558000,2.344040,0.223300,-0.005127,-0.013428,-0.000244,-0.018555,-0.011108,0.007935,0.011597,-0.018066,-0.010864,263.761000,9.041310,-36.723300,-0.050537,-0.011230,0.998535,-0.527954,0.848999,-0.017212,-0.847778,-0.528076,-0.048828,560.000000,557.646000,-19.957000,303.858000,3.116000,0.039000,3.141000,0
-0.558000,2.344040,0.223300,-0.005249,-0.013428,-0.000244,-0.018555,-0.011108,0.007935,0.011597,-0.018066,-0.010864,263.761000,9.041310,-36.723300,-0.050659,-0.011230,0.998535,-0.527954,0.848999,-0.017212,-0.847778,-0.528076,-0.048828,560.000000,557.646000,-19.957000,303.858000,3.116000,0.039000,3.141000,0
-0.558000,2.344040,0.223300,-0.005249,-0.013428,-0.000244,-0.018555,-0.011108,0.007935,0.011597,-0.018066,-0.010864,263.761000,9.041310,-36.723300,-0.050659,-0.011230,0.998535,-0.527954,0.848999,-0.017212,-0.847778,-0.528076,-0.048828,560.000000,557.646000,-19.957000,303.858000,3.116000,0.039000,3.141000,0
-0.558000,2.344040,0.223300,-0.005249,-0.013428,-0.000244,-0.018555,-0.011108,0.007935,0.011597,-0.018066,-0.010986,263.761000,9.041310,-36.723300,-0.050659,-0.011230,0.998535,-0.527954,0.848999,-0.017212,-0.847778,-0.528076,-0.048950,560.000000,557.646000,-19.957000,303.858000,3.116000,0.039000,3.141000,0
-0.558000,2.344040,0.223300,-0.005249,-0.013428,-0.000244,-0.018555,-0.011108,0.007935,0.011597,-0.018188,-0.010986,263.761000,9.041310,-36.723300,-0.050659,-0.011230,0.998535,-0.527954,0.848999,-0.017212,-0.847778,-0.528198,-0.048950,560.000000,557.646000,-19.957000,303.858000,3.116000,0.039000,3.141000,0
-0.558000,2.344040,0.223300,-0.005249,-0.013428,-0.000244,-0.018555,-0.011108,0.007935,0.011597,-0.018188,-0.010986,263.761000,9.041310,-36.723300,-0.050659,-0.011230,0.998535,-0.527954,0.848999,-0.017212,-0.847778,-0.528198,-0.048950,560.000000,557.646000,-19.957000,303.858000,3.116000,0.039000,3.141000,0
-0.558000,2.344040,0.223300,-0.005249,-0.013428,-0.000244,-0.018555,-0.011108,0.007935,0.011597,-0.018188,-0.010986,263.761000,9.041310,-36.723300,-0.050659,-0.011230,0.998535,-0.527954,0.848999,-0.017212,-0.847778,-0.528198,-0.048950,560.000000,557.646000,-19.957000,303.858000,3.116000,0.039000,3.141000,0
-0.558000,2.344040,0.223300,-0.005249,-0.013428,-0.000244,-0.018555,-0.011108,0.007935,0.011597,-0.018188,-0.010986,263.761000,9.041310,-36.723300,-0.050659,-0.011230,0.998535,-0.527954,0.848999,-0.017212,-0.847778,-0.528198,-0.048950,560.000000,557.646000,-19.957000,303.858000,3.116000,0.039000,3.141000,0
-0.558000,2.344040,0.223300,-0.005249,-0.013428,-0.000244,-0.018677,-0.011108,0.007935,0.011597,-0.018188,-0.010986,263.761000,9.041310,-36.723300,-0.050659,-0.011230,0.998535,-0.528076,0.848999,-0.017212,-0.847778,-0.528198,-0.048950,564.000000,557.646000,-19.957000,303.858000,3.116000,0.039000,3.141000,0
-0.558000,2.344040,0.223300,-0.005249,-0.013428,-0.000244,-0.018677,-0.011108,0.007935,0.011597,-0.018188,-0.010864,263.761000,9.041310,-36.723300,-0.050659,-0.011230,0.998535,-0.528076,0.848999,-0.017212,-0.847778,-0.528198,-0.048828,564.000000,557.646000,-19.957000,303.858000,3.116000,0.039000,3.141000,0
-0.558000,2.344040,0.223300,-0.005127,-0.013428,-0.000244,-0.018677,-0.011108,0.007935,0.011597,-0.018188,-0.010864,263.761000,9.041310,-36.723300,-0.050537,-0.011230,0.998535,-0.528076,0.848999,-0.017212,-0.847778,-0.528198,-0.048828,564.000000,557.646000,-19.957000,303.858000,3.116000,0.039000,3.141000,0
-0.558000,2.344040,0.223300,-0.005127,-0.013428,-0.000244,-0.018677,-0.011108,0.007935,0.011597,-0.018188,-0.010864,263.761000,9.041310,-36.723300,-0.050537,-0.011230,0.998535,-0.528076,0.848999,-0.017212,-0.847778,-0.528198,-0.048828,564.000000,557.646000,-19.957000,303.858000,3.116000,0.039000,3.141000,0
-0.558000,2.344040,0.223300,-0.005127,-0.013428,-0.000244,-0.018677,-0.011108,0.007935,0.011597,-0.018188,-0.010864,263.761000,9.041310,-36.723300,-0.050537,-0.011230,0.998535,-0.528076,0.848999,-0.017212,-0.847778,-0.528198,-0.048828,564.000000,557.646000,-19.957000,303.858000,3.116000,0.039000,3.141000,0
-0.558000,2.344040,0.223300,-0.005127,-0.013428,-0.000244,-0.018677,-0.011108,0.007935,0.011597,-0.018188,-0.010864,263.761000,9.041310,-36.723300,-0.050537,-0.011230,0.998535,-0.528076,0.848999,-0.017212,-0.847778,-0.528198,-0.048828,564.000000,557.646000,-19.957000,303.858000,3.116000,0.039000,3.141000,0
-0.558000,2.344040,0.223300,-0.005127,-0.013428,-0.000244,-0.018677,-0.011108,0.007935,0.011597,-0.018188,-0.010864,263.761000,9.041310,-36.723300,-0.050537,-0.011230,0.998535,-0.528076,0.848999,-0.017212,-0.847778,-0.528198,-0.048828,564.000000,557.646000,-19.957000,303.858000,3.116000,0.039000,3.141000,0
-0.558000,2.344040,0.223300,-0.005127,-0.013428,-0.000244,-0.018677,-0.011108,0.008057,0.011719,-0.018310,-0.010864,263.761000,9.041310,-36.723300,-0.050537,-0.011230,0.998535,-0.528076,0.848999,-0.017090,-0.847656,-0.528320,-0.048828,564.000000,557.646000,-19.957000,303.858000,3.116000,0.039000,3.141000,0
-0.558000,2.344040,0.223300,-0.005005,-0.013428,-0.000244,-0.018677,-0.011108,0.008057,0.011719,-0.018310,-0.010864,263.761000,9.041310,-36.723300,-0.050415,-0.011230,0.998535,-0.528076,0.848999,-0.017090,-0.847656,-0.528320,-0.048828,560.000000,557.646000,-19.957000,303.858000,3.116000,0.039000,3.141000,0
-0.558000,2.344040,0.223300,-0.005005,-0.013428,-0.000244,-0.018677,-0.011108,0.008057,0.011719,-0.018188,-0.010742,263.761000,9.041310,-36.723300,-0.050415,-0.011230,0.998535,-0.528076,0.848999,-0.017090,-0.847656,-0.528198,-0.048706,560.000000,557.646000,-19.957000,303.858000,3.116000,0.039000,3.141000,0
-0.558000,2.344040,0.223300,-0.005005,-0.013428,-0.000244,-0.018677,-0.011108,0.008057,0.011597,-0.018188,-0.010742,263.761000,9.041310,-36.723300,-0.050415,-0.011230,0.998535,-0.528076,0.848999,-0.017090,-0.847778,-0.528198,-0.048706,560.000000,557.646000,-19.957000,303.858000,3.116000,0.039000,3.141000,0
-0.558000,2.344040,0.223300,-0.005005,-0.013428,-0.000244,-0.018677,-0.011108,0.007935,0.011597,-0.018188,-0.010742,263.761000,9.041310,-36.723300,-0.050415,-0.011230,0.998535,-0.528076,0.848999,-0.017212,-0.847778,-0.528198,-0.048706,560.000000,557.646000,-19.957000,303.858000,3.116000,0.039000,3.141000,0
-0.558000,2.344040,0.223300,-0.005005,-0.013428,-0.000244,-0.018677,-0.011108,0.007935,0.011597,-0.018188,-0.010742,263.761000,9.041310,-36.723300,-0.050415,-0.011230,0.998535,-0.528076,0.848999,-0.017212,-0.847778,-0.528198,-0.048706,560.000000,557.646000,-19.957000,303.858000,3.116000,0.039000,3.141000,0
-0.558000,2.344040,0.223300,-0.005127,-0.013428,-0.000244,-0.018677,-0.011108,0.007935,0.011597,-0.018188,-0.010864,263.761000,9.041310,-36.723300,-0.050537,-0.011230,0.998535,-0.528076,0.848999,-0.017212,-0.847778,-0.528198,-0.048828,560.000000,557.646000,-19.957000,303.858000,3.116000,0.039000,3.141000,0
-0.558000,2.344040,0.223300,-0.005127,-0.013428,-0.000244,-0.018677,-0.011108,0.007935,0.011597,-0.018188,-0.010864,263.761000,9.041310,-36.723300,-0.050537,-0.011230,0.998535,-0.528076,0.848999,-0.017212,-0.847778,-0.528198,-0.048828,560.000000,557.646000,-19.957000,303.858000,3.116000,0.039000,3.141000,0
-0.558000,2.344040,0.223300,-0.005127,-0.013428,-0.000244,-0.018677,-0.011108,0.007935,0.011597,-0.018188,-0.010864,263.761000,9.041310,-36.723300,-0.050537,-0.011230,0.998535,-0.528076,0.848999,-0.017212,-0.847778,-0.528198,-0.048828,560.000000,557.646000,-19.957000,303.858000,3.116000,0.039000,3.141000,0
-0.558000,2.344040,0.223300,-0.005127,-0.013428,-0.000244,-0.018677,-0.011108,0.007935,0.011597,-0.018188,-0.010864,263.761000,9.041310,-36.723300,-0.050537,-0.011230,0.998535,-0.528076,0.848999,-0.017212,-0.847778,-0.528198,-0.048828,560.000000,557.646000,-19.957000,303.858000,3.116000,0.039000,3.141000,0
-0.558000,2.344040,0.223300,-0.005005,-0.013428,-0.000244,-0.018677,-0.011108,0.008057,0.011597,-0.018188,-0.010742,263.761000,9.041310,-36.723300,-0.050415,-0.011230,0.998535,-0.528076,0.848999,-0.017090,-0.847778,-0.528198,-0.048706,560.000000,557.646000,-19.957000,303.858000,3.116000,0.039000,3.141000,0
-0.558000,2.344040,0.223300,-0.005005,-0.013428,-0.000244,-0.018677,-0.011108,0.008057,0.011597,-0.018188,-0.010742,263.761000,9.041310,-36.723300,-0.050415,-0.011230,0.998535,-0.528076,0.848999,-0.017090,-0.847778,-0.528198,-0.048706,560.000000,557.646000,-19.957000,303.858000,3.116000,0.039000,3.141000,0
-0.558000,2.344040,0.223300,-0.005005,-0.013428,-0.000244,-0.018677,-0.011108,0.008057,0.011597,-0.018188,-0.010742,263.761000,9.041310,-36.723300,-0.050415,-0.011230,0.998535,-0.528076,0.848999,-0.017090,-0.847778,-0.528198,-0.048706,560.000000,557.646000,-19.957000,303.858000,3.116000,0.039000,3.141000,0
-0.558000,2.344040,0.223300,-0.005005,-0.013428,-0.000244,-0.018677,-0.011108,0.008057,0.011597,-0.018188,-0.010742,263.761000,9.041310,-36.723300,-0.050415,-0.011230,0.998535,-0.528076,0.848999,-0.017090,-0.847778,-0.528198,-0.048706,560.000000,557.646000,-19.957000,303.858000,3.116000,0.039000,3.141000,0
-0.558000,2.344040,0.223300,-0.005005,-0.013428,-0.000244,-0.018677,-0.011108,0.008057,0.011597,-0.018188,-0.010742,263.761000,9.041310,-36.723300,-0.050415,-0.011230,0.998535,-0.528076,0.848999,-0.017090,-0.847778,-0.528198,-0.048706,560.000000,557.646000,-19.957000,303.858000,3.116000,0.039000,3.141000,0
-0.558000,2.344040,0.223300,-0.005005,-0.013428,-0.000244,-0.018677,-0.011108,0.008057,0.011597,-0.018188,-0.010742,263.761000,9.041310,-36.723300,-0.050415,-0.011230,0.998535,-0.528076,0.848999,-0.017090,-0.847778,-0.528198,-0.048706,560.000000,557.646000,-19.957000,303.858000,3.116000,0.039000,3.141000,0
-0.558000,2.344040,0.223300,-0.005005,-0.013428,-0.000244,-0.018677,-0.011108,0.008057,0.011597,-0.018188,-0.010742,263.761000,9.041310,-36.723300,-0.050415,-0.011230,0.998535,-0.528076,0.848999,-0.017090,-0.847778,-0.528198,-0.048706,564.000000,557.646000,-19.957000,303.858000,3.116000,0.039000,3.141000,0
-0.558000,2.344040,0.223300,-0.004883,-0.013428,-0.000244,-0.018555,-0.011108,0.008057,0.011597,-0.018188,-0.010620,263.761000,9.041310,-36.723300,-0.050293,-0.011230,0.998535,-0.527954,0.848999,-0.017090,-0.847778,-0.528198,-0.048584,564.000000,557.646000,-19.957000,303.858000,3.116000,0.039000,3.141000,0
-0.558000,2.344040,0.223300,-0.004883,-0.013428,-0.000244,-0.018555,-0.011108,0.008057,0.011597,-0.018188,-0.010620,263.761000,9.041310,-36.723300,-0.050293,-0.011230,0.998535,-0.527954,0.848999,-0.017090,-0.847778,-0.528198,-0.048584,564.000000,557.646000,-19.957000,303.858000,3.116000,0.039000,3.141000,0
-0.558000,2.344040,0.223300,-0.004883,-0.013428,-0.000244,-0.018555,-0.011108,0.008057,0.011597,-0.018066,-0.010620,263.761000,9.041310,-36.723300,-0.050293,-0.011230,0.998535,-0.527954,0.848999,-0.017090,-0.847778,-0.528076,-0.048584,564.000000,557.646000,-19.957000,303.858000,3.116000,0.039000,3.141000,0
-0.558000,2.344040,0.223300,-0.004883,-0.013428,-0.000244,-0.018555,-0.011108,0.008057,0.011597,-0.018066,-0.010620,263.761000,9.041310,-36.723300,-0.050293,-0.011230,0.998535,-0.527954,0.848999,-0.017090,-0.847778,-0.528076,-0.048584,564.000000,557.646000,-19.957000,303.858000,3.116000,0.039000,3.141000,0
-0.558000,2.344040,0.223300,-0.005005,-0.013428,-0.000244,-0.018555,-0.011108,0.008057,0.011597,-0.018188,-0.010742,263.761000,9.041310,-36.723300,-0.050415,-0.011230,0.998535,-0.527954,0.848999,-0.017090,-0.847778,-0.528198,-0.048706,564.000000,557.646000,-19.957000,303.858000,3.116000,0.039000,3.141000,0
-0.558000,2.344040,0.223300,-0.005005,-0.013428,-0.000244,-0.018677,-0.011108,0.008057,0.011597,-0.018188,-0.010742,263.761000,9.041310,-36.723300,-0.050415,-0.011230,0.998535,-0.528076,0.848999,-0.017090,-0.847778,-0.528198,-0.048706,564.000000,557.646000,-19.957000,303.858000,3.116000,0.039000,3.141000,0
-0.558000,2.344040,0.223300,-0.005005,-0.013428,-0.000244,-0.018677,-0.011108,0.008057,0.011597,-0.018188,-0.010742,263.761000,9.041310,-36.723300,-0.050415,-0.011230,0.998535,-0.528076,0.848999,-0.017090,-0.847778,-0.528198,-0.048706,564.000000,557.646000,-19.957000,303.858000,3.116000,0.039000,3.141000,0
-0.558000,2.344040,0.223300,-0.005005,-0.013428,-0.000244,-0.018677,-0.011108,0.008057,0.011597,-0.018188,-0.010742,263.761000,9.041310,-36.723300,-0.050415,-0.011230,0.998535,-0.528076,0.848999,-0.017090,-0.847778,-0.528198,-0.048706,564.000000,557.646000,-19.957000,303.858000,3.116000,0.039000,3.141000,0
-0.558000,2.344040,0.223300,-0.005005,-0.013428,-0.000244,-0.018677,-0.011108,0.008057,0.011597,-0.018188,-0.010742,263.761000,9.041310,-36.723300,-0.050415,-0.011230,0.998535,-0.528076,0.848999,-0.017090,-0.847778,-0.528198,-0.048706,564.000000,557.646000,-19.957000,303.858000,3.116000,0.039000,3.141000,0
-0.558000,2.344040,0.223300,-0.005005,-0.013428,-0.000244,-0.018677,-0.011108,0.008057,0.011597,-0.018188,-0.010742,263.761000,9.041310,-36.723300,-0.050415,-0.011230,0.998535,-0.528076,0.848999,-0.017090,-0.847778,-0.528198,-0.048706,564.000000,557.646000,-19.957000,303.858000,3.116000,0.039000,3.141000,0
-0.558000,2.344040,0.223300,-0.005005,-0.013428,-0.000244,-0.018555,-0.011108,0.008057,0.011597,-0.018188,-0.010864,263.761000,9.041310,-36.723300,-0.050415,-0.011230,0.998535,-0.527954,0.848999,-0.017090,-0.847778,-0.528198,-0.048828,564.000000,557.646000,-19.957000,303.858000,3.116000,0.039000,3.141000,0
-0.558000,2.344040,0.223300,-0.005005,-0.013428,-0.000244,-0.018677,-0.011108,0.008057,0.011597,-0.018188,-0.010864,263.761000,9.041310,-36.723300,-0.050415,-0.011230,0.998535,-0.528076,0.848999,-0.017090,-0.847778,-0.528198,-0.048828,564.000000,557.646000,-19.957000,303.858000,3.116000,0.039000,3.141000,0
-0.558000,2.344040,0.223300,-0.005005,-0.013428,-0.000244,-0.018677,-0.011108,0.008057,0.011597,-0.018188,-0.010742,263.761000,9.041310,-36.723300,-0.050415,-0.011230,0.998535,-0.528076,0.848999,-0.017090,-0.847778,-0.528198,-0.048706,564.000000,557.646000,-19.957000,303.858000,3.116000,0.039000,3.141000,0
-0.558000,2.344040,0.223300,-0.005005,-0.013428,-0.000244,-0.018677,-0.011108,0.008057,0.011597,-0.018188,-0.010742,263.761000,9.041310,-36.723300,-0.050415,-0.011230,0.998535,-0.528076,0.848999,-0.017090,-0.847778,-0.528198,-0.048706,564.000000,557.646000,-19.957000,303.858000,3.116000,0.039000,3.141000,0
-0.558000,2.344040,0.223300,-0.005005,-0.013428,-0.000244,-0.018677,-0.011108,0.008057,0.011597,-0.018188,-0.010742,263.761000,9.041310,-36.723300,-0.050415,-0.011230,0.998535,-0.528076,0.848999,-0.017090,-0.847778,-0.528198,-0.048706,564.000000,557.646000,-19.957000,303.858000,3.116000,0.039000,3.141000,0
-0.558000,2.344040,0.223300,-0.005005,-0.013428,-0.000244,-0.018677,-0.011108,0.008057,0.011597,-0.018188,-0.010742,263.761000,9.041310,-36.723300,-0.050415,-0.011230,0.998535,-0.528076,0.848999,-0.017090,-0.847778,-0.528198,-0.048706,560.000000,557.646000,-19.957000,303.858000,3.116000,0.039000,3.141000,0
-0.558000,2.344040,0.223300,-0.005005,-0.013428,-0.000244,-0.018677,-0.011108,0.007935,0.011597,-0.018188,-0.010742,263.761000,9.041310,-36.723300,-0.050415,-0.011230,0.998535,-0.528076,0.848999,-0.017212,-0.847778,-0.528198,-0.048706,560.000000,557.646000,-19.957000,303.858000,3.116000,0.039000,3.141000,0
-0.558000,2.344040,0.223300,-0.005005,-0.013428,-0.000244,-0.018677,-0.011108,0.007935,0.011597,-0.018188,-0.010742,263.761000,9.041310,-36.723300,-0.050415,-0.011230,0.998535,-0.528076,0.848999,-0.017212,-0.847778,-0.528198,-0.048706,560.000000,557.646000,-19.957000,303.858000,3.116000,0.039000,3.141000,0
-0.558000,2.344040,0.223300,-0.005005,-0.013428,-0.000244,-0.018677,-0.011108,0.008057,0.011597,-0.018188,-0.010742,263.761000,9.041310,-36.723300,-0.050415,-0.011230,0.998535,-0.528076,0.848999,-0.017090,-0.847778,-0.528198,-0.048706,560.000000,557.646000,-19.957000,303.858000,3.116000,0.039000,3.141000,0
-0.558000,2.344040,0.223300,-0.005005,-0.013428,-0.000244,-0.018677,-0.011108,0.008057,0.011597,-0.018188,-0.010742,263.761000,9.041310,-36.723300,-0.050415,-0.011230,0.998535,-0.528076,0.848999,-0.017090,-0.847778,-0.528198,-0.048706,560.000000,557.646000,-19.957000,303.858000,3.116000,0.039000,3.141000,0
-0.558000,2.344040,0.223300,-0.005005,-0.013428,-0.000244,-0.018677,-0.011108,0.007935,0.011597,-0.018188,-0.010742,263.761000,9.041310,-36.723300,-0.050415,-0.011230,0.998535,-0.528076,0.848999,-0.017212,-0.847778,-0.528198,-0.048706,560.000000,557.647000,-19.957000,303.862000,3.116000,0.039000,3.141000,0
-0.558000,2.344040,0.223300,-0.005005,-0.013428,-0.000244,-0.018677,-0.011108,0.007935,0.011597,-0.018188,-0.010742,263.761000,9.041310,-36.723300,-0.050415,-0.011230,0.998535,-0.528076,0.848999,-0.017212,-0.847778,-0.528198,-0.048706,560.000000,557.648000,-19.957000,303.876000,3.116000,0.039000,3.141000,0
-0.558000,2.344040,0.223300,-0.005005,-0.013428,-0.000244,-0.018677,-0.011108,0.007935,0.011597,-0.018188,-0.010742,263.761000,9.041310,-36.723300,-0.050415,-0.011230,0.998535,-0.528076,0.848999,-0.017212,-0.847778,-0.528198,-0.048706,560.000000,557.649000,-19.956000,303.887000,3.116000,0.039000,3.141000,0
-0.558000,2.344040,0.223300,-0.005005,-0.013428,-0.000244,-0.018677,-0.011108,0.007935,0.011597,-0.018188,-0.010742,263.761000,9.041310,-36.723300,-0.050415,-0.011230,0.998535,-0.528076,0.848999,-0.017212,-0.847778,-0.528198,-0.048706,556.000000,557.653000,-19.956000,303.906000,3.116000,0.039000,3.141000,0
-0.558000,2.344040,0.223300,-0.005005,-0.013306,-0.000244,-0.018677,-0.011108,0.007935,0.011597,-0.018188,-0.010742,263.761000,9.041310,-36.723300,-0.050415,-0.011108,0.998535,-0.528076,0.848999,-0.017212,-0.847778,-0.528198,-0.048706,556.000000,557.663000,-19.956000,303.926000,3.116000,0.039000,3.141000,0
-0.558000,2.344040,0.223300,-0.005005,-0.013306,-0.000244,-0.018677,-0.011108,0.007935,0.011597,-0.018188,-0.010742,263.761000,9.041310,-36.723300,-0.050415,-0.011108,0.998535,-0.528076,0.848999,-0.017212,-0.847778,-0.528198,-0.048706,556.000000,557.685000,-19.957000,303.960000,3.116000,0.039000,3.141000,0
-0.558000,2.344040,0.223300,-0.005005,-0.013428,-0.000244,-0.018677,-0.011108,0.007935,0.011597,-0.018188,-0.010742,263.761000,9.041310,-36.723300,-0.050415,-0.011230,0.998535,-0.528076,0.848999,-0.017212,-0.847778,-0.528198,-0.048706,556.000000,557.690000,-19.957000,303.966000,3.116000,0.039000,3.141000,0
-0.558000,2.344040,0.223300,-0.005005,-0.013428,-0.000244,-0.018677,-0.011108,0.007935,0.011597,-0.018188,-0.010742,263.761000,9.041310,-36.723300,-0.050415,-0.011230,0.998535,-0.528076,0.848999,-0.017212,-0.847778,-0.528198,-0.048706,556.000000,557.708000,-19.957000,303.987000,3.116000,0.039000,3.141000,0
-0.558000,2.344040,0.223300,-0.005005,-0.013428,-0.000244,-0.018677,-0.011108,0.007935,0.011597,-0.018188,-0.010742,263.761000,9.041310,-36.723300,-0.050415,-0.011230,0.998535,-0.528076,0.848999,-0.017212,-0.847778,-0.528198,-0.048706,556.000000,557.731000,-19.957000,304.000000,3.116000,0.039000,3.141000,0
-0.558000,2.344040,0.223300,-0.005005,-0.013428,-0.000244,-0.018677,-0.011108,0.008057,0.011597,-0.018188,-0.010742,263.761000,9.041310,-36.723300,-0.050415,-0.011230,0.998535,-0.528076,0.848999,-0.017090,-0.847778,-0.528198,-0.048706,560.000000,557.734000,-19.957000,304.002000,3.116000,0.039000,3.141000,0
-0.558000,2.344040,0.223300,-0.005005,-0.013428,-0.000244,-0.018677,-0.011108,0.008057,0.011597,-0.018188,-0.010742,263.761000,9.041310,-36.723300,-0.050415,-0.011230,0.998535,-0.528076,0.848999,-0.017090,-0.847778,-0.528198,-0.048706,560.000000,557.745000,-19.957000,303.988000,3.116000,0.039000,3.141000,0
-0.558000,2.344040,0.223300,-0.005005,-0.013428,-0.000244,-0.018677,-0.011108,0.008057,0.011597,-0.018188,-0.010742,263.761000,9.041310,-36.723300,-0.050415,-0.011230,0.998535,-0.528076,0.848999,-0.017090,-0.847778,-0.528198,-0.048706,560.000000,557.787000,-19.959000,303.964000,3.116000,0.039000,3.141000,0
-0.558000,2.344040,0.223300,-0.005005,-0.013428,-0.000244,-0.018677,-0.011108,0.008057,0.011597,-0.018188,-0.010742,263.761000,9.041310,-36.723300,-0.050415,-0.011230,0.998535,-0.528076,0.848999,-0.017090,-0.847778,-0.528198,-0.048706,560.000000,557.830000,-19.957000,303.944000,3.116000,0.039000,3.141000,0
-0.558000,2.344040,0.223300,-0.005005,-0.013428,-0.000244,-0.018799,-0.011230,0.008057,0.011719,-0.018310,-0.010742,263.761000,9.041310,-36.723300,-0.050415,-0.011230,0.998535,-0.528198,0.848877,-0.017090,-0.847656,-0.528320,-0.048706,560.000000,558.200000,-19.953000,303.857000,3.116000,0.039000,3.141000,0
-0.558000,2.344040,0.223300,-0.005005,-0.013428,-0.000244,-0.018799,-0.011230,0.008057,0.011719,-0.018310,-0.010742,263.761000,9.041310,-36.723300,-0.050415,-0.011230,0.998535,-0.528198,0.848877,-0.017090,-0.847656,-0.528320,-0.048706,560.000000,558.255000,-19.952000,303.866000,3.116000,0.039000,3.141000,0
-0.558000,2.344040,0.223300,-0.005005,-0.013550,-0.000244,-0.018799,-0.011230,0.008057,0.011719,-0.018432,-0.010742,263.761000,9.041310,-36.723300,-0.050415,-0.011352,0.998535,-0.528198,0.848877,-0.017090,-0.847656,-0.528442,-0.048706,564.000000,558.340000,-19.952000,303.874000,3.116000,0.039000,3.141000,0
-0.558000,2.344040,0.223300,-0.005127,-0.013550,-0.000244,-0.018921,-0.011230,0.008057,0.011719,-0.018432,-0.010864,263.761000,9.041310,-36.723300,-0.050537,-0.011352,0.998535,-0.528320,0.848877,-0.017090,-0.847656,-0.528442,-0.048828,564.000000,558.618000,-19.954000,303.882000,3.116000,0.039000,3.141000,0
-0.558000,2.344040,0.223300,-0.005127,-0.013550,-0.000244,-0.018921,-0.011230,0.008057,0.011719,-0.018432,-0.010864,263.761000,9.041310,-36.723300,-0.050537,-0.011352,0.998535,-0.528320,0.848877,-0.017090,-0.847656,-0.528442,-0.048828,564.000000,558.805000,-19.953000,303.878000,3.116000,0.039000,3.141000,0
-0.558000,2.344040,0.223300,-0.005127,-0.013550,-0.000244,-0.018921,-0.011230,0.008057,0.011719,-0.018432,-0.010864,263.761000,9.041310,-36.723300,-0.050537,-0.011352,0.998535,-0.528320,0.848877,-0.017090,-0.847656,-0.528442,-0.048828,564.000000,558.828000,-19.953000,303.878000,3.116000,0.039000,3.141000,0
-0.558000,2.344040,0.223300,-0.005127,-0.013550,-0.000244,-0.018921,-0.011230,0.007935,0.011719,-0.018432,-0.010864,263.761000,9.041310,-36.723300,-0.050537,-0.011352,0.998535,-0.528320,0.848877,-0.017212,-0.847656,-0.528442,-0.048828,564.000000,559.108000,-19.949000,303.890000,3.116000,0.039000,3.141000,0
-0.558000,2.344040,0.223300,-0.005127,-0.013550,-0.000244,-0.018921,-0.011230,0.007935,0.011719,-0.018432,-0.010986,263.761000,9.041310,-36.723300,-0.050537,-0.011352,0.998535,-0.528320,0.848877,-0.017212,-0.847656,-0.528442,-0.048950,564.000000,559.120000,-19.949000,303.890000,3.116000,0.039000,3.141000,0
-0.558000,2.344040,0.223300,-0.005249,-0.013550,-0.000244,-0.018921,-0.011230,0.007935,0.011719,-0.018432,-0.010986,263.761000,9.041310,-36.723300,-0.050659,-0.011352,0.998535,-0.528320,0.848877,-0.017212,-0.847656,-0.528442,-0.048950,568.000000,559.332000,-19.949000,303.905000,3.116000,0.039000,3.141000,0
-0.558000,2.344040,0.223300,-0.005249,-0.013550,-0.000244,-0.018921,-0.011230,0.007935,0.011841,-0.018432,-0.010986,263.761000,9.041310,-36.723300,-0.050659,-0.011352,0.998535,-0.528320,0.848877,-0.017212,-0.847534,-0.528442,-0.048950,568.000000,559.461000,-19.950000,303.906000,3.116000,0.039000,3.141000,0
-0.558000,2.344040,0.223300,-0.005249,-0.013550,-0.000244,-0.018921,-0.011230,0.007935,0.011841,-0.018432,-0.010986,263.761000,9.041310,-36.723300,-0.050659,-0.011352,0.998535,-0.528320,0.848877,-0.017212,-0.847534,-0.528442,-0.048950,568.000000,559.613000,-19.952000,303.912000,3.116000,0.039000,3.141000,0
-0.558000,2.344040,0.223300,-0.005249,-0.013550,-0.000244,-0.018921,-0.011352,0.007935,0.011841,-0.018432,-0.011108,263.761000,9.041310,-36.723300,-0.050659,-0.011352,0.998535,-0.528320,0.848755,-0.017212,-0.847534,-0.528442,-0.049072,568.000000,559.787000,-19.952000,303.927000,3.116000,0.039000,3.141000,0
-0.558000,2.344040,0.223300,-0.005371,-0.013550,-0.000244,-0.018921,-0.011352,0.007935,0.011841,-0.018554,-0.011108,263.761000,9.041310,-36.723300,-0.050781,-0.011352,0.998535,-0.528320,0.848755,-0.017212,-0.847534,-0.528564,-0.049072,568.000000,559.972000,-19.951000,303.933000,3.116000,0.039000,3.141000,0
-0.558000,2.344040,0.223300,-0.005371,-0.013672,-0.000244,-0.018921,-0.011352,0.007935,0.011841,-0.018554,-0.011108,263.761000,9.041310,-36.723300,-0.050781,-0.011475,0.998535,-0.528320,0.848755,-0.017212,-0.847534,-0.528564,-0.049072,572.000000,560.154000,-19.949000,303.934000,3.116000,0.039000,3.141000,0
-0.558000,2.344040,0.223300,-0.005371,-0.013672,-0.000244,-0.019043,-0.011352,0.007935,0.011841,-0.018554,-0.011230,263.761000,9.041310,-36.723300,-0.050781,-0.011475,0.998535,-0.528442,0.848755,-0.017212,-0.847534,-0.528564,-0.049194,572.000000,560.338000,-19.950000,303.925000,3.116000,0.039000,3.141000,0
-0.558000,2.344040,0.223300,-0.005371,-0.013672,-0.000244,-0.019043,-0.011352,0.007935,0.011841,-0.018554,-0.011230,263.761000,9.041310,-36.723300,-0.050781,-0.011475,0.998535,-0.528442,0.848755,-0.017212,-0.847534,-0.528564,-0.049194,572.000000,560.520000,-19.950000,303.921000,3.116000,0.039000,3.141000,0
-0.558000,2.344040,0.334900,-0.005371,-0.013672,-0.000244,-0.019043,-0.011352,0.008057,0.011841,-0.018554,-0.011230,263.761000,9.041310,-36.611700,-0.050781,-0.011475,0.998535,-0.528442,0.848755,-0.017090,-0.847534,-0.528564,-0.049194,572.000000,560.714000,-19.952000,303.927000,3.116000,0.039000,3.141000,0
-0.558000,2.344040,0.334900,-0.005493,-0.013794,-0.000244,-0.019043,-0.011352,0.008057,0.011841,-0.018554,-0.011230,263.761000,9.041310,-36.611700,-0.050903,-0.011597,0.998535,-0.528442,0.848755,-0.017090,-0.847534,-0.528564,-0.049194,572.000000,560.924000,-19.952000,303.926000,3.116000,0.039000,3.141000,0
-0.558000,2.344040,0.334900,-0.005493,-0.013794,-0.000244,-0.019043,-0.011352,0.008057,0.011963,-0.018554,-0.011353,263.761000,9.041310,-36.611700,-0.050903,-0.011597,0.998535,-0.528442,0.848755,-0.017090,-0.847412,-0.528564,-0.049316,576.000000,561.150000,-19.954000,303.930000,3.116000,0.039000,3.141000,0
-0.558000,2.344040,0.334900,-0.005493,-0.013794,-0.000244,-0.019043,-0.011352,0.008057,0.011963,-0.018677,-0.011353,263.761000,9.041310,-36.611700,-0.050903,-0.011597,0.998535,-0.528442,0.848755,-0.017090,-0.847412,-0.528687,-0.049316,576.000000,561.381000,-19.957000,303.936000,3.116000,0.039000,3.141000,0
-0.558000,2.344040,0.334900,-0.005493,-0.013794,-0.000244,-0.019165,-0.011474,0.008057,0.011963,-0.018677,-0.011475,263.761000,9.041310,-36.611700,-0.050903,-0.011597,0.998535,-0.528564,0.848633,-0.017090,-0.847412,-0.528687,-0.049439,576.000000,561.617000,-19.960000,303.950000,3.116000,0.039000,3.141000,0
-0.558000,2.344040,0.334900,-0.005615,-0.013916,-0.000244,-0.019165,-0.011474,0.008057,0.011963,-0.018677,-0.011475,263.761000,9.041310,-36.611700,-0.051025,-0.011719,0.998535,-0.528564,0.848633,-0.017090,-0.847412,-0.528687,-0.049439,580.000000,561.848000,-19.962000,303.959000,3.116000,0.039000,3.141000,0
-0.558000,2.344040,0.334900,-0.005615,-0.013916,-0.000244,-0.019165,-0.011474,0.008057,0.011963,-0.018799,-0.011475,263.761000,9.041310,-36.611700,-0.051025,-0.011719,0.998535,-0.528564,0.848633,-0.017090,-0.847412,-0.528809,-0.049439,580.000000,562.082000,-19.965000,303.969000,3.116000,0.039000,3.141000,0
-0.558000,2.344040,0.334900,-0.005615,-0.013916,-0.000244,-0.019288,-0.011474,0.008057,0.012085,-0.018799,-0.011597,263.761000,9.041310,-36.611700,-0.051025,-0.011719,0.998535,-0.528687,0.848633,-0.017090,-0.847290,-0.528809,-0.049561,580.000000,562.320000,-19.967000,303.973000,3.116000,0.039000,3.141000,0
-0.558000,2.344040,0.334900,-0.005737,-0.014038,-0.000244,-0.019288,-0.011596,0.008057,0.012085,-0.018921,-0.011597,263.761000,9.041310,-36.611700,-0.051147,-0.011841,0.998535,-0.528687,0.848511,-0.017090,-0.847290,-0.528931,-0.049561,584.000000,562.578000,-19.968000,303.980000,3.116000,0.039000,3.141000,0
-0.558000,2.344040,0.334900,-0.005737,-0.014038,-0.000244,-0.019410,-0.011596,0.008057,0.012085,-0.018921,-0.011719,263.761000,9.041310,-36.611700,-0.051147,-0.011841,0.998535,-0.528809,0.848511,-0.017090,-0.847290,-0.528931,-0.049683,584.000000,562.852000,-19.969000,303.988000,3.117000,0.039000,3.141000,0
-0.558000,2.344040,0.334900,-0.005859,-0.014160,-0.000366,-0.019410,-0.011596,0.008179,0.012207,-0.019043,-0.011841,263.761000,9.041310,-36.611700,-0.051270,-0.011963,0.998413,-0.528809,0.848511,-0.016968,-0.847168,-0.529053,-0.049805,584.000000,563.120000,-19.971000,303.987000,3.117000,0.039000,3.141000,0
-0.558000,2.455660,0.334900,-0.005859,-0.014160,-0.000366,-0.019532,-0.011718,0.008179,0.012207,-0.019043,-0.011841,263.761000,9.152930,-36.611700,-0.051270,-0.011963,0.998413,-0.528931,0.848389,-0.016968,-0.847168,-0.529053,-0.049805,588.000000,563.375000,-19.973000,303.983000,3.116000,0.039000,3.141000,0
-0.558000,2.455660,0.334900,-0.005981,-0.014282,-0.000366,-0.019654,-0.011718,0.008179,0.012329,-0.019165,-0.011963,263.761000,9.152930,-36.611700,-0.051392,-0.012085,0.998413,-0.529053,0.848389,-0.016968,-0.847046,-0.529175,-0.049927,588.000000,563.635000,-19.975000,303.981000,3.116000,0.039000,3.141000,0
-0.558000,2.455660,0.334900,-0.005981,-0.014282,-0.000366,-0.019654,-0.011718,0.008179,0.012329,-0.019165,-0.012085,263.761000,9.152930,-36.611700,-0.051392,-0.012085,0.998413,-0.529053,0.848389,-0.016968,-0.847046,-0.529175,-0.050049,592.000000,563.893000,-19.976000,303.982000,3.116000,0.039000,3.141000,0
-0.558000,2.455660,0.334900,-0.006104,-0.014404,-0.000366,-0.019776,-0.011840,0.008179,0.012329,-0.019287,-0.012085,263.761000,9.152930,-36.611700,-0.051514,-0.012207,0.998413,-0.529175,0.848267,-0.016968,-0.847046,-0.529297,-0.050049,592.000000,564.168000,-19.976000,303.989000,3.116000,0.039000,3.141000,0
-0.670000,2.455660,0.334900,-0.006104,-0.014404,-0.000366,-0.019898,-0.011840,0.008179,0.012451,-0.019409,-0.012207,263.649000,9.152930,-36.611700,-0.051514,-0.012207,0.998413,-0.529297,0.848267,-0.016968,-0.846924,-0.529419,-0.050171,596.000000,564.460000,-19.977000,304.004000,3.116000,0.039000,3.141000,0
-0.670000,2.455660,0.334900,-0.006226,-0.014526,-0.000366,-0.019898,-0.011962,0.008301,0.012451,-0.019531,-0.012329,263.649000,9.152930,-36.611700,-0.051636,-0.012329,0.998413,-0.529297,0.848145,-0.016846,-0.846924,-0.529541,-0.050293,600.000000,564.762000,-19.977000,304.022000,3.116000,0.039000,3.141000,0
-0.670000,2.455660,0.334900,-0.006226,-0.014648,-0.000366,-0.020020,-0.011962,0.008301,0.012573,-0.019531,-0.012329,263.649000,9.152930,-36.611700,-0.051636,-0.012451,0.998413,-0.529419,0.848145,-0.016846,-0.846802,-0.529541,-0.050293,600.000000,565.071000,-19.978000,304.054000,3.116000,0.039000,3.141000,0
-0.670000,2.455660,0.334900,-0.006226,-0.014648,-0.000366,-0.020142,-0.012085,0.008301,0.012695,-0.019653,-0.012451,263.649000,9.152930,-36.611700,-0.051636,-0.012451,0.998413,-0.529541,0.848022,-0.016846,-0.846680,-0.529663,-0.050415,604.000000,565.384000,-19.980000,304.084000,3.116000,0.039000,3.141000,0
-0.670000,2.455660,0.334900,-0.006348,-0.014770,-0.000366,-0.020264,-0.012085,0.008423,0.012695,-0.019775,-0.012573,263.649000,9.152930,-36.611700,-0.051758,-0.012573,0.998413,-0.529663,0.848022,-0.016724,-0.846680,-0.529785,-0.050537,608.000000,565.694000,-19.981000,304.100000,3.116000,0.039000,3.141000,0
-0.670000,2.455660,0.334900,-0.006348,-0.014893,-0.000366,-0.020264,-0.012085,0.008423,0.012695,-0.019775,-0.012695,263.649000,9.152930,-36.611700,-0.051758,-0.012695,0.998413,-0.529663,0.848022,-0.016724,-0.846680,-0.529785,-0.050659,612.000000,566.004000,-19.981000,304.118000,3.116000,0.039000,3.141000,0
-0.670000,2.567280,0.334900,-0.006470,-0.014893,-0.000366,-0.020386,-0.012207,0.008423,0.012817,-0.019897,-0.012817,263.649000,9.264550,-36.611700,-0.051880,-0.012695,0.998413,-0.529785,0.847900,-0.016724,-0.846558,-0.529907,-0.050781,616.000000,566.315000,-19.980000,304.126000,3.116000,0.039000,3.141000,0
-0.670000,2.567280,0.334900,-0.006592,-0.015015,-0.000366,-0.020386,-0.012207,0.008423,0.012817,-0.019897,-0.012939,263.649000,9.264550,-36.611700,-0.052002,-0.012817,0.998413,-0.529785,0.847900,-0.016724,-0.846558,-0.529907,-0.050903,616.000000,566.622000,-19.979000,304.112000,3.116000,0.039000,3.141000,0
-0.670000,2.567280,0.334900,-0.006714,-0.015137,-0.000366,-0.020508,-0.012329,0.008423,0.012939,-0.020019,-0.013061,263.649000,9.264550,-36.611700,-0.052124,-0.012939,0.998413,-0.529907,0.847778,-0.016724,-0.846436,-0.530029,-0.051025,624.000000,566.931000,-19.980000,304.101000,3.116000,0.039000,3.141000,0
-0.670000,2.567280,0.334900,-0.006836,-0.015259,-0.000366,-0.020630,-0.012329,0.008423,0.012939,-0.020141,-0.013184,263.649000,9.264550,-36.611700,-0.052246,-0.013062,0.998413,-0.530029,0.847778,-0.016724,-0.846436,-0.530151,-0.051147,624.000000,567.244000,-19.982000,304.093000,3.116000,0.039000,3.141000,0
-0.670000,2.567280,0.334900,-0.006836,-0.015259,-0.000366,-0.020630,-0.012329,0.008423,0.013062,-0.020141,-0.013306,263.649000,9.264550,-36.611700,-0.052246,-0.013062,0.998413,-0.530029,0.847778,-0.016724,-0.846313,-0.530151,-0.051270,628.000000,567.557000,-19.984000,304.084000,3.116000,0.039000,3.141000,0
-0.782000,2.567280,0.334900,-0.007080,-0.015381,-0.000366,-0.020874,-0.012451,0.008545,0.013062,-0.020263,-0.013550,263.537000,9.264550,-36.611700,-0.052490,-0.013184,0.998413,-0.530273,0.847656,-0.016602,-0.846313,-0.530273,-0.051514,636.000000,567.880000,-19.984000,304.073000,3.117000,0.039000,3.141000,0
-0.782000,2.567280,0.334900,-0.007202,-0.015503,-0.000366,-0.020874,-0.012573,0.008545,0.013184,-0.020386,-0.013672,263.537000,9.264550,-36.611700,-0.052612,-0.013306,0.998413,-0.530273,0.847534,-0.016602,-0.846191,-0.530396,-0.051636,640.000000,568.200000,-19.982000,304.072000,3.117000,0.039000,3.141000,0
-0.782000,2.567280,0.446500,-0.007324,-0.015747,-0.000366,-0.020997,-0.012573,0.008545,0.013306,-0.020508,-0.013916,263.537000,9.264550,-36.500100,-0.052734,-0.013550,0.998413,-0.530396,0.847534,-0.016602,-0.846069,-0.530518,-0.051880,644.000000,568.514000,-19.980000,304.073000,3.117000,0.039000,3.141000,0
-0.782000,2.567280,0.446500,-0.007568,-0.015869,-0.000366,-0.021119,-0.012695,0.008545,0.013306,-0.020630,-0.014038,263.537000,9.264550,-36.500100,-0.052978,-0.013672,0.998413,-0.530518,0.847412,-0.016602,-0.846069,-0.530640,-0.052002,652.000000,568.829000,-19.978000,304.067000,3.117000,0.039000,3.141000,0
-0.782000,2.567280,0.446500,-0.007690,-0.015991,-0.000366,-0.021241,-0.012695,0.008545,0.013428,-0.020752,-0.014282,263.537000,9.264550,-36.500100,-0.053101,-0.013794,0.998413,-0.530640,0.847412,-0.016602,-0.845947,-0.530762,-0.052246,656.000000,569.157000,-19.977000,304.066000,3.117000,0.039000,3.141000,0
-0.782000,2.567280,0.446500,-0.007935,-0.016113,-0.000488,-0.021485,-0.012817,0.008667,0.013550,-0.020874,-0.014648,263.537000,9.264550,-36.500100,-0.053345,-0.013916,0.998291,-0.530884,0.847290,-0.016480,-0.845825,-0.530884,-0.052612,664.000000,569.490000,-19.978000,304.081000,3.117000,0.039000,3.141000,0
-0.782000,2.678900,0.446500,-0.008057,-0.016235,-0.000488,-0.021607,-0.012939,0.008667,0.013672,-0.020996,-0.014770,263.537000,9.376170,-36.500100,-0.053467,-0.014038,0.998291,-0.531006,0.847168,-0.016480,-0.845703,-0.531006,-0.052734,668.000000,569.821000,-19.980000,304.090000,3.117000,0.039000,3.141000,0
-0.893000,2.678900,0.446500,-0.008301,-0.016479,-0.000488,-0.021729,-0.013061,0.008667,0.013794,-0.021240,-0.015137,263.426000,9.376170,-36.500100,-0.053711,-0.014282,0.998291,-0.531128,0.847046,-0.016480,-0.845581,-0.531250,-0.053101,680.000000,570.154000,-19.984000,304.098000,3.117000,0.039000,3.141000,0
