Dif_X,Dif_Y,Dif_Z,Dif_X1,Dif_X2,Dif_X3,Dif_Y1,Dif_Y2,Dif_Y3,Dif_Z1,Dif_Z2,Dif_Z3,NDI_X,NDI_Y,NDI_Z,NDI_Rot_X1,NDI_Rot_X2,NDI_Rot_X3,NDI_Rot_Y1,NDI_Rot_Y2,NDI_Rot_Y3,NDI_Rot_Z1,NDI_Rot_Z2,NDI_Rot_Z3,NDI_Quality,Kuka_X,Kuka_Y,Kuka_Z,Kuka_A,Kuka_B,Kuka_C,Kuka_TSL
-0.446,2.23242,0.3349,-0.0064697,-0.0147705,-0.000488,-0.019653,-0.009644,0.00939938,0.010131,-0.019165,-0.0122071,263.426000,-3.683500,-36.723300,-0.048584,-0.015381,0.998535,-0.457031,0.889404,-0.008545,-0.888184,-0.456909,-0.050293,640.000000,543.617000,-19.998000,303.657000,3.116000,0.040000,3.141000,0
-0.446,2.23242,0.3349,-0.0064697,-0.0147705,-0.000488,-0.019653,-0.009766,0.00939938,0.010131,-0.019165,-0.0122071,263.426000,-3.683500,-36.723300,-0.048584,-0.015381,0.998535,-0.457031,0.889282,-0.008545,-0.888184,-0.456909,-0.050293,640.000000,543.617000,-19.998000,303.657000,3.116000,0.040000,3.141000,0
-0.446,2.23242,0.3349,-0.0064697,-0.0147705,-0.000488,-0.019653,-0.009766,0.00939938,0.010131,-0.019165,-0.0122071,263.426000,-3.683500,-36.723300,-0.048584,-0.015381,0.998535,-0.457031,0.889282,-0.008545,-0.888184,-0.456909,-0.050293,640.000000,543.617000,-19.998000,303.657000,3.116000,0.040000,3.141000,0
-0.446,2.23242,0.3349,-0.0064697,-0.0147705,-0.000488,-0.019653,-0.009766,0.00939938,0.010131,-0.019165,-0.0122071,263.426000,-3.683500,-36.723300,-0.048584,-0.015381,0.998535,-0.457031,0.889282,-0.008545,-0.888184,-0.456909,-0.050293,640.000000,543.617000,-19.998000,303.657000,3.116000,0.040000,3.141000,0
-0.446,2.23242,0.3349,-0.0064697,-0.0147705,-0.000488,-0.019653,-0.009766,0.00939938,0.010131,-0.019165,-0.0122071,263.426000,-3.683500,-36.723300,-0.048584,-0.015381,0.998535,-0.457031,0.889282,-0.008545,-0.888184,-0.456909,-0.050293,640.000000,543.617000,-19.998000,303.657000,3.116000,0.040000,3.141000,0
-0.446,2.34405,0.3349,-0.0065918,-0.0147705,-0.000488,-0.019653,-0.009766,0.00939938,0.010131,-0.019165,-0.0122071,263.426000,-3.571870,-36.723300,-0.048706,-0.015381,0.998535,-0.457031,0.889282,-0.008545,-0.888184,-0.456909,-0.050293,640.000000,543.617000,-19.998000,303.657000,3.116000,0.040000,3.141000,0
-0.446,2.34405,0.3349,-0.0065918,-0.0147705,-0.000488,-0.019775,-0.009766,0.00939938,0.010253,-0.019165,-0.0122071,263.426000,-3.571870,-36.723300,-0.048706,-0.015381,0.998535,-0.457153,0.889282,-0.008545,-0.888062,-0.456909,-0.050293,640.000000,543.617000,-19.998000,303.657000,3.116000,0.040000,3.141000,0
-0.446,2.34405,0.3349,-0.0065918,-0.0148925,-0.000488,-0.019775,-0.009766,0.00939938,0.010253,-0.019165,-0.0122071,263.426000,-3.571870,-36.723300,-0.048706,-0.015503,0.998535,-0.457153,0.889282,-0.008545,-0.888062,-0.456909,-0.050293,640.000000,543.617000,-19.998000,303.657000,3.116000,0.040000,3.141000,0
-0.446,2.34405,0.3349,-0.0065918,-0.0148925,-0.000488,-0.019775,-0.009766,0.00939938,0.010253,-0.019165,-0.0122071,263.426000,-3.571870,-36.723300,-0.048706,-0.015503,0.998535,-0.457153,0.889282,-0.008545,-0.888062,-0.456909,-0.050293,640.000000,543.617000,-19.998000,303.657000,3.116000,0.040000,3.141000,0
-0.558,2.34405,0.3349,-0.0065918,-0.0148925,-0.000488,-0.019775,-0.009766,0.00939938,0.010253,-0.019165,-0.0122071,263.314000,-3.571870,-36.723300,-0.048706,-0.015503,0.998535,-0.457153,0.889282,-0.008545,-0.888062,-0.456909,-0.050293,640.000000,543.617000,-19.998000,303.657000,3.116000,0.040000,3.141000,0
-0.558,2.34405,0.3349,-0.0065918,-0.0148925,-0.000488,-0.019775,-0.009766,0.00939938,0.010253,-0.019165,-0.0122071,263.314000,-3.571870,-36.723300,-0.048706,-0.015503,0.998535,-0.457153,0.889282,-0.008545,-0.888062,-0.456909,-0.050293,644.000000,543.617000,-19.998000,303.657000,3.116000,0.040000,3.141000,0
-0.446,2.34405,0.3349,-0.0065918,-0.0148925,-0.000488,-0.019775,-0.009766,0.00939938,0.010253,-0.019165,-0.0122071,263.426000,-3.571870,-36.723300,-0.048706,-0.015503,0.998535,-0.457153,0.889282,-0.008545,-0.888062,-0.456909,-0.050293,644.000000,543.617000,-19.998000,303.657000,3.116000,0.040000,3.141000,0
-0.446,2.34405,0.3349,-0.0065918,-0.0148925,-0.000488,-0.019775,-0.009766,0.00939938,0.010253,-0.019165,-0.0122071,263.426000,-3.571870,-36.723300,-0.048706,-0.015503,0.998535,-0.457153,0.889282,-0.008545,-0.888062,-0.456909,-0.050293,644.000000,543.617000,-19.998000,303.657000,3.116000,0.040000,3.141000,0
-0.446,2.34405,0.3349,-0.0065918,-0.0147705,-0.000488,-0.019775,-0.009766,0.00939938,0.010253,-0.019165,-0.0122071,263.426000,-3.571870,-36.723300,-0.048706,-0.015381,0.998535,-0.457153,0.889282,-0.008545,-0.888062,-0.456909,-0.050293,644.000000,543.617000,-19.998000,303.657000,3.116000,0.040000,3.141000,0
-0.446,2.34405,0.3349,-0.0065918,-0.0147705,-0.000488,-0.019775,-0.009766,0.00939938,0.010253,-0.019165,-0.0122071,263.426000,-3.571870,-36.723300,-0.048706,-0.015381,0.998535,-0.457153,0.889282,-0.008545,-0.888062,-0.456909,-0.050293,644.000000,543.617000,-19.998000,303.657000,3.116000,0.040000,3.141000,0
-0.446,2.23242,0.3349,-0.0065918,-0.0147705,-0.000488,-0.019775,-0.009766,0.00939938,0.010253,-0.019165,-0.0122071,263.426000,-3.683500,-36.723300,-0.048706,-0.015381,0.998535,-0.457153,0.889282,-0.008545,-0.888062,-0.456909,-0.050293,644.000000,543.617000,-19.998000,303.657000,3.116000,0.040000,3.141000,0
-0.446,2.23242,0.3349,-0.0065918,-0.0147705,-0.000488,-0.019775,-0.009766,0.00939938,0.010253,-0.019165,-0.0122071,263.426000,-3.683500,-36.723300,-0.048706,-0.015381,0.998535,-0.457153,0.889282,-0.008545,-0.888062,-0.456909,-0.050293,644.000000,543.617000,-19.998000,303.657000,3.116000,0.040000,3.141000,0
-0.446,2.23242,0.3349,-0.0065918,-0.0147705,-0.000488,-0.019775,-0.009766,0.00939938,0.010253,-0.019165,-0.0122071,263.426000,-3.683500,-36.723300,-0.048706,-0.015381,0.998535,-0.457153,0.889282,-0.008545,-0.888062,-0.456909,-0.050293,644.000000,543.617000,-19.998000,303.657000,3.116000,0.040000,3.141000,0
-0.446,2.23242,0.3349,-0.0065918,-0.0147705,-0.000488,-0.019775,-0.009766,0.00939938,0.010253,-0.019165,-0.0122071,263.426000,-3.683500,-36.723300,-0.048706,-0.015381,0.998535,-0.457153,0.889282,-0.008545,-0.888062,-0.456909,-0.050293,644.000000,543.617000,-19.998000,303.657000,3.116000,0.040000,3.141000,0
-0.446,2.34405,0.3349,-0.0065918,-0.0147705,-0.000488,-0.019775,-0.009766,0.00939938,0.010253,-0.019287,-0.0122071,263.426000,-3.571870,-36.723300,-0.048706,-0.015381,0.998535,-0.457153,0.889282,-0.008545,-0.888062,-0.457031,-0.050293,644.000000,543.617000,-19.998000,303.657000,3.116000,0.040000,3.141000,0
-0.446,2.34405,0.3349,-0.0064697,-0.0147705,-0.000488,-0.019775,-0.009766,0.00939938,0.010253,-0.019287,-0.0122071,263.426000,-3.571870,-36.723300,-0.048584,-0.015381,0.998535,-0.457153,0.889282,-0.008545,-0.888062,-0.457031,-0.050293,644.000000,543.617000,-19.998000,303.657000,3.116000,0.040000,3.141000,0
-0.446,2.34405,0.3349,-0.0064697,-0.0147705,-0.000488,-0.019775,-0.009766,0.00939938,0.010253,-0.019287,-0.0122071,263.426000,-3.571870,-36.723300,-0.048584,-0.015381,0.998535,-0.457153,0.889282,-0.008545,-0.888062,-0.457031,-0.050293,644.000000,543.617000,-19.998000,303.657000,3.116000,0.040000,3.141000,0
-0.446,2.34405,0.3349,-0.0064697,-0.0147705,-0.000488,-0.019775,-0.009766,0.00939938,0.010253,-0.019287,-0.0122071,263.426000,-3.571870,-36.723300,-0.048584,-0.015381,0.998535,-0.457153,0.889282,-0.008545,-0.888062,-0.457031,-0.050293,644.000000,543.617000,-19.998000,303.657000,3.116000,0.040000,3.141000,0
-0.446,2.34405,0.3349,-0.0064697,-0.0147705,-0.000488,-0.019775,-0.009766,0.00939938,0.010253,-0.019287,-0.0122071,263.426000,-3.571870,-36.723300,-0.048584,-0.015381,0.998535,-0.457153,0.889282,-0.008545,-0.888062,-0.457031,-0.050293,644.000000,543.617000,-19.998000,303.657000,3.116000,0.040000,3.141000,0
-0.446,2.34405,0.3349,-0.0064697,-0.0147705,-0.000488,-0.019775,-0.009766,0.00939938,0.010253,-0.019287,-0.0122071,263.426000,-3.571870,-36.723300,-0.048584,-0.015381,0.998535,-0.457153,0.889282,-0.008545,-0.888062,-0.457031,-0.050293,644.000000,543.617000,-19.998000,303.657000,3.116000,0.040000,3.141000,0
-0.446,2.34405,0.3349,-0.0064697,-0.0147705,-0.000488,-0.019775,-0.009766,0.00939938,0.010253,-0.019287,-0.0122071,263.426000,-3.571870,-36.723300,-0.048584,-0.015381,0.998535,-0.457153,0.889282,-0.008545,-0.888062,-0.457031,-0.050293,644.000000,543.617000,-19.998000,303.657000,3.116000,0.040000,3.141000,0
-0.446,2.34405,0.3349,-0.0064697,-0.0147705,-0.000488,-0.019775,-0.009766,0.00939938,0.010253,-0.019287,-0.0122071,263.426000,-3.571870,-36.723300,-0.048584,-0.015381,0.998535,-0.457153,0.889282,-0.008545,-0.888062,-0.457031,-0.050293,644.000000,543.617000,-19.998000,303.657000,3.116000,0.040000,3.141000,0
-0.446,2.34405,0.3349,-0.0064697,-0.0147705,-0.000488,-0.019775,-0.009766,0.00939938,0.010253,-0.019287,-0.0122071,263.426000,-3.571870,-36.723300,-0.048584,-0.015381,0.998535,-0.457153,0.889282,-0.008545,-0.888062,-0.457031,-0.050293,644.000000,543.617000,-19.998000,303.657000,3.116000,0.040000,3.141000,0
-0.446,2.23242,0.3349,-0.0064697,-0.0147705,-0.000488,-0.019775,-0.009766,0.00939938,0.010253,-0.019287,-0.0122071,263.426000,-3.683500,-36.723300,-0.048584,-0.015381,0.998535,-0.457153,0.889282,-0.008545,-0.888062,-0.457031,-0.050293,644.000000,543.617000,-19.998000,303.657000,3.116000,0.040000,3.141000,0
-0.446,2.23242,0.3349,-0.0064697,-0.0147705,-0.000488,-0.019775,-0.009766,0.00939938,0.010253,-0.019165,-0.012085,263.426000,-3.683500,-36.723300,-0.048584,-0.015381,0.998535,-0.457153,0.889282,-0.008545,-0.888062,-0.456909,-0.050171,644.000000,543.617000,-19.998000,303.657000,3.116000,0.040000,3.141000,0
-0.446,2.23242,0.3349,-0.0064697,-0.0147705,-0.000488,-0.019775,-0.009766,0.00939938,0.010253,-0.019165,-0.012085,263.426000,-3.683500,-36.723300,-0.048584,-0.015381,0.998535,-0.457153,0.889282,-0.008545,-0.888062,-0.456909,-0.050171,644.000000,543.617000,-19.998000,303.657000,3.116000,0.040000,3.141000,0
-0.446,2.23242,0.3349,-0.0063476,-0.0147705,-0.000488,-0.019775,-0.009766,0.00939938,0.010253,-0.019165,-0.012085,263.426000,-3.683500,-36.723300,-0.048462,-0.015381,0.998535,-0.457153,0.889282,-0.008545,-0.888062,-0.456909,-0.050171,644.000000,543.617000,-19.998000,303.657000,3.116000,0.040000,3.141000,0
-0.446,2.23242,0.3349,-0.0064697,-0.0147705,-0.000488,-0.019775,-0.009766,0.00939938,0.010131,-0.019165,-0.012085,263.426000,-3.683500,-36.723300,-0.048584,-0.015381,0.998535,-0.457153,0.889282,-0.008545,-0.888184,-0.456909,-0.050171,644.000000,543.617000,-19.998000,303.657000,3.116000,0.040000,3.141000,0
-0.446,2.23242,0.3349,-0.0064697,-0.0147705,-0.000488,-0.019653,-0.009766,0.00939938,0.010131,-0.019165,-0.012085,263.426000,-3.683500,-36.723300,-0.048584,-0.015381,0.998535,-0.457031,0.889282,-0.008545,-0.888184,-0.456909,-0.050171,644.000000,543.617000,-19.998000,303.657000,3.116000,0.040000,3.141000,0
-0.446,2.23242,0.3349,-0.0064697,-0.0147705,-0.000488,-0.019653,-0.009766,0.00939938,0.010131,-0.019165,-0.012085,263.426000,-3.683500,-36.723300,-0.048584,-0.015381,0.998535,-0.457031,0.889282,-0.008545,-0.888184,-0.456909,-0.050171,644.000000,543.617000,-19.998000,303.657000,3.116000,0.040000,3.141000,0
-0.446,2.23242,0.3349,-0.0064697,-0.0147705,-0.000488,-0.019653,-0.009766,0.00939938,0.010131,-0.019165,-0.012085,263.426000,-3.683500,-36.723300,-0.048584,-0.015381,0.998535,-0.457031,0.889282,-0.008545,-0.888184,-0.456909,-0.050171,644.000000,543.617000,-19.998000,303.657000,3.116000,0.040000,3.141000,0
-0.446,2.23242,0.3349,-0.0064697,-0.0147705,-0.000488,-0.019653,-0.009766,0.00939938,0.010131,-0.019165,-0.012085,263.426000,-3.683500,-36.723300,-0.048584,-0.015381,0.998535,-0.457031,0.889282,-0.008545,-0.888184,-0.456909,-0.050171,644.000000,543.617000,-19.998000,303.657000,3.116000,0.040000,3.141000,0
-0.446,2.23242,0.3349,-0.0064697,-0.0147705,-0.000488,-0.019653,-0.009644,0.00939938,0.010131,-0.019165,-0.012085,263.426000,-3.683500,-36.723300,-0.048584,-0.015381,0.998535,-0.457031,0.889404,-0.008545,-0.888184,-0.456909,-0.050171,644.000000,543.617000,-19.998000,303.657000,3.116000,0.040000,3.141000,0
-0.446,2.23242,0.3349,-0.0064697,-0.0147705,-0.000488,-0.019653,-0.009644,0.00939938,0.010131,-0.019165,-0.012085,263.426000,-3.683500,-36.723300,-0.048584,-0.015381,0.998535,-0.457031,0.889404,-0.008545,-0.888184,-0.456909,-0.050171,644.000000,543.617000,-19.998000,303.657000,3.116000,0.040000,3.141000,0
-0.446,2.23242,0.3349,-0.0064697,-0.0147705,-0.000488,-0.019653,-0.009766,0.00939938,0.010131,-0.019165,-0.012085,263.426000,-3.683500,-36.723300,-0.048584,-0.015381,0.998535,-0.457031,0.889282,-0.008545,-0.888184,-0.456909,-0.050171,644.000000,543.617000,-19.998000,303.657000,3.116000,0.040000,3.141000,0
-0.446,2.23242,0.3349,-0.0064697,-0.0147705,-0.000488,-0.019653,-0.009766,0.00939938,0.010131,-0.019165,-0.012085,263.426000,-3.683500,-36.723300,-0.048584,-0.015381,0.998535,-0.457031,0.889282,-0.008545,-0.888184,-0.456909,-0.050171,644.000000,543.617000,-19.998000,303.657000,3.116000,0.040000,3.141000,0
-0.446,2.23242,0.3349,-0.0064697,-0.0147705,-0.000488,-0.019653,-0.009766,0.00939938,0.010131,-0.019165,-0.012085,263.426000,-3.683500,-36.723300,-0.048584,-0.015381,0.998535,-0.457031,0.889282,-0.008545,-0.888184,-0.456909,-0.050171,644.000000,543.617000,-19.998000,303.657000,3.116000,0.040000,3.141000,0
-0.446,2.23242,0.3349,-0.0064697,-0.0147705,-0.000488,-0.019653,-0.009766,0.00939938,0.010131,-0.019165,-0.0122071,263.426000,-3.683500,-36.723300,-0.048584,-0.015381,0.998535,-0.457031,0.889282,-0.008545,-0.888184,-0.456909,-0.050293,644.000000,543.617000,-19.998000,303.657000,3.116000,0.040000,3.141000,0
-0.446,2.23242,0.3349,-0.0064697,-0.0147705,-0.000488,-0.019653,-0.009766,0.00939938,0.010131,-0.019165,-0.0122071,263.426000,-3.683500,-36.723300,-0.048584,-0.015381,0.998535,-0.457031,0.889282,-0.008545,-0.888184,-0.456909,-0.050293,644.000000,543.617000,-19.998000,303.657000,3.116000,0.040000,3.141000,0
-0.446,2.23242,0.3349,-0.0064697,-0.0147705,-0.000488,-0.019775,-0.009766,0.00939938,0.010253,-0.019165,-0.0122071,263.426000,-3.683500,-36.723300,-0.048584,-0.015381,0.998535,-0.457153,0.889282,-0.008545,-0.888062,-0.456909,-0.050293,644.000000,543.617000,-19.998000,303.657000,3.116000,0.040000,3.141000,0
-0.446,2.23242,0.3349,-0.0064697,-0.0147705,-0.000488,-0.019775,-0.009766,0.00939938,0.010253,-0.019165,-0.0122071,263.426000,-3.683500,-36.723300,-0.048584,-0.015381,0.998535,-0.457153,0.889282,-0.008545,-0.888062,-0.456909,-0.050293,644.000000,543.617000,-19.998000,303.657000,3.116000,0.040000,3.141000,0
-0.446,2.23242,0.3349,-0.0064697,-0.0147705,-0.000488,-0.019775,-0.009766,0.00939938,0.010253,-0.019165,-0.0122071,263.426000,-3.683500,-36.723300,-0.048584,-0.015381,0.998535,-0.457153,0.889282,-0.008545,-0.888062,-0.456909,-0.050293,644.000000,543.617000,-19.998000,303.657000,3.116000,0.040000,3.141000,0
-0.446,2.23242,0.3349,-0.0064697,-0.0147705,-0.000488,-0.019653,-0.009766,0.00939938,0.010253,-0.019165,-0.0122071,263.426000,-3.683500,-36.723300,-0.048584,-0.015381,0.998535,-0.457031,0.889282,-0.008545,-0.888062,-0.456909,-0.050293,644.000000,543.617000,-19.998000,303.657000,3.116000,0.040000,3.141000,0
-0.446,2.23242,0.3349,-0.0065918,-0.0147705,-0.000488,-0.019653,-0.009766,0.00939938,0.010253,-0.019165,-0.0122071,263.426000,-3.683500,-36.723300,-0.048706,-0.015381,0.998535,-0.457031,0.889282,-0.008545,-0.888062,-0.456909,-0.050293,644.000000,543.617000,-19.998000,303.657000,3.116000,0.040000,3.141000,0
-0.446,2.23242,0.3349,-0.0065918,-0.0147705,-0.000488,-0.019653,-0.009766,0.00939938,0.010131,-0.019165,-0.0122071,263.426000,-3.683500,-36.723300,-0.048706,-0.015381,0.998535,-0.457031,0.889282,-0.008545,-0.888184,-0.456909,-0.050293,644.000000,543.617000,-19.998000,303.657000,3.116000,0.040000,3.141000,0
-0.446,2.23242,0.3349,-0.0065918,-0.0147705,-0.000488,-0.019653,-0.009766,0.00927731,0.010131,-0.019165,-0.0122071,263.426000,-3.683500,-36.723300,-0.048706,-0.015381,0.998535,-0.457031,0.889282,-0.008667,-0.888184,-0.456909,-0.050293,644.000000,543.617000,-19.998000,303.657000,3.116000,0.040000,3.141000,0
-0.446,2.23242,0.3349,-0.0065918,-0.0147705,-0.000488,-0.019653,-0.009766,0.00927731,0.010131,-0.019165,-0.0122071,263.426000,-3.683500,-36.723300,-0.048706,-0.015381,0.998535,-0.457031,0.889282,-0.008667,-0.888184,-0.456909,-0.050293,640.000000,543.617000,-19.998000,303.657000,3.116000,0.040000,3.141000,0
-0.446,2.23242,0.3349,-0.0065918,-0.0147705,-0.000488,-0.019653,-0.009766,0.00927731,0.010131,-0.019165,-0.0122071,263.426000,-3.683500,-36.723300,-0.048706,-0.015381,0.998535,-0.457031,0.889282,-0.008667,-0.888184,-0.456909,-0.050293,640.000000,543.617000,-19.998000,303.657000,3.116000,0.040000,3.141000,0
-0.446,2.23242,0.3349,-0.0065918,-0.0147705,-0.000488,-0.019653,-0.009766,0.00927731,0.010131,-0.019165,-0.0122071,263.426000,-3.683500,-36.723300,-0.048706,-0.015381,0.998535,-0.457031,0.889282,-0.008667,-0.888184,-0.456909,-0.050293,640.000000,543.617000,-19.998000,303.657000,3.116000,0.040000,3.141000,0
-0.446,2.23242,0.3349,-0.0065918,-0.0147705,-0.000488,-0.019653,-0.009644,0.00927731,0.010131,-0.019165,-0.0122071,263.426000,-3.683500,-36.723300,-0.048706,-0.015381,0.998535,-0.457031,0.889404,-0.008667,-0.888184,-0.456909,-0.050293,640.000000,543.617000,-19.998000,303.657000,3.116000,0.040000,3.141000,0
-0.446,2.23242,0.3349,-0.0065918,-0.0147705,-0.000488,-0.019653,-0.009644,0.00927731,0.010131,-0.019165,-0.0122071,263.426000,-3.683500,-36.723300,-0.048706,-0.015381,0.998535,-0.457031,0.889404,-0.008667,-0.888184,-0.456909,-0.050293,640.000000,543.617000,-19.998000,303.657000,3.116000,0.040000,3.141000,0
-0.446,2.23242,0.3349,-0.0065918,-0.0147705,-0.000488,-0.019653,-0.009644,0.00939938,0.010131,-0.019043,-0.0122071,263.426000,-3.683500,-36.723300,-0.048706,-0.015381,0.998535,-0.457031,0.889404,-0.008545,-0.888184,-0.456787,-0.050293,640.000000,543.617000,-19.998000,303.657000,3.116000,0.040000,3.141000,0
-0.446,2.23242,0.3349,-0.0065918,-0.0147705,-0.000488,-0.019653,-0.009644,0.00939938,0.010131,-0.019043,-0.0122071,263.426000,-3.683500,-36.723300,-0.048706,-0.015381,0.998535,-0.457031,0.889404,-0.008545,-0.888184,-0.456787,-0.050293,640.000000,543.617000,-19.998000,303.657000,3.116000,0.040000,3.141000,0
-0.446,2.23242,0.3349,-0.0065918,-0.0147705,-0.000488,-0.019653,-0.009644,0.00939938,0.010131,-0.019043,-0.0122071,263.426000,-3.683500,-36.723300,-0.048706,-0.015381,0.998535,-0.457031,0.889404,-0.008545,-0.888184,-0.456787,-0.050293,640.000000,543.617000,-19.998000,303.657000,3.116000,0.040000,3.141000,0
-0.446,2.23242,0.3349,-0.0064697,-0.0147705,-0.000488,-0.019653,-0.009644,0.00939938,0.010131,-0.019043,-0.0122071,263.426000,-3.683500,-36.723300,-0.048584,-0.015381,0.998535,-0.457031,0.889404,-0.008545,-0.888184,-0.456787,-0.050293,640.000000,543.617000,-19.998000,303.657000,3.116000,0.040000,3.141000,0
-0.446,2.23242,0.3349,-0.0064697,-0.0147705,-0.000488,-0.019653,-0.009644,0.00939938,0.010131,-0.019043,-0.0122071,263.426000,-3.683500,-36.723300,-0.048584,-0.015381,0.998535,-0.457031,0.889404,-0.008545,-0.888184,-0.456787,-0.050293,644.000000,543.617000,-19.998000,303.657000,3.116000,0.040000,3.141000,10
-0.446,2.23242,0.3349,-0.0064697,-0.0147705,-0.000488,-0.019653,-0.009644,0.00939938,0.010131,-0.019043,-0.012085,263.426000,-3.683500,-36.723300,-0.048584,-0.015381,0.998535,-0.457031,0.889404,-0.008545,-0.888184,-0.456787,-0.050171,644.000000,543.617000,-19.998000,303.657000,3.116000,0.040000,3.141000,0
-0.446,2.23242,0.3349,-0.0064697,-0.0147705,-0.000488,-0.019653,-0.009644,0.00939938,0.010131,-0.019165,-0.012085,263.426000,-3.683500,-36.723300,-0.048584,-0.015381,0.998535,-0.457031,0.889404,-0.008545,-0.888184,-0.456909,-0.050171,644.000000,543.617000,-19.998000,303.657000,3.116000,0.040000,3.141000,10
-0.446,2.23242,0.3349,-0.0064697,-0.0147705,-0.000488,-0.019653,-0.009644,0.00939938,0.010131,-0.019165,-0.012085,263.426000,-3.683500,-36.723300,-0.048584,-0.015381,0.998535,-0.457031,0.889404,-0.008545,-0.888184,-0.456909,-0.050171,644.000000,543.617000,-19.998000,303.657000,3.116000,0.040000,3.141000,0
-0.446,2.23242,0.3349,-0.0064697,-0.0147705,-0.000488,-0.019653,-0.009766,0.00939938,0.010131,-0.019165,-0.012085,263.426000,-3.683500,-36.723300,-0.048584,-0.015381,0.998535,-0.457031,0.889282,-0.008545,-0.888184,-0.456909,-0.050171,644.000000,543.617000,-19.998000,303.657000,3.116000,0.040000,3.141000,10
-0.446,2.23242,0.3349,-0.0064697,-0.0148925,-0.000488,-0.019653,-0.009766,0.00952145,0.010131,-0.019165,-0.012085,263.426000,-3.683500,-36.723300,-0.048584,-0.015503,0.998535,-0.457031,0.889282,-0.008423,-0.888184,-0.456909,-0.050171,644.000000,543.617000,-19.998000,303.657000,3.116000,0.040000,3.141000,0
-0.446,2.23242,0.3349,-0.0064697,-0.0148925,-0.000488,-0.019653,-0.009766,0.00952145,0.010131,-0.019165,-0.012085,263.426000,-3.683500,-36.723300,-0.048584,-0.015503,0.998535,-0.457031,0.889282,-0.008423,-0.888184,-0.456909,-0.050171,644.000000,543.617000,-19.998000,303.657000,3.116000,0.040000,3.141000,10
-0.446,2.23242,0.3349,-0.0063476,-0.0148925,-0.000488,-0.019653,-0.009766,0.00952145,0.010131,-0.019165,-0.012085,263.426000,-3.683500,-36.723300,-0.048462,-0.015503,0.998535,-0.457031,0.889282,-0.008423,-0.888184,-0.456909,-0.050171,644.000000,543.617000,-19.998000,303.657000,3.116000,0.040000,3.141000,0
-0.446,2.23242,0.3349,-0.0063476,-0.0148925,-0.000488,-0.019653,-0.009766,0.00952145,0.010131,-0.019165,-0.012085,263.426000,-3.683500,-36.723300,-0.048462,-0.015503,0.998535,-0.457031,0.889282,-0.008423,-0.888184,-0.456909,-0.050171,644.000000,543.617000,-19.998000,303.657000,3.116000,0.040000,3.141000,0
-0.446,2.23242,0.3349,-0.0063476,-0.0148925,-0.000488,-0.019653,-0.009766,0.00952145,0.010131,-0.019165,-0.012085,263.426000,-3.683500,-36.723300,-0.048462,-0.015503,0.998535,-0.457031,0.889282,-0.008423,-0.888184,-0.456909,-0.050171,644.000000,543.617000,-19.998000,303.657000,3.116000,0.040000,3.141000,10
-0.446,2.23242,0.3349,-0.0063476,-0.0148925,-0.000488,-0.019653,-0.009766,0.00952145,0.010131,-0.019165,-0.012085,263.426000,-3.683500,-36.723300,-0.048462,-0.015503,0.998535,-0.457031,0.889282,-0.008423,-0.888184,-0.456909,-0.050171,644.000000,543.617000,-19.998000,303.657000,3.116000,0.040000,3.141000,20
-0.446,2.23242,0.3349,-0.0063476,-0.0148925,-0.000488,-0.019653,-0.009766,0.00952145,0.010131,-0.019165,-0.012085,263.426000,-3.683500,-36.723300,-0.048462,-0.015503,0.998535,-0.457031,0.889282,-0.008423,-0.888184,-0.456909,-0.050171,644.000000,543.617000,-19.998000,303.657000,3.116000,0.040000,3.141000,30
-0.446,2.23242,0.3349,-0.0063476,-0.0148925,-0.000488,-0.019653,-0.009766,0.00952145,0.010131,-0.019165,-0.012085,263.426000,-3.683500,-36.723300,-0.048462,-0.015503,0.998535,-0.457031,0.889282,-0.008423,-0.888184,-0.456909,-0.050171,644.000000,543.617000,-19.998000,303.657000,3.116000,0.040000,3.141000,40
-0.446,2.23242,0.3349,-0.0063476,-0.0148925,-0.000488,-0.019653,-0.009644,0.00952145,0.010131,-0.019165,-0.012085,263.426000,-3.683500,-36.723300,-0.048462,-0.015503,0.998535,-0.457031,0.889404,-0.008423,-0.888184,-0.456909,-0.050171,644.000000,543.617000,-19.998000,303.657000,3.116000,0.040000,3.141000,50
-0.446,2.23242,0.3349,-0.0063476,-0.0148925,-0.000488,-0.019653,-0.009644,0.00952145,0.010131,-0.019043,-0.012085,263.426000,-3.683500,-36.723300,-0.048462,-0.015503,0.998535,-0.457031,0.889404,-0.008423,-0.888184,-0.456787,-0.050171,644.000000,543.617000,-19.998000,303.657000,3.116000,0.040000,3.141000,0
-0.446,2.23242,0.3349,-0.0063476,-0.0148925,-0.000488,-0.019653,-0.009644,0.00952145,0.010131,-0.019043,-0.012085,263.426000,-3.683500,-36.723300,-0.048462,-0.015503,0.998535,-0.457031,0.889404,-0.008423,-0.888184,-0.456787,-0.050171,644.000000,543.617000,-19.998000,303.657000,3.116000,0.040000,3.141000,0
-0.446,2.23242,0.3349,-0.0063476,-0.0148925,-0.000488,-0.019653,-0.009644,0.00952145,0.010131,-0.019165,-0.012085,263.426000,-3.683500,-36.723300,-0.048462,-0.015503,0.998535,-0.457031,0.889404,-0.008423,-0.888184,-0.456909,-0.050171,644.000000,543.617000,-19.998000,303.657000,3.116000,0.040000,3.141000,0
-0.446,2.23242,0.3349,-0.0063476,-0.0148925,-0.000488,-0.019653,-0.009766,0.00952145,0.010131,-0.019165,-0.012085,263.426000,-3.683500,-36.723300,-0.048462,-0.015503,0.998535,-0.457031,0.889282,-0.008423,-0.888184,-0.456909,-0.050171,644.000000,543.617000,-19.998000,303.657000,3.116000,0.040000,3.141000,0
-0.446,2.23242,0.3349,-0.0063476,-0.0148925,-0.000488,-0.019653,-0.009766,0.00952145,0.010131,-0.019165,-0.012085,263.426000,-3.683500,-36.723300,-0.048462,-0.015503,0.998535,-0.457031,0.889282,-0.008423,-0.888184,-0.456909,-0.050171,644.000000,543.617000,-19.998000,303.657000,3.116000,0.040000,3.141000,9
-0.446,2.23242,0.3349,-0.0063476,-0.0148925,-0.000488,-0.019653,-0.009766,0.00952145,0.010131,-0.019165,-0.012085,263.426000,-3.683500,-36.723300,-0.048462,-0.015503,0.998535,-0.457031,0.889282,-0.008423,-0.888184,-0.456909,-0.050171,644.000000,543.617000,-19.998000,303.657000,3.116000,0.040000,3.141000,0
-0.446,2.23242,0.3349,-0.0063476,-0.0148925,-0.000488,-0.019775,-0.009766,0.00952145,0.010253,-0.019165,-0.012085,263.426000,-3.683500,-36.723300,-0.048462,-0.015503,0.998535,-0.457153,0.889282,-0.008423,-0.888062,-0.456909,-0.050171,644.000000,543.617000,-19.998000,303.657000,3.116000,0.040000,3.141000,0
-0.446,2.23242,0.3349,-0.0063476,-0.0148925,-0.000488,-0.019775,-0.009766,0.00952145,0.010253,-0.019165,-0.012085,263.426000,-3.683500,-36.723300,-0.048462,-0.015503,0.998535,-0.457153,0.889282,-0.008423,-0.888062,-0.456909,-0.050171,644.000000,543.617000,-19.998000,303.657000,3.116000,0.040000,3.141000,0
-0.446,2.23242,0.3349,-0.0063476,-0.0148925,-0.000488,-0.019775,-0.009766,0.00952145,0.010253,-0.019165,-0.012085,263.426000,-3.683500,-36.723300,-0.048462,-0.015503,0.998535,-0.457153,0.889282,-0.008423,-0.888062,-0.456909,-0.050171,644.000000,543.617000,-19.998000,303.657000,3.116000,0.040000,3.141000,11
-0.446,2.23242,0.3349,-0.0063476,-0.0148925,-0.000488,-0.019775,-0.009766,0.00952145,0.010253,-0.019287,-0.012085,263.426000,-3.683500,-36.723300,-0.048462,-0.015503,0.998535,-0.457153,0.889282,-0.008423,-0.888062,-0.457031,-0.050171,644.000000,543.617000,-19.998000,303.657000,3.116000,0.040000,3.141000,0
-0.446,2.34405,0.3349,-0.0063476,-0.0148925,-0.000488,-0.019775,-0.009766,0.00952145,0.010253,-0.019287,-0.012085,263.426000,-3.571870,-36.723300,-0.048462,-0.015503,0.998535,-0.457153,0.889282,-0.008423,-0.888062,-0.457031,-0.050171,644.000000,543.617000,-19.998000,303.657000,3.116000,0.040000,3.141000,0
-0.446,2.34405,0.3349,-0.0063476,-0.0148925,-0.000488,-0.019775,-0.009766,0.00952145,0.010253,-0.019287,-0.012085,263.426000,-3.571870,-36.723300,-0.048462,-0.015503,0.998535,-0.457153,0.889282,-0.008423,-0.888062,-0.457031,-0.050171,644.000000,543.617000,-19.998000,303.657000,3.116000,0.040000,3.141000,10
-0.446,2.34405,0.3349,-0.0063476,-0.0148925,-0.000488,-0.019775,-0.009766,0.00952145,0.010253,-0.019287,-0.012085,263.426000,-3.571870,-36.723300,-0.048462,-0.015503,0.998535,-0.457153,0.889282,-0.008423,-0.888062,-0.457031,-0.050171,644.000000,543.617000,-19.998000,303.657000,3.116000,0.040000,3.141000,20
-0.446,2.34405,0.3349,-0.0063476,-0.0148925,-0.000488,-0.019775,-0.009766,0.00952145,0.010253,-0.019287,-0.012085,263.426000,-3.571870,-36.723300,-0.048462,-0.015503,0.998535,-0.457153,0.889282,-0.008423,-0.888062,-0.457031,-0.050171,644.000000,543.617000,-19.998000,303.657000,3.116000,0.040000,3.141000,0
-0.446,2.34405,0.3349,-0.0063476,-0.0148925,-0.000488,-0.019775,-0.009766,0.00952145,0.010253,-0.019287,-0.012085,263.426000,-3.571870,-36.723300,-0.048462,-0.015503,0.998535,-0.457153,0.889282,-0.008423,-0.888062,-0.457031,-0.050171,644.000000,543.617000,-19.998000,303.657000,3.116000,0.040000,3.141000,0
-0.446,2.34405,0.3349,-0.0063476,-0.0148925,-0.000488,-0.019775,-0.009766,0.00952145,0.010253,-0.019287,-0.012085,263.426000,-3.571870,-36.723300,-0.048462,-0.015503,0.998535,-0.457153,0.889282,-0.008423,-0.888062,-0.457031,-0.050171,644.000000,543.617000,-19.998000,303.657000,3.116000,0.040000,3.141000,10
-0.446,2.34405,0.3349,-0.0064697,-0.0148925,-0.000488,-0.019775,-0.009766,0.00952145,0.010253,-0.019287,-0.0122071,263.426000,-3.571870,-36.723300,-0.048584,-0.015503,0.998535,-0.457153,0.889282,-0.008423,-0.888062,-0.457031,-0.050293,644.000000,543.617000,-19.998000,303.657000,3.116000,0.040000,3.141000,0
-0.446,2.34405,0.3349,-0.0064697,-0.0148925,-0.000488,-0.019775,-0.009766,0.00952145,0.010253,-0.019287,-0.0122071,263.426000,-3.571870,-36.723300,-0.048584,-0.015503,0.998535,-0.457153,0.889282,-0.008423,-0.888062,-0.457031,-0.050293,644.000000,543.617000,-19.998000,303.657000,3.116000,0.040000,3.141000,0
-0.446,2.34405,0.3349,-0.0064697,-0.0148925,-0.000488,-0.019775,-0.009766,0.00952145,0.010253,-0.019287,-0.0122071,263.426000,-3.571870,-36.723300,-0.048584,-0.015503,0.998535,-0.457153,0.889282,-0.008423,-0.888062,-0.457031,-0.050293,644.000000,543.617000,-19.998000,303.657000,3.116000,0.040000,3.141000,10
-0.446,2.34405,0.3349,-0.0064697,-0.0148925,-0.000488,-0.019775,-0.009766,0.00952145,0.010253,-0.019287,-0.0122071,263.426000,-3.571870,-36.723300,-0.048584,-0.015503,0.998535,-0.457153,0.889282,-0.008423,-0.888062,-0.457031,-0.050293,644.000000,543.617000,-19.998000,303.657000,3.116000,0.040000,3.141000,0
-0.446,2.34405,0.3349,-0.0064697,-0.0148925,-0.000488,-0.019775,-0.009766,0.00952145,0.010253,-0.019287,-0.0122071,263.426000,-3.571870,-36.723300,-0.048584,-0.015503,0.998535,-0.457153,0.889282,-0.008423,-0.888062,-0.457031,-0.050293,644.000000,543.617000,-19.998000,303.657000,3.116000,0.040000,3.141000,0
-0.446,2.34405,0.3349,-0.0065918,-0.0148925,-0.000488,-0.019775,-0.009766,0.00952145,0.010253,-0.019287,-0.0123291,263.426000,-3.571870,-36.723300,-0.048706,-0.015503,0.998535,-0.457153,0.889282,-0.008423,-0.888062,-0.457031,-0.050415,644.000000,543.617000,-19.998000,303.657000,3.116000,0.040000,3.141000,10
-0.446,2.34405,0.3349,-0.0065918,-0.0148925,-0.000488,-0.019775,-0.009766,0.00952145,0.010253,-0.019287,-0.0123291,263.426000,-3.571870,-36.723300,-0.048706,-0.015503,0.998535,-0.457153,0.889282,-0.008423,-0.888062,-0.457031,-0.050415,644.000000,543.617000,-19.998000,303.657000,3.116000,0.040000,3.141000,0
-0.446,2.34405,0.3349,-0.0065918,-0.0148925,-0.000488,-0.019775,-0.009766,0.00952145,0.010253,-0.019287,-0.0123291,263.426000,-3.571870,-36.723300,-0.048706,-0.015503,0.998535,-0.457153,0.889282,-0.008423,-0.888062,-0.457031,-0.050415,644.000000,543.617000,-19.998000,303.657000,3.116000,0.040000,3.141000,0
-0.446,2.34405,0.3349,-0.0065918,-0.0148925,-0.000488,-0.019775,-0.009766,0.00952145,0.010253,-0.019287,-0.0123291,263.426000,-3.571870,-36.723300,-0.048706,-0.015503,0.998535,-0.457153,0.889282,-0.008423,-0.888062,-0.457031,-0.050415,644.000000,543.617000,-19.998000,303.657000,3.116000,0.040000,3.141000,10
-0.446,2.34405,0.3349,-0.0065918,-0.0148925,-0.000488,-0.019775,-0.009766,0.00952145,0.010253,-0.019287,-0.0123291,263.426000,-3.571870,-36.723300,-0.048706,-0.015503,0.998535,-0.457153,0.889282,-0.008423,-0.888062,-0.457031,-0.050415,644.000000,543.617000,-19.998000,303.657000,3.116000,0.040000,3.141000,0
-0.446,2.34405,0.3349,-0.0065918,-0.0148925,-0.000488,-0.019775,-0.009766,0.00939938,0.010253,-0.019287,-0.0123291,263.426000,-3.571870,-36.723300,-0.048706,-0.015503,0.998535,-0.457153,0.889282,-0.008545,-0.888062,-0.457031,-0.050415,644.000000,543.617000,-19.998000,303.657000,3.116000,0.040000,3.141000,10
-0.446,2.34405,0.3349,-0.0065918,-0.0148925,-0.000488,-0.019775,-0.009766,0.00939938,0.010253,-0.019287,-0.0123291,263.426000,-3.571870,-36.723300,-0.048706,-0.015503,0.998535,-0.457153,0.889282,-0.008545,-0.888062,-0.457031,-0.050415,644.000000,543.617000,-19.998000,303.657000,3.116000,0.040000,3.141000,0
-0.446,2.34405,0.3349,-0.0065918,-0.0148925,-0.000488,-0.019897,-0.009766,0.00939938,0.010253,-0.019287,-0.0123291,263.426000,-3.571870,-36.723300,-0.048706,-0.015503,0.998535,-0.457275,0.889282,-0.008545,-0.888062,-0.457031,-0.050415,644.000000,543.617000,-19.998000,303.657000,3.116000,0.040000,3.141000,10
-0.446,2.34405,0.3349,-0.0067138,-0.0148925,-0.000488,-0.019897,-0.009766,0.00939938,0.010253,-0.019287,-0.0123291,263.426000,-3.571870,-36.723300,-0.048828,-0.015503,0.998535,-0.457275,0.889282,-0.008545,-0.888062,-0.457031,-0.050415,644.000000,543.617000,-19.998000,303.657000,3.116000,0.040000,3.141000,20
-0.446,2.34405,0.3349,-0.0067138,-0.0148925,-0.000488,-0.019897,-0.009766,0.00939938,0.010253,-0.019287,-0.0123291,263.426000,-3.571870,-36.723300,-0.048828,-0.015503,0.998535,-0.457275,0.889282,-0.008545,-0.888062,-0.457031,-0.050415,644.000000,543.617000,-19.998000,303.657000,3.116000,0.040000,3.141000,0
-0.446,2.34405,0.3349,-0.0067138,-0.0148925,-0.000488,-0.019897,-0.009766,0.00939938,0.010253,-0.019287,-0.0124512,263.426000,-3.571870,-36.723300,-0.048828,-0.015503,0.998535,-0.457275,0.889282,-0.008545,-0.888062,-0.457031,-0.050537,644.000000,543.617000,-19.998000,303.657000,3.116000,0.040000,3.141000,10
-0.446,2.34405,0.3349,-0.0067138,-0.0148925,-0.000488,-0.019897,-0.009766,0.00939938,0.010253,-0.019287,-0.0124512,263.426000,-3.571870,-36.723300,-0.048828,-0.015503,0.998535,-0.457275,0.889282,-0.008545,-0.888062,-0.457031,-0.050537,644.000000,543.617000,-19.998000,303.657000,3.116000,0.040000,3.141000,20
-0.446,2.34405,0.3349,-0.0067138,-0.0148925,-0.000488,-0.019897,-0.009766,0.00939938,0.010253,-0.019287,-0.0124512,263.426000,-3.571870,-36.723300,-0.048828,-0.015503,0.998535,-0.457275,0.889282,-0.008545,-0.888062,-0.457031,-0.050537,644.000000,543.617000,-19.998000,303.657000,3.116000,0.040000,3.141000,0
-0.446,2.34405,0.3349,-0.0067138,-0.0148925,-0.000488,-0.019897,-0.009766,0.00939938,0.010253,-0.019287,-0.0124512,263.426000,-3.571870,-36.723300,-0.048828,-0.015503,0.998535,-0.457275,0.889282,-0.008545,-0.888062,-0.457031,-0.050537,644.000000,543.617000,-19.998000,303.657000,3.116000,0.040000,3.141000,10
-0.446,2.34405,0.3349,-0.0067138,-0.0148925,-0.000488,-0.019897,-0.009766,0.00939938,0.010253,-0.019287,-0.0124512,263.426000,-3.571870,-36.723300,-0.048828,-0.015503,0.998535,-0.457275,0.889282,-0.008545,-0.888062,-0.457031,-0.050537,644.000000,543.617000,-19.998000,303.657000,3.116000,0.040000,3.141000,20
-0.446,2.34405,0.3349,-0.0067138,-0.0148925,-0.000488,-0.019775,-0.009766,0.00939938,0.010253,-0.019287,-0.0124512,263.426000,-3.571870,-36.723300,-0.048828,-0.015503,0.998535,-0.457153,0.889282,-0.008545,-0.888062,-0.457031,-0.050537,644.000000,543.617000,-19.998000,303.657000,3.116000,0.040000,3.141000,30
-0.446,2.34405,0.3349,-0.0067138,-0.0148925,-0.000488,-0.019775,-0.009766,0.00939938,0.010253,-0.019287,-0.0124512,263.426000,-3.571870,-36.723300,-0.048828,-0.015503,0.998535,-0.457153,0.889282,-0.008545,-0.888062,-0.457031,-0.050537,644.000000,543.617000,-19.998000,303.657000,3.116000,0.040000,3.141000,0
-0.446,2.34405,0.3349,-0.0067138,-0.0148925,-0.000488,-0.019775,-0.009766,0.00939938,0.010253,-0.019287,-0.0124512,263.426000,-3.571870,-36.723300,-0.048828,-0.015503,0.998535,-0.457153,0.889282,-0.008545,-0.888062,-0.457031,-0.050537,644.000000,543.617000,-19.998000,303.657000,3.116000,0.040000,3.141000,0
-0.446,2.34405,0.3349,-0.0067138,-0.0148925,-0.000488,-0.019775,-0.009766,0.00939938,0.010253,-0.019287,-0.0123291,263.426000,-3.571870,-36.723300,-0.048828,-0.015503,0.998535,-0.457153,0.889282,-0.008545,-0.888062,-0.457031,-0.050415,644.000000,543.617000,-19.998000,303.657000,3.116000,0.040000,3.141000,0
-0.446,2.34405,0.3349,-0.0067138,-0.0148925,-0.000488,-0.019775,-0.009766,0.00939938,0.010253,-0.019287,-0.0123291,263.426000,-3.571870,-36.723300,-0.048828,-0.015503,0.998535,-0.457153,0.889282,-0.008545,-0.888062,-0.457031,-0.050415,644.000000,543.617000,-19.998000,303.657000,3.116000,0.040000,3.141000,10
-0.446,2.34405,0.3349,-0.0067138,-0.0148925,-0.000488,-0.019775,-0.009766,0.00939938,0.010253,-0.019287,-0.0123291,263.426000,-3.571870,-36.723300,-0.048828,-0.015503,0.998535,-0.457153,0.889282,-0.008545,-0.888062,-0.457031,-0.050415,644.000000,543.617000,-19.998000,303.657000,3.116000,0.040000,3.141000,19
-0.446,2.34405,0.3349,-0.0067138,-0.0148925,-0.000488,-0.019775,-0.009766,0.00939938,0.010253,-0.019287,-0.0123291,263.426000,-3.571870,-36.723300,-0.048828,-0.015503,0.998535,-0.457153,0.889282,-0.008545,-0.888062,-0.457031,-0.050415,644.000000,543.617000,-19.998000,303.657000,3.116000,0.040000,3.141000,0
-0.446,2.34405,0.3349,-0.0067138,-0.0148925,-0.000488,-0.019775,-0.009766,0.00939938,0.010253,-0.019287,-0.0123291,263.426000,-3.571870,-36.723300,-0.048828,-0.015503,0.998535,-0.457153,0.889282,-0.008545,-0.888062,-0.457031,-0.050415,644.000000,543.617000,-19.998000,303.657000,3.116000,0.040000,3.141000,10
-0.446,2.34405,0.3349,-0.0067138,-0.0148925,-0.000488,-0.019775,-0.009766,0.00939938,0.010253,-0.019287,-0.0123291,263.426000,-3.571870,-36.723300,-0.048828,-0.015503,0.998535,-0.457153,0.889282,-0.008545,-0.888062,-0.457031,-0.050415,644.000000,543.617000,-19.998000,303.657000,3.116000,0.040000,3.141000,20
-0.446,2.34405,0.3349,-0.0067138,-0.0148925,-0.000488,-0.019775,-0.009766,0.00939938,0.010253,-0.019287,-0.0123291,263.426000,-3.571870,-36.723300,-0.048828,-0.015503,0.998535,-0.457153,0.889282,-0.008545,-0.888062,-0.457031,-0.050415,644.000000,543.617000,-19.998000,303.657000,3.116000,0.040000,3.141000,0
-0.446,2.34405,0.3349,-0.0067138,-0.0148925,-0.000488,-0.019775,-0.009766,0.00939938,0.010253,-0.019287,-0.0123291,263.426000,-3.571870,-36.723300,-0.048828,-0.015503,0.998535,-0.457153,0.889282,-0.008545,-0.888062,-0.457031,-0.050415,644.000000,543.617000,-19.998000,303.657000,3.116000,0.040000,3.141000,9
-0.446,2.34405,0.3349,-0.0067138,-0.0148925,-0.000488,-0.019775,-0.009766,0.00939938,0.010253,-0.019287,-0.0123291,263.426000,-3.571870,-36.723300,-0.048828,-0.015503,0.998535,-0.457153,0.889282,-0.008545,-0.888062,-0.457031,-0.050415,640.000000,543.617000,-19.998000,303.657000,3.116000,0.040000,3.141000,19
-0.446,2.34405,0.3349,-0.0067138,-0.0148925,-0.000488,-0.019775,-0.009766,0.00939938,0.010253,-0.019287,-0.0123291,263.426000,-3.571870,-36.723300,-0.048828,-0.015503,0.998535,-0.457153,0.889282,-0.008545,-0.888062,-0.457031,-0.050415,640.000000,543.617000,-19.998000,303.657000,3.116000,0.040000,3.141000,0
-0.446,2.34405,0.3349,-0.0067138,-0.0148925,-0.000488,-0.019775,-0.009766,0.00939938,0.010253,-0.019287,-0.0123291,263.426000,-3.571870,-36.723300,-0.048828,-0.015503,0.998535,-0.457153,0.889282,-0.008545,-0.888062,-0.457031,-0.050415,640.000000,543.617000,-19.998000,303.657000,3.116000,0.040000,3.141000,12
-0.446,2.34405,0.3349,-0.0067138,-0.0148925,-0.000488,-0.019775,-0.009766,0.00939938,0.010253,-0.019287,-0.0123291,263.426000,-3.571870,-36.723300,-0.048828,-0.015503,0.998535,-0.457153,0.889282,-0.008545,-0.888062,-0.457031,-0.050415,640.000000,543.617000,-19.998000,303.657000,3.116000,0.040000,3.141000,0
-0.446,2.34405,0.3349,-0.0067138,-0.0148925,-0.000488,-0.019775,-0.009766,0.00939938,0.010253,-0.019287,-0.0123291,263.426000,-3.571870,-36.723300,-0.048828,-0.015503,0.998535,-0.457153,0.889282,-0.008545,-0.888062,-0.457031,-0.050415,640.000000,543.617000,-19.998000,303.657000,3.116000,0.040000,3.141000,0
-0.446,2.34405,0.3349,-0.0065918,-0.0148925,-0.000488,-0.019775,-0.009766,0.00939938,0.010253,-0.019287,-0.0123291,263.426000,-3.571870,-36.723300,-0.048706,-0.015503,0.998535,-0.457153,0.889282,-0.008545,-0.888062,-0.457031,-0.050415,640.000000,543.617000,-19.998000,303.657000,3.116000,0.040000,3.141000,10
-0.446,2.34405,0.3349,-0.0065918,-0.0147705,-0.000488,-0.019775,-0.009766,0.00939938,0.010253,-0.019287,-0.0123291,263.426000,-3.571870,-36.723300,-0.048706,-0.015381,0.998535,-0.457153,0.889282,-0.008545,-0.888062,-0.457031,-0.050415,640.000000,543.617000,-19.998000,303.657000,3.116000,0.040000,3.141000,0
-0.446,2.34405,0.3349,-0.0065918,-0.0147705,-0.000488,-0.019775,-0.009766,0.00939938,0.010253,-0.019287,-0.0122071,263.426000,-3.571870,-36.723300,-0.048706,-0.015381,0.998535,-0.457153,0.889282,-0.008545,-0.888062,-0.457031,-0.050293,640.000000,543.617000,-19.998000,303.657000,3.116000,0.040000,3.141000,0
