Dif_X,Dif_Y,Dif_Z,Dif_X1,Dif_X2,Dif_X3,Dif_Y1,Dif_Y2,Dif_Y3,Dif_Z1,Dif_Z2,Dif_Z3,NDI_X,NDI_Y,NDI_Z,NDI_Rot_X1,NDI_Rot_X2,NDI_Rot_X3,NDI_Rot_Y1,NDI_Rot_Y2,NDI_Rot_Y3,NDI_Rot_Z1,NDI_Rot_Z2,NDI_Rot_Z3,NDI_Quality,Kuka_X,Kuka_Y,Kuka_Z,Kuka_A,Kuka_B,Kuka_C,Kuka_TSL
-0.447,2.1208,0.2233,-0.0045166,-0.0131836,-0.000366,-0.018433,-0.008911,0.008789,0.009399,-0.017944,-0.0093995,265.100000,-3.795120,-36.723300,-0.058350,-0.010010,0.998047,-0.450928,0.892334,-0.017456,-0.890625,-0.451172,-0.056519,540.000000,543.605000,-19.993000,303.639000,3.116000,0.040000,3.141000,0
-0.447,2.1208,0.2233,-0.0045166,-0.0131836,-0.000366,-0.018433,-0.008911,0.008789,0.009277,-0.017944,-0.0093995,265.100000,-3.795120,-36.723300,-0.058350,-0.010010,0.998047,-0.450928,0.892334,-0.017456,-0.890747,-0.451172,-0.056519,540.000000,543.605000,-19.993000,303.639000,3.116000,0.040000,3.141000,0
-0.447,2.1208,0.2233,-0.0045166,-0.0130615,-0.000366,-0.018433,-0.008911,0.008789,0.009277,-0.017944,-0.0093995,265.100000,-3.795120,-36.723300,-0.058350,-0.009888,0.998047,-0.450928,0.892334,-0.017456,-0.890747,-0.451172,-0.056519,540.000000,543.605000,-19.993000,303.639000,3.116000,0.040000,3.141000,0
-0.447,2.1208,0.2233,-0.0045166,-0.0130615,-0.000366,-0.018433,-0.008911,0.008789,0.009277,-0.017944,-0.0093995,265.100000,-3.795120,-36.723300,-0.058350,-0.009888,0.998047,-0.450928,0.892334,-0.017456,-0.890747,-0.451172,-0.056519,540.000000,543.605000,-19.993000,303.639000,3.116000,0.040000,3.141000,0
-0.447,2.1208,0.2233,-0.0045166,-0.0130615,-0.000366,-0.018433,-0.008911,0.008789,0.009277,-0.017944,-0.0093995,265.100000,-3.795120,-36.723300,-0.058350,-0.009888,0.998047,-0.450928,0.892334,-0.017456,-0.890747,-0.451172,-0.056519,540.000000,543.605000,-19.993000,303.639000,3.116000,0.040000,3.141000,0
-0.447,2.1208,0.2233,-0.0045166,-0.0130615,-0.000366,-0.018433,-0.008911,0.008789,0.009277,-0.017944,-0.0093995,265.100000,-3.795120,-36.723300,-0.058350,-0.009888,0.998047,-0.450928,0.892334,-0.017456,-0.890747,-0.451172,-0.056519,540.000000,543.605000,-19.993000,303.639000,3.116000,0.040000,3.141000,0
-0.447,2.1208,0.2233,-0.0045166,-0.0130615,-0.000366,-0.018433,-0.008911,0.008789,0.009277,-0.017944,-0.0093995,265.100000,-3.795120,-36.723300,-0.058350,-0.009888,0.998047,-0.450928,0.892334,-0.017456,-0.890747,-0.451172,-0.056519,540.000000,543.605000,-19.993000,303.639000,3.116000,0.040000,3.141000,0
-0.447,2.1208,0.2233,-0.0045166,-0.0130615,-0.000366,-0.018433,-0.008911,0.008789,0.009399,-0.017944,-0.0093995,265.100000,-3.795120,-36.723300,-0.058350,-0.009888,0.998047,-0.450928,0.892334,-0.017456,-0.890625,-0.451172,-0.056519,540.000000,543.605000,-19.993000,303.639000,3.116000,0.040000,3.141000,0
-0.447,2.1208,0.2233,-0.0045166,-0.0130615,-0.000366,-0.018433,-0.008911,0.008789,0.009399,-0.017944,-0.0093995,265.100000,-3.795120,-36.723300,-0.058350,-0.009888,0.998047,-0.450928,0.892334,-0.017456,-0.890625,-0.451172,-0.056519,540.000000,543.605000,-19.993000,303.639000,3.116000,0.040000,3.141000,0
-0.447,2.23242,0.2233,-0.0045166,-0.0131836,-0.000366,-0.018433,-0.008911,0.008789,0.009399,-0.017944,-0.0093995,265.100000,-3.683500,-36.723300,-0.058350,-0.010010,0.998047,-0.450928,0.892334,-0.017456,-0.890625,-0.451172,-0.056519,544.000000,543.605000,-19.993000,303.639000,3.116000,0.040000,3.141000,0
-0.447,2.23242,0.2233,-0.0045166,-0.0131836,-0.000366,-0.018433,-0.008911,0.008789,0.009399,-0.017944,-0.0093995,265.100000,-3.683500,-36.723300,-0.058350,-0.010010,0.998047,-0.450928,0.892334,-0.017456,-0.890625,-0.451172,-0.056519,544.000000,543.605000,-19.993000,303.639000,3.116000,0.040000,3.141000,0
-0.447,2.23242,0.2233,-0.0045166,-0.0131836,-0.000366,-0.018433,-0.008911,0.008789,0.009399,-0.017944,-0.0093995,265.100000,-3.683500,-36.723300,-0.058350,-0.010010,0.998047,-0.450928,0.892334,-0.017456,-0.890625,-0.451172,-0.056519,544.000000,543.605000,-19.993000,303.639000,3.116000,0.040000,3.141000,0
-0.447,2.23242,0.2233,-0.0045166,-0.0131836,-0.000366,-0.018433,-0.008911,0.008789,0.009399,-0.017944,-0.0093995,265.100000,-3.683500,-36.723300,-0.058350,-0.010010,0.998047,-0.450928,0.892334,-0.017456,-0.890625,-0.451172,-0.056519,544.000000,543.605000,-19.993000,303.639000,3.116000,0.040000,3.141000,0
-0.447,2.23242,0.2233,-0.0045166,-0.0131836,-0.000366,-0.018433,-0.008911,0.008789,0.009399,-0.017944,-0.0093995,265.100000,-3.683500,-36.723300,-0.058350,-0.010010,0.998047,-0.450928,0.892334,-0.017456,-0.890625,-0.451172,-0.056519,544.000000,543.605000,-19.993000,303.639000,3.116000,0.040000,3.141000,0
-0.447,2.23242,0.2233,-0.0045166,-0.0130615,-0.000366,-0.018433,-0.008911,0.008789,0.009399,-0.017944,-0.0093995,265.100000,-3.683500,-36.723300,-0.058350,-0.009888,0.998047,-0.450928,0.892334,-0.017456,-0.890625,-0.451172,-0.056519,544.000000,543.605000,-19.993000,303.639000,3.116000,0.040000,3.141000,0
-0.447,2.23242,0.2233,-0.0045166,-0.0130615,-0.000366,-0.018433,-0.008911,0.008789,0.009399,-0.017944,-0.0093995,265.100000,-3.683500,-36.723300,-0.058350,-0.009888,0.998047,-0.450928,0.892334,-0.017456,-0.890625,-0.451172,-0.056519,544.000000,543.605000,-19.993000,303.639000,3.116000,0.040000,3.141000,0
-0.447,2.1208,0.2233,-0.0045166,-0.0130615,-0.000366,-0.018433,-0.008911,0.008789,0.009399,-0.017944,-0.0095215,265.100000,-3.795120,-36.723300,-0.058350,-0.009888,0.998047,-0.450928,0.892334,-0.017456,-0.890625,-0.451172,-0.056641,544.000000,543.605000,-19.993000,303.639000,3.116000,0.040000,3.141000,0
-0.447,2.1208,0.2233,-0.0045166,-0.0130615,-0.000366,-0.018433,-0.008911,0.008667,0.009399,-0.017944,-0.0095215,265.100000,-3.795120,-36.723300,-0.058350,-0.009888,0.998047,-0.450928,0.892334,-0.017578,-0.890625,-0.451172,-0.056641,544.000000,543.605000,-19.993000,303.639000,3.116000,0.040000,3.141000,0
-0.447,2.1208,0.2233,-0.0045166,-0.0130615,-0.000366,-0.018433,-0.008911,0.008667,0.009277,-0.017944,-0.0095215,265.100000,-3.795120,-36.723300,-0.058350,-0.009888,0.998047,-0.450928,0.892334,-0.017578,-0.890747,-0.451172,-0.056641,544.000000,543.605000,-19.993000,303.639000,3.116000,0.040000,3.141000,0
-0.447,2.1208,0.2233,-0.0045166,-0.0130615,-0.000366,-0.018433,-0.008911,0.008789,0.009399,-0.017944,-0.0093995,265.100000,-3.795120,-36.723300,-0.058350,-0.009888,0.998047,-0.450928,0.892334,-0.017456,-0.890625,-0.451172,-0.056519,544.000000,543.605000,-19.993000,303.639000,3.116000,0.040000,3.141000,0
-0.447,2.1208,0.2233,-0.0045166,-0.0130615,-0.000366,-0.018433,-0.008911,0.008789,0.009399,-0.017944,-0.0093995,265.100000,-3.795120,-36.723300,-0.058350,-0.009888,0.998047,-0.450928,0.892334,-0.017456,-0.890625,-0.451172,-0.056519,544.000000,543.605000,-19.993000,303.639000,3.116000,0.040000,3.141000,0
-0.447,2.23242,0.2233,-0.0045166,-0.0130615,-0.000366,-0.018433,-0.008911,0.008789,0.009399,-0.017944,-0.0093995,265.100000,-3.683500,-36.723300,-0.058350,-0.009888,0.998047,-0.450928,0.892334,-0.017456,-0.890625,-0.451172,-0.056519,544.000000,543.605000,-19.993000,303.639000,3.116000,0.040000,3.141000,0
-0.447,2.23242,0.2233,-0.0045166,-0.0131836,-0.000366,-0.018433,-0.008911,0.008789,0.009399,-0.017944,-0.0093995,265.100000,-3.683500,-36.723300,-0.058350,-0.010010,0.998047,-0.450928,0.892334,-0.017456,-0.890625,-0.451172,-0.056519,544.000000,543.605000,-19.993000,303.639000,3.116000,0.040000,3.141000,0
-0.447,2.23242,0.2233,-0.0045166,-0.0131836,-0.000366,-0.018555,-0.008911,0.008789,0.009399,-0.018066,-0.0093995,265.100000,-3.683500,-36.723300,-0.058350,-0.010010,0.998047,-0.451050,0.892334,-0.017456,-0.890625,-0.451294,-0.056519,544.000000,543.605000,-19.993000,303.639000,3.116000,0.040000,3.141000,0
-0.447,2.23242,0.2233,-0.0045166,-0.0131836,-0.000366,-0.018555,-0.008911,0.008789,0.009399,-0.018066,-0.0093995,265.100000,-3.683500,-36.723300,-0.058350,-0.010010,0.998047,-0.451050,0.892334,-0.017456,-0.890625,-0.451294,-0.056519,544.000000,543.605000,-19.993000,303.639000,3.116000,0.040000,3.141000,0
-0.447,2.23242,0.2233,-0.0045166,-0.0131836,-0.000366,-0.018555,-0.009033,0.008789,0.009399,-0.018066,-0.0093995,265.100000,-3.683500,-36.723300,-0.058350,-0.010010,0.998047,-0.451050,0.892212,-0.017456,-0.890625,-0.451294,-0.056519,544.000000,543.605000,-19.993000,303.639000,3.116000,0.040000,3.141000,0
-0.447,2.23242,0.2233,-0.0045166,-0.0131836,-0.000366,-0.018555,-0.009033,0.008789,0.009399,-0.018066,-0.0093995,265.100000,-3.683500,-36.723300,-0.058350,-0.010010,0.998047,-0.451050,0.892212,-0.017456,-0.890625,-0.451294,-0.056519,544.000000,543.605000,-19.993000,303.639000,3.116000,0.040000,3.141000,0
-0.447,2.23242,0.2233,-0.0045166,-0.0131836,-0.000366,-0.018555,-0.009033,0.008789,0.009399,-0.018066,-0.0093995,265.100000,-3.683500,-36.723300,-0.058350,-0.010010,0.998047,-0.451050,0.892212,-0.017456,-0.890625,-0.451294,-0.056519,544.000000,543.605000,-19.993000,303.639000,3.116000,0.040000,3.141000,0
-0.447,2.23242,0.2233,-0.0045166,-0.0131836,-0.000366,-0.018555,-0.009033,0.008789,0.009399,-0.018066,-0.0093995,265.100000,-3.683500,-36.723300,-0.058350,-0.010010,0.998047,-0.451050,0.892212,-0.017456,-0.890625,-0.451294,-0.056519,544.000000,543.605000,-19.993000,303.639000,3.116000,0.040000,3.141000,0
-0.447,2.23242,0.2233,-0.0045166,-0.0131836,-0.000366,-0.018555,-0.009033,0.008789,0.009399,-0.018066,-0.0093995,265.100000,-3.683500,-36.723300,-0.058350,-0.010010,0.998047,-0.451050,0.892212,-0.017456,-0.890625,-0.451294,-0.056519,544.000000,543.605000,-19.993000,303.639000,3.116000,0.040000,3.141000,0
-0.447,2.23242,0.2233,-0.0045166,-0.0131836,-0.000366,-0.018555,-0.009033,0.008789,0.009399,-0.018066,-0.0093995,265.100000,-3.683500,-36.723300,-0.058350,-0.010010,0.998047,-0.451050,0.892212,-0.017456,-0.890625,-0.451294,-0.056519,544.000000,543.605000,-19.993000,303.639000,3.116000,0.040000,3.141000,0
-0.447,2.23242,0.2233,-0.0045166,-0.0131836,-0.000366,-0.018555,-0.008911,0.008789,0.009399,-0.018066,-0.0093995,265.100000,-3.683500,-36.723300,-0.058350,-0.010010,0.998047,-0.451050,0.892334,-0.017456,-0.890625,-0.451294,-0.056519,544.000000,543.605000,-19.993000,303.639000,3.116000,0.040000,3.141000,0
-0.447,2.23242,0.2233,-0.0045166,-0.0131836,-0.000366,-0.018555,-0.008911,0.008789,0.009399,-0.018066,-0.0093995,265.100000,-3.683500,-36.723300,-0.058350,-0.010010,0.998047,-0.451050,0.892334,-0.017456,-0.890625,-0.451294,-0.056519,544.000000,543.605000,-19.993000,303.639000,3.116000,0.040000,3.141000,0
-0.447,2.23242,0.2233,-0.0045166,-0.0131836,-0.000366,-0.018555,-0.008911,0.008789,0.009399,-0.017944,-0.0093995,265.100000,-3.683500,-36.723300,-0.058350,-0.010010,0.998047,-0.451050,0.892334,-0.017456,-0.890625,-0.451172,-0.056519,544.000000,543.605000,-19.993000,303.639000,3.116000,0.040000,3.141000,0
-0.447,2.23242,0.2233,-0.0045166,-0.0131836,-0.000366,-0.018555,-0.008911,0.008789,0.009399,-0.017944,-0.0093995,265.100000,-3.683500,-36.723300,-0.058350,-0.010010,0.998047,-0.451050,0.892334,-0.017456,-0.890625,-0.451172,-0.056519,544.000000,543.605000,-19.993000,303.639000,3.116000,0.040000,3.141000,0
-0.447,2.23242,0.2233,-0.0045166,-0.0131836,-0.000366,-0.018555,-0.008911,0.008789,0.009399,-0.017944,-0.0093995,265.100000,-3.683500,-36.723300,-0.058350,-0.010010,0.998047,-0.451050,0.892334,-0.017456,-0.890625,-0.451172,-0.056519,544.000000,543.605000,-19.993000,303.639000,3.116000,0.040000,3.141000,0
-0.447,2.23242,0.2233,-0.0045166,-0.0131836,-0.000366,-0.018555,-0.008911,0.008789,0.009399,-0.017944,-0.0093995,265.100000,-3.683500,-36.723300,-0.058350,-0.010010,0.998047,-0.451050,0.892334,-0.017456,-0.890625,-0.451172,-0.056519,544.000000,543.605000,-19.993000,303.639000,3.116000,0.040000,3.141000,0
-0.447,2.23242,0.2233,-0.0043945,-0.0131836,-0.000244,-0.018555,-0.008911,0.008789,0.009399,-0.018066,-0.0093995,265.100000,-3.683500,-36.723300,-0.058228,-0.010010,0.998169,-0.451050,0.892334,-0.017456,-0.890625,-0.451294,-0.056519,544.000000,543.605000,-19.993000,303.639000,3.116000,0.040000,3.141000,0
-0.447,2.23242,0.2233,-0.0043945,-0.0130615,-0.000244,-0.018555,-0.008911,0.008789,0.009399,-0.018066,-0.0092774,265.100000,-3.683500,-36.723300,-0.058228,-0.009888,0.998169,-0.451050,0.892334,-0.017456,-0.890625,-0.451294,-0.056397,544.000000,543.605000,-19.993000,303.639000,3.116000,0.040000,3.141000,0
-0.447,2.23242,0.1116,-0.0043945,-0.0130615,-0.000244,-0.018555,-0.008911,0.008789,0.009399,-0.018066,-0.0092774,265.100000,-3.683500,-36.835000,-0.058228,-0.009888,0.998169,-0.451050,0.892334,-0.017456,-0.890625,-0.451294,-0.056397,544.000000,543.605000,-19.993000,303.639000,3.116000,0.040000,3.141000,0
-0.447,2.23242,0.1116,-0.0043945,-0.0130615,-0.000244,-0.018555,-0.008911,0.008789,0.009399,-0.017944,-0.0092774,265.100000,-3.683500,-36.835000,-0.058228,-0.009888,0.998169,-0.451050,0.892334,-0.017456,-0.890625,-0.451172,-0.056397,544.000000,543.602000,-19.981000,303.678000,3.116000,0.040000,3.141000,0
-0.447,2.23242,0.1116,-0.0043945,-0.0130615,-0.000244,-0.018555,-0.008911,0.008789,0.009399,-0.018066,-0.0092774,265.100000,-3.683500,-36.835000,-0.058228,-0.009888,0.998169,-0.451050,0.892334,-0.017456,-0.890625,-0.451294,-0.056397,540.000000,543.602000,-19.982000,303.678000,3.116000,0.040000,3.141000,0
-0.447,2.23242,0.1116,-0.0043945,-0.0130615,-0.000244,-0.018555,-0.009033,0.008789,0.009399,-0.018066,-0.0092774,265.100000,-3.683500,-36.835000,-0.058228,-0.009888,0.998169,-0.451050,0.892212,-0.017456,-0.890625,-0.451294,-0.056397,540.000000,543.602000,-19.982000,303.679000,3.116000,0.040000,3.141000,0
-0.447,2.23242,0.1116,-0.0043945,-0.0130615,-0.000244,-0.018555,-0.009033,0.008789,0.009399,-0.018066,-0.0092774,265.100000,-3.683500,-36.835000,-0.058228,-0.009888,0.998169,-0.451050,0.892212,-0.017456,-0.890625,-0.451294,-0.056397,540.000000,543.602000,-19.983000,303.679000,3.116000,0.040000,3.141000,0
-0.447,2.23242,0.1116,-0.0043945,-0.0130615,-0.000244,-0.018555,-0.009033,0.008789,0.009399,-0.018066,-0.0092774,265.100000,-3.683500,-36.835000,-0.058228,-0.009888,0.998169,-0.451050,0.892212,-0.017456,-0.890625,-0.451294,-0.056397,540.000000,543.602000,-19.985000,303.680000,3.116000,0.040000,3.141000,0
-0.447,2.23242,0.1116,-0.0043945,-0.0130615,-0.000244,-0.018677,-0.009033,0.008789,0.009399,-0.018188,-0.0092774,265.100000,-3.683500,-36.835000,-0.058228,-0.009888,0.998169,-0.451172,0.892212,-0.017456,-0.890625,-0.451416,-0.056397,540.000000,543.602000,-19.996000,303.681000,3.116000,0.040000,3.141000,0
-0.447,2.23242,0.1116,-0.0045166,-0.0130615,-0.000366,-0.018677,-0.009033,0.008789,0.009399,-0.018188,-0.0093995,265.100000,-3.683500,-36.835000,-0.058350,-0.009888,0.998047,-0.451172,0.892212,-0.017456,-0.890625,-0.451416,-0.056519,540.000000,543.601000,-20.000000,303.681000,3.116000,0.040000,3.141000,0
-0.447,2.23242,0.1116,-0.0045166,-0.0130615,-0.000366,-0.018677,-0.009033,0.008789,0.009399,-0.018188,-0.0093995,265.100000,-3.683500,-36.835000,-0.058350,-0.009888,0.998047,-0.451172,0.892212,-0.017456,-0.890625,-0.451416,-0.056519,540.000000,543.601000,-20.001000,303.681000,3.116000,0.040000,3.141000,0
-0.447,2.23242,0.2233,-0.0045166,-0.0131836,-0.000366,-0.018555,-0.009033,0.008789,0.009399,-0.018066,-0.0093995,265.100000,-3.683500,-36.723300,-0.058350,-0.010010,0.998047,-0.451050,0.892212,-0.017456,-0.890625,-0.451294,-0.056519,540.000000,543.602000,-20.002000,303.682000,3.116000,0.040000,3.141000,0
-0.447,2.23242,0.2233,-0.0045166,-0.0131836,-0.000366,-0.018555,-0.009033,0.008789,0.009399,-0.018066,-0.0093995,265.100000,-3.683500,-36.723300,-0.058350,-0.010010,0.998047,-0.451050,0.892212,-0.017456,-0.890625,-0.451294,-0.056519,540.000000,543.602000,-20.003000,303.683000,3.116000,0.040000,3.141000,0
-0.447,2.23242,0.2233,-0.0045166,-0.0131836,-0.000366,-0.018555,-0.009033,0.008789,0.009399,-0.018066,-0.0093995,265.100000,-3.683500,-36.723300,-0.058350,-0.010010,0.998047,-0.451050,0.892212,-0.017456,-0.890625,-0.451294,-0.056519,540.000000,543.601000,-20.004000,303.682000,3.116000,0.040000,3.141000,0
-0.447,2.23242,0.2233,-0.0045166,-0.0131836,-0.000366,-0.018555,-0.009033,0.008789,0.009399,-0.018066,-0.0095215,265.100000,-3.683500,-36.723300,-0.058350,-0.010010,0.998047,-0.451050,0.892212,-0.017456,-0.890625,-0.451294,-0.056641,540.000000,543.601000,-20.004000,303.682000,3.116000,0.040000,3.141000,0
-0.447,2.23242,0.2233,-0.0045166,-0.0131836,-0.000366,-0.018555,-0.009033,0.008789,0.009399,-0.018066,-0.0095215,265.100000,-3.683500,-36.723300,-0.058350,-0.010010,0.998047,-0.451050,0.892212,-0.017456,-0.890625,-0.451294,-0.056641,540.000000,543.601000,-20.004000,303.682000,3.116000,0.040000,3.141000,0
-0.447,2.23242,0.2233,-0.0045166,-0.0131836,-0.000366,-0.018555,-0.008911,0.008789,0.009399,-0.017944,-0.0095215,265.100000,-3.683500,-36.723300,-0.058350,-0.010010,0.998047,-0.451050,0.892334,-0.017456,-0.890625,-0.451172,-0.056641,540.000000,543.602000,-20.007000,303.684000,3.116000,0.040000,3.141000,0
-0.447,2.23242,0.2233,-0.0045166,-0.0131836,-0.000366,-0.018433,-0.008911,0.008789,0.009399,-0.017944,-0.0093995,265.100000,-3.683500,-36.723300,-0.058350,-0.010010,0.998047,-0.450928,0.892334,-0.017456,-0.890625,-0.451172,-0.056519,544.000000,543.601000,-20.012000,303.684000,3.116000,0.040000,3.141000,0
-0.447,2.1208,0.1116,-0.0045166,-0.0131836,-0.000366,-0.018433,-0.008911,0.008789,0.009399,-0.017944,-0.0093995,265.100000,-3.795120,-36.835000,-0.058350,-0.010010,0.998047,-0.450928,0.892334,-0.017456,-0.890625,-0.451172,-0.056519,544.000000,543.601000,-20.011000,303.684000,3.116000,0.040000,3.141000,0
-0.447,2.1208,0.1116,-0.0043945,-0.0131836,-0.000244,-0.018433,-0.008911,0.008789,0.009399,-0.017944,-0.0093995,265.100000,-3.795120,-36.835000,-0.058228,-0.010010,0.998169,-0.450928,0.892334,-0.017456,-0.890625,-0.451172,-0.056519,544.000000,543.601000,-20.011000,303.685000,3.116000,0.040000,3.141000,0
-0.447,2.1208,0.1116,-0.0043945,-0.0131836,-0.000244,-0.018433,-0.008911,0.008789,0.009399,-0.017944,-0.0093995,265.100000,-3.795120,-36.835000,-0.058228,-0.010010,0.998169,-0.450928,0.892334,-0.017456,-0.890625,-0.451172,-0.056519,544.000000,543.602000,-20.010000,303.689000,3.116000,0.040000,3.141000,0
-0.447,2.1208,0.1116,-0.0043945,-0.0131836,-0.000244,-0.018433,-0.008911,0.008789,0.009399,-0.017944,-0.0092774,265.100000,-3.795120,-36.835000,-0.058228,-0.010010,0.998169,-0.450928,0.892334,-0.017456,-0.890625,-0.451172,-0.056397,544.000000,543.602000,-20.009000,303.699000,3.116000,0.040000,3.141000,0
-0.447,2.1208,0.1116,-0.0043945,-0.0131836,-0.000244,-0.018433,-0.008911,0.008789,0.009399,-0.017944,-0.0092774,265.100000,-3.795120,-36.835000,-0.058228,-0.010010,0.998169,-0.450928,0.892334,-0.017456,-0.890625,-0.451172,-0.056397,544.000000,543.603000,-20.008000,303.703000,3.116000,0.040000,3.141000,0
-0.447,2.1208,0.1116,-0.0043945,-0.0130615,-0.000244,-0.018433,-0.008911,0.008789,0.009277,-0.017944,-0.0092774,265.100000,-3.795120,-36.835000,-0.058228,-0.009888,0.998169,-0.450928,0.892334,-0.017456,-0.890747,-0.451172,-0.056397,544.000000,543.607000,-20.002000,303.735000,3.116000,0.040000,3.141000,0
-0.447,2.1208,0.1116,-0.0045166,-0.0130615,-0.000366,-0.018433,-0.008911,0.008789,0.009399,-0.017944,-0.0093995,265.100000,-3.795120,-36.835000,-0.058350,-0.009888,0.998047,-0.450928,0.892334,-0.017456,-0.890625,-0.451172,-0.056519,544.000000,543.613000,-20.001000,303.758000,3.116000,0.040000,3.141000,0
-0.447,2.1208,0.2233,-0.0045166,-0.0130615,-0.000366,-0.018433,-0.008911,0.008789,0.009399,-0.017944,-0.0093995,265.100000,-3.795120,-36.723300,-0.058350,-0.009888,0.998047,-0.450928,0.892334,-0.017456,-0.890625,-0.451172,-0.056519,544.000000,543.635000,-20.002000,303.766000,3.116000,0.040000,3.141000,0
-0.447,2.23242,0.2233,-0.0045166,-0.0130615,-0.000366,-0.018433,-0.008911,0.008667,0.009399,-0.017944,-0.0093995,265.100000,-3.683500,-36.723300,-0.058350,-0.009888,0.998047,-0.450928,0.892334,-0.017578,-0.890625,-0.451172,-0.056519,544.000000,543.656000,-20.003000,303.767000,3.116000,0.040000,3.141000,0
-0.447,2.23242,0.2233,-0.0045166,-0.0130615,-0.000366,-0.018555,-0.008911,0.008667,0.009399,-0.017944,-0.0093995,265.100000,-3.683500,-36.723300,-0.058350,-0.009888,0.998047,-0.451050,0.892334,-0.017578,-0.890625,-0.451172,-0.056519,544.000000,543.668000,-20.003000,303.762000,3.116000,0.040000,3.141000,0
-0.447,2.23242,0.2233,-0.0045166,-0.0130615,-0.000366,-0.018555,-0.008911,0.008667,0.009399,-0.018066,-0.0093995,265.100000,-3.683500,-36.723300,-0.058350,-0.009888,0.998047,-0.451050,0.892334,-0.017578,-0.890625,-0.451294,-0.056519,544.000000,543.715000,-20.006000,303.752000,3.116000,0.040000,3.141000,0
-0.447,2.23242,0.2233,-0.0045166,-0.0130615,-0.000366,-0.018555,-0.008911,0.008667,0.009399,-0.018066,-0.0093995,265.100000,-3.683500,-36.723300,-0.058350,-0.009888,0.998047,-0.451050,0.892334,-0.017578,-0.890625,-0.451294,-0.056519,544.000000,543.719000,-20.006000,303.751000,3.116000,0.040000,3.141000,0
-0.447,2.23242,0.2233,-0.0045166,-0.0130615,-0.000366,-0.018433,-0.008911,0.008667,0.009399,-0.017944,-0.0093995,265.100000,-3.683500,-36.723300,-0.058350,-0.009888,0.998047,-0.450928,0.892334,-0.017578,-0.890625,-0.451172,-0.056519,544.000000,543.769000,-20.003000,303.737000,3.116000,0.040000,3.141000,0
-0.447,2.23242,0.2233,-0.0045166,-0.0130615,-0.000366,-0.018433,-0.008911,0.008667,0.009399,-0.017944,-0.0093995,265.100000,-3.683500,-36.723300,-0.058350,-0.009888,0.998047,-0.450928,0.892334,-0.017578,-0.890625,-0.451172,-0.056519,544.000000,543.844000,-20.002000,303.706000,3.116000,0.040000,3.141000,0
-0.447,2.23242,0.2233,-0.0045166,-0.0130615,-0.000366,-0.018433,-0.008911,0.008667,0.009399,-0.017944,-0.0093995,265.100000,-3.683500,-36.723300,-0.058350,-0.009888,0.998047,-0.450928,0.892334,-0.017578,-0.890625,-0.451172,-0.056519,544.000000,543.922000,-20.003000,303.683000,3.116000,0.040000,3.141000,0
-0.447,2.23242,0.2233,-0.0046387,-0.0130615,-0.000366,-0.018555,-0.008911,0.008667,0.009399,-0.018066,-0.0095215,265.100000,-3.683500,-36.723300,-0.058472,-0.009888,0.998047,-0.451050,0.892334,-0.017578,-0.890625,-0.451294,-0.056641,544.000000,543.990000,-20.000000,303.681000,3.116000,0.040000,3.141000,0
-0.447,2.23242,0.2233,-0.0046387,-0.0130615,-0.000366,-0.018555,-0.008911,0.008667,0.009399,-0.018066,-0.0095215,265.100000,-3.683500,-36.723300,-0.058472,-0.009888,0.998047,-0.451050,0.892334,-0.017578,-0.890625,-0.451294,-0.056641,544.000000,544.010000,-19.999000,303.682000,3.116000,0.040000,3.141000,0
-0.447,2.23242,0.2233,-0.0046387,-0.0131836,-0.000366,-0.018555,-0.008911,0.008667,0.009399,-0.018066,-0.0095215,265.100000,-3.683500,-36.723300,-0.058472,-0.010010,0.998047,-0.451050,0.892334,-0.017578,-0.890625,-0.451294,-0.056641,544.000000,544.075000,-19.999000,303.691000,3.116000,0.040000,3.141000,0
-0.447,2.23242,0.2233,-0.0046387,-0.0131836,-0.000366,-0.018555,-0.008911,0.008789,0.009399,-0.018066,-0.0095215,265.100000,-3.683500,-36.723300,-0.058472,-0.010010,0.998047,-0.451050,0.892334,-0.017456,-0.890625,-0.451294,-0.056641,544.000000,544.146000,-20.000000,303.701000,3.116000,0.040000,3.141000,0
-0.447,2.23242,0.2233,-0.0046387,-0.0131836,-0.000366,-0.018555,-0.009033,0.008789,0.009399,-0.018066,-0.0095215,265.100000,-3.683500,-36.723300,-0.058472,-0.010010,0.998047,-0.451050,0.892212,-0.017456,-0.890625,-0.451294,-0.056641,544.000000,544.296000,-20.003000,303.711000,3.116000,0.040000,3.141000,0
-0.447,2.23242,0.2233,-0.0046387,-0.0131836,-0.000366,-0.018555,-0.009033,0.008789,0.009399,-0.018066,-0.0095215,265.100000,-3.683500,-36.723300,-0.058472,-0.010010,0.998047,-0.451050,0.892212,-0.017456,-0.890625,-0.451294,-0.056641,544.000000,544.314000,-20.002000,303.712000,3.116000,0.040000,3.141000,0
-0.447,2.23242,0.2233,-0.0046387,-0.0131836,-0.000366,-0.018677,-0.009033,0.008789,0.009399,-0.018188,-0.0095215,265.100000,-3.683500,-36.723300,-0.058472,-0.010010,0.998047,-0.451172,0.892212,-0.017456,-0.890625,-0.451416,-0.056641,544.000000,544.523000,-19.998000,303.704000,3.116000,0.040000,3.141000,0
-0.447,2.23242,0.2233,-0.0046387,-0.0131836,-0.000366,-0.018677,-0.009033,0.008789,0.009521,-0.018188,-0.0095215,265.100000,-3.683500,-36.723300,-0.058472,-0.010010,0.998047,-0.451172,0.892212,-0.017456,-0.890503,-0.451416,-0.056641,548.000000,544.646000,-19.999000,303.702000,3.116000,0.039000,3.141000,0
-0.447,2.23242,0.2233,-0.0046387,-0.0131836,-0.000366,-0.018677,-0.009033,0.008789,0.009521,-0.018188,-0.0095215,265.100000,-3.683500,-36.723300,-0.058472,-0.010010,0.998047,-0.451172,0.892212,-0.017456,-0.890503,-0.451416,-0.056641,548.000000,544.731000,-20.000000,303.704000,3.116000,0.039000,3.141000,0
-0.447,2.23242,0.2233,-0.0046387,-0.0133056,-0.000366,-0.018677,-0.009033,0.008789,0.009521,-0.018188,-0.0096436,265.100000,-3.683500,-36.723300,-0.058472,-0.010132,0.998047,-0.451172,0.892212,-0.017456,-0.890503,-0.451416,-0.056763,548.000000,544.816000,-20.002000,303.712000,3.116000,0.039000,3.141000,0
-0.447,2.23242,0.2233,-0.0046387,-0.0133056,-0.000366,-0.018799,-0.009033,0.008789,0.009521,-0.018188,-0.0096436,265.100000,-3.683500,-36.723300,-0.058472,-0.010132,0.998047,-0.451294,0.892212,-0.017456,-0.890503,-0.451416,-0.056763,548.000000,544.929000,-20.001000,303.726000,3.116000,0.039000,3.141000,0
-0.447,2.23242,0.2233,-0.0046387,-0.0133056,-0.000366,-0.018799,-0.009033,0.0089111,0.009521,-0.018188,-0.0096436,265.100000,-3.683500,-36.723300,-0.058472,-0.010132,0.998047,-0.451294,0.892212,-0.017334,-0.890503,-0.451416,-0.056763,548.000000,545.036000,-19.999000,303.738000,3.116000,0.039000,3.141000,0
-0.447,2.23242,0.2233,-0.0046387,-0.0133056,-0.000366,-0.018799,-0.009033,0.0089111,0.009521,-0.018188,-0.0096436,265.100000,-3.683500,-36.723300,-0.058472,-0.010132,0.998047,-0.451294,0.892212,-0.017334,-0.890503,-0.451416,-0.056763,548.000000,545.154000,-19.996000,303.746000,3.116000,0.039000,3.141000,0
-0.447,2.23242,0.2233,-0.0046387,-0.0133056,-0.000366,-0.018799,-0.009033,0.0089111,0.009521,-0.018188,-0.0095215,265.100000,-3.683500,-36.723300,-0.058472,-0.010132,0.998047,-0.451294,0.892212,-0.017334,-0.890503,-0.451416,-0.056641,548.000000,545.254000,-19.994000,303.749000,3.116000,0.039000,3.141000,0
-0.447,2.23242,0.2233,-0.0046387,-0.0133056,-0.000366,-0.018799,-0.009033,0.0089111,0.009521,-0.018188,-0.0095215,265.100000,-3.683500,-36.723300,-0.058472,-0.010132,0.998047,-0.451294,0.892212,-0.017334,-0.890503,-0.451416,-0.056641,552.000000,545.382000,-19.993000,303.756000,3.116000,0.039000,3.141000,0
-0.447,2.23242,0.2233,-0.0046387,-0.0133056,-0.000366,-0.018799,-0.009033,0.0089111,0.009521,-0.018188,-0.0095215,265.100000,-3.683500,-36.723300,-0.058472,-0.010132,0.998047,-0.451294,0.892212,-0.017334,-0.890503,-0.451416,-0.056641,552.000000,545.510000,-19.994000,303.758000,3.116000,0.039000,3.141000,0
-0.447,2.23242,0.2233,-0.0046387,-0.0133056,-0.000366,-0.018799,-0.009033,0.0089111,0.009521,-0.018188,-0.0095215,265.100000,-3.683500,-36.723300,-0.058472,-0.010132,0.998047,-0.451294,0.892212,-0.017334,-0.890503,-0.451416,-0.056641,552.000000,545.654000,-19.995000,303.756000,3.116000,0.040000,3.141000,0
-0.447,2.23242,0.2233,-0.0046387,-0.0133056,-0.000366,-0.018799,-0.009033,0.0089111,0.009521,-0.018188,-0.0095215,265.100000,-3.683500,-36.723300,-0.058472,-0.010132,0.998047,-0.451294,0.892212,-0.017334,-0.890503,-0.451416,-0.056641,552.000000,545.799000,-19.996000,303.746000,3.116000,0.040000,3.141000,0
-0.447,2.23242,0.2233,-0.0046387,-0.0133056,-0.000366,-0.018799,-0.009033,0.0089111,0.009521,-0.01831,-0.0096436,265.100000,-3.683500,-36.723300,-0.058472,-0.010132,0.998047,-0.451294,0.892212,-0.017334,-0.890503,-0.451538,-0.056763,552.000000,545.949000,-19.997000,303.743000,3.116000,0.040000,3.141000,0
-0.447,2.23242,0.2233,-0.0046387,-0.0133056,-0.000366,-0.018799,-0.009155,0.0089111,0.009521,-0.01831,-0.0096436,265.100000,-3.683500,-36.723300,-0.058472,-0.010132,0.998047,-0.451294,0.892090,-0.017334,-0.890503,-0.451538,-0.056763,552.000000,546.120000,-19.997000,303.741000,3.116000,0.040000,3.141000,0
-0.447,2.23242,0.2233,-0.0046387,-0.0133056,-0.000366,-0.018799,-0.009155,0.0089111,0.009521,-0.01831,-0.0096436,265.100000,-3.683500,-36.723300,-0.058472,-0.010132,0.998047,-0.451294,0.892090,-0.017334,-0.890503,-0.451538,-0.056763,552.000000,546.283000,-19.995000,303.751000,3.116000,0.040000,3.141000,0
-0.447,2.23242,0.2233,-0.0046387,-0.0133056,-0.000366,-0.018799,-0.009155,0.0089111,0.009521,-0.01831,-0.0096436,265.100000,-3.683500,-36.723300,-0.058472,-0.010132,0.998047,-0.451294,0.892090,-0.017334,-0.890503,-0.451538,-0.056763,556.000000,546.438000,-19.993000,303.770000,3.116000,0.040000,3.141000,0
-0.447,2.23242,0.2233,-0.0047608,-0.0134277,-0.000366,-0.018921,-0.009155,0.0089111,0.009643,-0.018432,-0.0097657,265.100000,-3.683500,-36.723300,-0.058594,-0.010254,0.998047,-0.451416,0.892090,-0.017334,-0.890381,-0.451660,-0.056885,556.000000,546.625000,-19.992000,303.796000,3.116000,0.040000,3.141000,0
-0.447,2.23242,0.2233,-0.0047608,-0.0134277,-0.000366,-0.019043,-0.009155,0.0089111,0.009643,-0.018432,-0.0097657,265.100000,-3.683500,-36.723300,-0.058594,-0.010254,0.998047,-0.451538,0.892090,-0.017334,-0.890381,-0.451660,-0.056885,556.000000,547.021000,-19.995000,303.812000,3.116000,0.040000,3.141000,0
-0.447,2.23242,0.2233,-0.0048828,-0.0134277,-0.000366,-0.019043,-0.009277,0.0089111,0.009643,-0.018554,-0.0098877,265.100000,-3.683500,-36.723300,-0.058716,-0.010254,0.998047,-0.451538,0.891968,-0.017334,-0.890381,-0.451782,-0.057007,556.000000,547.245000,-19.999000,303.821000,3.116000,0.040000,3.141000,0
-0.447,2.23242,0.2233,-0.0048828,-0.0135498,-0.000366,-0.019043,-0.009277,0.0089111,0.009643,-0.018554,-0.0098877,265.100000,-3.683500,-36.723300,-0.058716,-0.010376,0.998047,-0.451538,0.891968,-0.017334,-0.890381,-0.451782,-0.057007,556.000000,547.447000,-20.003000,303.834000,3.116000,0.040000,3.141000,0
-0.447,2.23242,0.2233,-0.0048828,-0.0135498,-0.000366,-0.019043,-0.009277,0.0089111,0.009765,-0.018554,-0.0100098,265.100000,-3.683500,-36.723300,-0.058716,-0.010376,0.998047,-0.451538,0.891968,-0.017334,-0.890259,-0.451782,-0.057129,560.000000,547.622000,-20.006000,303.835000,3.116000,0.040000,3.141000,0
-0.447,2.23242,0.2233,-0.0050049,-0.0135498,-0.000366,-0.019165,-0.009277,0.0089111,0.009765,-0.018554,-0.0100098,265.100000,-3.683500,-36.723300,-0.058838,-0.010376,0.998047,-0.451660,0.891968,-0.017334,-0.890259,-0.451782,-0.057129,560.000000,547.827000,-20.011000,303.838000,3.116000,0.040000,3.141000,0
-0.447,2.23242,0.2233,-0.0050049,-0.0136718,-0.000366,-0.019165,-0.009277,0.0089111,0.009765,-0.018676,-0.0101319,265.100000,-3.683500,-36.723300,-0.058838,-0.010498,0.998047,-0.451660,0.891968,-0.017334,-0.890259,-0.451904,-0.057251,560.000000,548.049000,-20.015000,303.837000,3.116000,0.039000,3.141000,0
-0.447,2.23242,0.2233,-0.005127,-0.0136718,-0.000366,-0.019165,-0.009277,0.0089111,0.009765,-0.018676,-0.0101319,265.100000,-3.683500,-36.723300,-0.058960,-0.010498,0.998047,-0.451660,0.891968,-0.017334,-0.890259,-0.451904,-0.057251,560.000000,548.332000,-20.019000,303.834000,3.116000,0.039000,3.141000,0
-0.447,2.23242,0.2233,-0.005249,-0.0137939,-0.000366,-0.019287,-0.009277,0.0089111,0.009765,-0.018798,-0.0102539,265.100000,-3.683500,-36.723300,-0.059082,-0.010620,0.998047,-0.451782,0.891968,-0.017334,-0.890259,-0.452026,-0.057373,564.000000,548.548000,-20.022000,303.841000,3.116000,0.039000,3.141000,0
-0.447,2.23242,0.2233,-0.005249,-0.0137939,-0.000366,-0.019287,-0.009399,0.0089111,0.009887,-0.018798,-0.010376,265.100000,-3.683500,-36.723300,-0.059082,-0.010620,0.998047,-0.451782,0.891846,-0.017334,-0.890137,-0.452026,-0.057495,564.000000,548.998000,-20.027000,303.849000,3.116000,0.039000,3.141000,0
-0.447,2.34405,0.2233,-0.0053711,-0.0137939,-0.000366,-0.019409,-0.009399,0.0089111,0.009887,-0.018798,-0.0104981,265.100000,-3.571870,-36.723300,-0.059204,-0.010620,0.998047,-0.451904,0.891846,-0.017334,-0.890137,-0.452026,-0.057617,568.000000,549.265000,-20.029000,303.848000,3.116000,0.039000,3.141000,0
-0.447,2.34405,0.2233,-0.0053711,-0.013916,-0.000366,-0.019409,-0.009399,0.0090332,0.009887,-0.01892,-0.0104981,265.100000,-3.571870,-36.723300,-0.059204,-0.010742,0.998047,-0.451904,0.891846,-0.017212,-0.890137,-0.452148,-0.057617,568.000000,549.507000,-20.028000,303.858000,3.116000,0.039000,3.141000,0
-0.447,2.34405,0.2233,-0.0054932,-0.013916,-0.000366,-0.019409,-0.009399,0.0090332,0.009887,-0.01892,-0.0106202,265.100000,-3.571870,-36.723300,-0.059326,-0.010742,0.998047,-0.451904,0.891846,-0.017212,-0.890137,-0.452148,-0.057739,572.000000,549.841000,-20.027000,303.888000,3.116000,0.039000,3.141000,0
-0.559,2.34405,0.2233,-0.0054932,-0.0140381,-0.000366,-0.019531,-0.009521,0.0090332,0.010009,-0.019043,-0.0106202,264.988000,-3.571870,-36.723300,-0.059326,-0.010864,0.998047,-0.452026,0.891724,-0.017212,-0.890015,-0.452271,-0.057739,572.000000,550.091000,-20.027000,303.913000,3.116000,0.039000,3.141000,0
-0.559,2.34405,0.2233,-0.0056152,-0.0140381,-0.000366,-0.019531,-0.009521,0.0090332,0.010009,-0.019043,-0.0107422,264.988000,-3.571870,-36.723300,-0.059448,-0.010864,0.998047,-0.452026,0.891724,-0.017212,-0.890015,-0.452271,-0.057861,576.000000,550.369000,-20.028000,303.930000,3.116000,0.039000,3.141000,0
-0.559,2.34405,0.2233,-0.0056152,-0.0141601,-0.000366,-0.019653,-0.009521,0.0090332,0.010009,-0.019165,-0.0108643,264.988000,-3.571870,-36.723300,-0.059448,-0.010986,0.998047,-0.452148,0.891724,-0.017212,-0.890015,-0.452393,-0.057983,576.000000,550.619000,-20.029000,303.939000,3.116000,0.039000,3.141000,0
-0.559,2.34405,0.2233,-0.0057373,-0.0141601,-0.000366,-0.019776,-0.009521,0.0090332,0.010131,-0.019165,-0.0108643,264.988000,-3.571870,-36.723300,-0.059570,-0.010986,0.998047,-0.452271,0.891724,-0.017212,-0.889893,-0.452393,-0.057983,580.000000,550.927000,-20.029000,303.948000,3.116000,0.039000,3.141000,0
-0.559,2.34405,0.2233,-0.0057373,-0.0141601,-0.000366,-0.019776,-0.009643,0.0091553,0.010131,-0.019287,-0.0109864,264.988000,-3.571870,-36.723300,-0.059570,-0.010986,0.998047,-0.452271,0.891602,-0.017090,-0.889893,-0.452515,-0.058105,580.000000,551.182000,-20.028000,303.952000,3.116000,0.039000,3.141000,0
-0.559,2.34405,0.2233,-0.0058594,-0.0142822,-0.000366,-0.019898,-0.009643,0.0091553,0.010131,-0.019409,-0.0111084,264.988000,-3.571870,-36.723300,-0.059692,-0.011108,0.998047,-0.452393,0.891602,-0.017090,-0.889893,-0.452637,-0.058228,584.000000,551.529000,-20.029000,303.950000,3.116000,0.039000,3.141000,0
-0.559,2.34405,0.2233,-0.0058594,-0.0144043,-0.000366,-0.02002,-0.009643,0.0091553,0.010253,-0.019409,-0.0111084,264.988000,-3.571870,-36.723300,-0.059692,-0.011230,0.998047,-0.452515,0.891602,-0.017090,-0.889771,-0.452637,-0.058228,588.000000,551.799000,-20.029000,303.954000,3.116000,0.039000,3.141000,0
-0.559,2.34405,0.2233,-0.0059815,-0.0144043,-0.000366,-0.020142,-0.009766,0.0091553,0.010253,-0.019531,-0.0112305,264.988000,-3.571870,-36.723300,-0.059814,-0.011230,0.998047,-0.452637,0.891479,-0.017090,-0.889771,-0.452759,-0.058350,592.000000,552.103000,-20.028000,303.960000,3.116000,0.039000,3.141000,0
-0.559,2.34405,0.2233,-0.0059815,-0.0145263,-0.000366,-0.020142,-0.009766,0.0091553,0.010376,-0.019653,-0.0113526,264.988000,-3.571870,-36.723300,-0.059814,-0.011352,0.998047,-0.452637,0.891479,-0.017090,-0.889648,-0.452881,-0.058472,596.000000,552.381000,-20.027000,303.965000,3.116000,0.040000,3.141000,0
-0.559,2.34405,0.2233,-0.0061035,-0.0145263,-0.000366,-0.020264,-0.009766,0.0091553,0.010376,-0.019653,-0.0114747,264.988000,-3.571870,-36.723300,-0.059936,-0.011352,0.998047,-0.452759,0.891479,-0.017090,-0.889648,-0.452881,-0.058594,596.000000,552.720000,-20.026000,303.976000,3.116000,0.040000,3.141000,0
-0.559,2.45567,0.3349,-0.0062256,-0.0147705,-0.000488,-0.020386,-0.009888,0.0092773,0.010498,-0.019775,-0.0117188,264.988000,-3.460250,-36.611700,-0.060059,-0.011597,0.997925,-0.452881,0.891357,-0.016968,-0.889526,-0.453003,-0.058838,604.000000,553.002000,-20.024000,303.992000,3.116000,0.040000,3.141000,0
-0.559,2.45567,0.3349,-0.0063477,-0.0147705,-0.000488,-0.020508,-0.01001,0.0092773,0.010498,-0.019897,-0.0118409,264.988000,-3.460250,-36.611700,-0.060181,-0.011597,0.997925,-0.453003,0.891235,-0.016968,-0.889526,-0.453125,-0.058960,608.000000,553.664000,-20.021000,304.029000,3.116000,0.040000,3.141000,0
-0.67,2.45567,0.3349,-0.0064697,-0.0148926,-0.000488,-0.02063,-0.01001,0.0092773,0.01062,-0.020019,-0.0119629,264.877000,-3.460250,-36.611700,-0.060303,-0.011719,0.997925,-0.453125,0.891235,-0.016968,-0.889404,-0.453247,-0.059082,612.000000,553.995000,-20.018000,304.052000,3.116000,0.040000,3.141000,0
-0.67,2.45567,0.3349,-0.0065918,-0.0150146,-0.000488,-0.020752,-0.01001,0.0092773,0.01062,-0.020141,-0.012085,264.877000,-3.460250,-36.611700,-0.060425,-0.011841,0.997925,-0.453247,0.891235,-0.016968,-0.889404,-0.453369,-0.059204,616.000000,554.295000,-20.016000,304.079000,3.116000,0.040000,3.141000,0
-0.67,2.45567,0.3349,-0.0067139,-0.0151367,-0.000488,-0.020874,-0.010132,0.0093994,0.010742,-0.020263,-0.0122071,264.877000,-3.460250,-36.611700,-0.060547,-0.011963,0.997925,-0.453369,0.891113,-0.016846,-0.889282,-0.453491,-0.059326,624.000000,554.651000,-20.018000,304.095000,3.116000,0.040000,3.141000,0
-0.67,2.45567,0.3349,-0.0068359,-0.0151367,-0.000488,-0.020996,-0.010254,0.0093994,0.010742,-0.020385,-0.0124512,264.877000,-3.460250,-36.611700,-0.060669,-0.011963,0.997925,-0.453491,0.890991,-0.016846,-0.889282,-0.453613,-0.059570,628.000000,554.947000,-20.019000,304.097000,3.116000,0.040000,3.141000,0
-0.67,2.45567,0.3349,-0.0070801,-0.0153808,-0.000488,-0.02124,-0.010254,0.0093994,0.010864,-0.020629,-0.0126954,264.877000,-3.460250,-36.611700,-0.060913,-0.012207,0.997925,-0.453735,0.890991,-0.016846,-0.889160,-0.453857,-0.059814,632.000000,555.343000,-20.022000,304.089000,3.116000,0.040000,3.141000,0
-0.67,2.56729,0.3349,-0.0072022,-0.0155029,-0.000488,-0.021362,-0.010376,0.0093994,0.010986,-0.020751,-0.0128174,264.877000,-3.348630,-36.611700,-0.061035,-0.012329,0.997925,-0.453857,0.890869,-0.016846,-0.889038,-0.453979,-0.059936,636.000000,555.626000,-20.024000,304.086000,3.116000,0.040000,3.141000,0
-0.67,2.56729,0.3349,-0.0073242,-0.015625,-0.000488,-0.021484,-0.010498,0.0095215,0.011108,-0.020874,-0.0130616,264.877000,-3.348630,-36.611700,-0.061157,-0.012451,0.997925,-0.453979,0.890747,-0.016724,-0.888916,-0.454102,-0.060181,644.000000,555.945000,-20.025000,304.079000,3.116000,0.040000,3.141000,0
-0.67,2.56729,0.4465,-0.0075684,-0.0158691,-0.000488,-0.021729,-0.01062,0.0095215,0.01123,-0.021118,-0.0133057,264.877000,-3.348630,-36.500100,-0.061401,-0.012695,0.997925,-0.454224,0.890625,-0.016724,-0.888794,-0.454346,-0.060425,648.000000,556.233000,-20.025000,304.070000,3.116000,0.040000,3.141000,0
-0.67,2.56729,0.4465,-0.0078125,-0.0159912,-0.000488,-0.021973,-0.01062,0.0096435,0.011352,-0.021362,-0.0135498,264.877000,-3.348630,-36.500100,-0.061645,-0.012817,0.997925,-0.454468,0.890625,-0.016602,-0.888672,-0.454590,-0.060669,656.000000,556.590000,-20.027000,304.080000,3.116000,0.040000,3.141000,0
-0.782,2.56729,0.4465,-0.0080566,-0.0162353,-0.00061,-0.022217,-0.010864,0.0096435,0.011474,-0.021606,-0.0139161,264.765000,-3.348630,-36.500100,-0.061890,-0.013062,0.997803,-0.454712,0.890381,-0.016602,-0.888550,-0.454834,-0.061035,664.000000,556.874000,-20.027000,304.079000,3.116000,0.039000,3.141000,0
-0.782,2.67891,0.4465,-0.0081787,-0.0163574,-0.00061,-0.022339,-0.010864,0.0096435,0.011596,-0.021728,-0.0140381,264.765000,-3.237010,-36.500100,-0.062012,-0.013184,0.997803,-0.454834,0.890381,-0.016602,-0.888428,-0.454956,-0.061157,672.000000,557.259000,-20.028000,304.086000,3.116000,0.039000,3.141000,0
-0.782,2.67891,0.4465,-0.0084229,-0.0164795,-0.00061,-0.022461,-0.010986,0.0097656,0.011718,-0.02185,-0.0142823,264.765000,-3.237010,-36.500100,-0.062256,-0.013306,0.997803,-0.454956,0.890259,-0.016480,-0.888306,-0.455078,-0.061401,676.000000,557.523000,-20.027000,304.100000,3.116000,0.039000,3.141000,0
