Dif_X,Dif_Y,Dif_Z,Dif_X1,Dif_X2,Dif_X3,Dif_Y1,Dif_Y2,Dif_Y3,Dif_Z1,Dif_Z2,Dif_Z3,NDI_X,NDI_Y,NDI_Z,NDI_Rot_X1,NDI_Rot_X2,NDI_Rot_X3,NDI_Rot_Y1,NDI_Rot_Y2,NDI_Rot_Y3,NDI_Rot_Z1,NDI_Rot_Z2,NDI_Rot_Z3,NDI_Quality,Kuka_X,Kuka_Y,Kuka_Z,Kuka_A,Kuka_B,Kuka_C,Kuka_TSL
-1.562,3.6835,1.6743,-0.0258789,-0.0245361,-0.001953,-0.030639,-0.015258,0.0081787,0.017456,-0.029663,-0.0334472,262.868000,-27.347200,-35.607100,-0.078613,-0.022827,0.996460,-0.465698,0.884766,-0.016480,-0.881470,-0.465454,-0.080078,1476.000000,543.600000,-19.999000,303.632000,3.116000,0.040000,3.141000,0
-1.562,3.6835,1.6743,-0.0258789,-0.0245361,-0.001953,-0.030639,-0.015258,0.0081787,0.017456,-0.029663,-0.0334472,262.868000,-27.347200,-35.607100,-0.078613,-0.022827,0.996460,-0.465698,0.884766,-0.016480,-0.881470,-0.465454,-0.080078,1476.000000,543.600000,-19.999000,303.632000,3.116000,0.040000,3.141000,0
-1.562,3.6835,1.6743,-0.0258789,-0.0245361,-0.001953,-0.030639,-0.015258,0.0081787,0.017456,-0.029663,-0.0334472,262.868000,-27.347200,-35.607100,-0.078613,-0.022827,0.996460,-0.465698,0.884766,-0.016480,-0.881470,-0.465454,-0.080078,1476.000000,543.600000,-19.999000,303.632000,3.116000,0.040000,3.141000,0
-1.562,3.6835,1.6743,-0.0258789,-0.0245361,-0.001953,-0.030639,-0.015258,0.0081787,0.017456,-0.029663,-0.0334472,262.868000,-27.347200,-35.607100,-0.078613,-0.022827,0.996460,-0.465698,0.884766,-0.016480,-0.881470,-0.465454,-0.080078,1476.000000,543.600000,-19.999000,303.632000,3.116000,0.040000,3.141000,0
-1.562,3.6835,1.6743,-0.0258789,-0.0245361,-0.001953,-0.030639,-0.015258,0.0081787,0.017456,-0.029663,-0.0334472,262.868000,-27.347200,-35.607100,-0.078613,-0.022827,0.996460,-0.465698,0.884766,-0.016480,-0.881470,-0.465454,-0.080078,1476.000000,543.600000,-19.999000,303.632000,3.116000,0.040000,3.141000,0
-1.562,3.6835,1.6743,-0.0258789,-0.0245361,-0.001953,-0.030639,-0.015258,0.0081787,0.017456,-0.029663,-0.0334472,262.868000,-27.347200,-35.607100,-0.078613,-0.022827,0.996460,-0.465698,0.884766,-0.016480,-0.881470,-0.465454,-0.080078,1476.000000,543.600000,-19.999000,303.632000,3.116000,0.040000,3.141000,0
-1.562,3.6835,1.6743,-0.0258789,-0.0245361,-0.001953,-0.030639,-0.015258,0.0081787,0.017456,-0.029663,-0.0334472,262.868000,-27.347200,-35.607100,-0.078613,-0.022827,0.996460,-0.465698,0.884766,-0.016480,-0.881470,-0.465454,-0.080078,1476.000000,543.600000,-19.999000,303.632000,3.116000,0.040000,3.141000,0
-1.562,3.6835,1.6743,-0.0258789,-0.0245361,-0.001953,-0.030639,-0.015258,0.0081787,0.017456,-0.029663,-0.0335693,262.868000,-27.347200,-35.607100,-0.078613,-0.022827,0.996460,-0.465698,0.884766,-0.016480,-0.881470,-0.465454,-0.080200,1476.000000,543.600000,-19.999000,303.633000,3.116000,0.040000,3.141000,0
-1.562,3.6835,1.6743,-0.0258789,-0.0245361,-0.001953,-0.030639,-0.015258,0.0081787,0.017456,-0.029663,-0.0335693,262.868000,-27.347200,-35.607100,-0.078613,-0.022827,0.996460,-0.465698,0.884766,-0.016480,-0.881470,-0.465454,-0.080200,1476.000000,543.600000,-19.998000,303.632000,3.116000,0.040000,3.141000,0
-1.562,3.6835,1.6743,-0.0258789,-0.0245361,-0.001953,-0.030639,-0.015258,0.0080566,0.017456,-0.029663,-0.0335693,262.868000,-27.347200,-35.607100,-0.078613,-0.022827,0.996460,-0.465698,0.884766,-0.016602,-0.881470,-0.465454,-0.080200,1476.000000,543.600000,-19.999000,303.633000,3.116000,0.040000,3.141000,0
-1.562,3.6835,1.6743,-0.0258789,-0.0244141,-0.001953,-0.030639,-0.015258,0.0080566,0.017456,-0.029663,-0.0335693,262.868000,-27.347200,-35.607100,-0.078613,-0.022705,0.996460,-0.465698,0.884766,-0.016602,-0.881470,-0.465454,-0.080200,1476.000000,543.600000,-19.998000,303.632000,3.116000,0.040000,3.141000,0
-1.562,3.6835,1.6743,-0.0258789,-0.0244141,-0.001953,-0.030639,-0.015258,0.0080566,0.017456,-0.029663,-0.0335693,262.868000,-27.347200,-35.607100,-0.078613,-0.022705,0.996460,-0.465698,0.884766,-0.016602,-0.881470,-0.465454,-0.080200,1476.000000,543.600000,-19.999000,303.632000,3.116000,0.040000,3.141000,0
-1.562,3.6835,1.6743,-0.0258789,-0.0244141,-0.001953,-0.030639,-0.015258,0.0080566,0.017456,-0.029663,-0.0335693,262.868000,-27.347200,-35.607100,-0.078613,-0.022705,0.996460,-0.465698,0.884766,-0.016602,-0.881470,-0.465454,-0.080200,1476.000000,543.600000,-19.998000,303.632000,3.116000,0.040000,3.141000,0
-1.562,3.6835,1.6743,-0.0258789,-0.0244141,-0.001953,-0.030639,-0.015258,0.0080566,0.017456,-0.029663,-0.0335693,262.868000,-27.347200,-35.607100,-0.078613,-0.022705,0.996460,-0.465698,0.884766,-0.016602,-0.881470,-0.465454,-0.080200,1476.000000,543.600000,-19.998000,303.633000,3.116000,0.040000,3.141000,0
-1.562,3.6835,1.6743,-0.0258789,-0.0244141,-0.001953,-0.030639,-0.015258,0.0080566,0.017456,-0.029663,-0.0335693,262.868000,-27.347200,-35.607100,-0.078613,-0.022705,0.996460,-0.465698,0.884766,-0.016602,-0.881470,-0.465454,-0.080200,1476.000000,543.600000,-19.998000,303.633000,3.116000,0.040000,3.141000,0
-1.562,3.6835,1.6743,-0.0258789,-0.0244141,-0.001953,-0.030639,-0.015258,0.0080566,0.017456,-0.029663,-0.0335693,262.868000,-27.347200,-35.607100,-0.078613,-0.022705,0.996460,-0.465698,0.884766,-0.016602,-0.881470,-0.465454,-0.080200,1476.000000,543.600000,-19.998000,303.633000,3.116000,0.040000,3.141000,0
-1.562,3.6835,1.6743,-0.0258789,-0.0244141,-0.001953,-0.030639,-0.015258,0.0080566,0.017456,-0.029663,-0.0335693,262.868000,-27.347200,-35.607100,-0.078613,-0.022705,0.996460,-0.465698,0.884766,-0.016602,-0.881470,-0.465454,-0.080200,1476.000000,543.600000,-19.998000,303.633000,3.116000,0.040000,3.141000,0
-1.562,3.6835,1.6743,-0.0258789,-0.0244141,-0.001953,-0.030639,-0.015258,0.0080566,0.017456,-0.029663,-0.0335693,262.868000,-27.347200,-35.607100,-0.078613,-0.022705,0.996460,-0.465698,0.884766,-0.016602,-0.881470,-0.465454,-0.080200,1476.000000,543.600000,-19.998000,303.633000,3.116000,0.040000,3.141000,0
-1.562,3.6835,1.6743,-0.0258789,-0.0244141,-0.001953,-0.030639,-0.015258,0.0080566,0.017456,-0.029663,-0.0335693,262.868000,-27.347200,-35.607100,-0.078613,-0.022705,0.996460,-0.465698,0.884766,-0.016602,-0.881470,-0.465454,-0.080200,1476.000000,543.600000,-19.998000,303.633000,3.116000,0.040000,3.141000,0
-1.562,3.6835,1.6743,-0.0258789,-0.0244141,-0.001953,-0.030639,-0.015258,0.0080566,0.017456,-0.029663,-0.0335693,262.868000,-27.347200,-35.607100,-0.078613,-0.022705,0.996460,-0.465698,0.884766,-0.016602,-0.881470,-0.465454,-0.080200,1476.000000,543.600000,-19.998000,303.633000,3.116000,0.040000,3.141000,0
-1.562,3.6835,1.6743,-0.0258789,-0.0244141,-0.001953,-0.030639,-0.01538,0.0080566,0.017456,-0.029663,-0.0335693,262.868000,-27.347200,-35.607100,-0.078613,-0.022705,0.996460,-0.465698,0.884644,-0.016602,-0.881470,-0.465454,-0.080200,1476.000000,543.600000,-19.998000,303.633000,3.116000,0.040000,3.141000,0
-1.562,3.6835,1.6743,-0.0258789,-0.0244141,-0.001953,-0.030761,-0.01538,0.0080566,0.017456,-0.029663,-0.0335693,262.868000,-27.347200,-35.607100,-0.078613,-0.022705,0.996460,-0.465820,0.884644,-0.016602,-0.881470,-0.465454,-0.080200,1476.000000,543.600000,-19.998000,303.633000,3.116000,0.040000,3.141000,0
-1.562,3.6835,1.6743,-0.0258789,-0.0244141,-0.001953,-0.030761,-0.01538,0.0080566,0.017456,-0.029785,-0.0335693,262.868000,-27.347200,-35.607100,-0.078613,-0.022705,0.996460,-0.465820,0.884644,-0.016602,-0.881470,-0.465576,-0.080200,1476.000000,543.600000,-19.998000,303.633000,3.116000,0.040000,3.141000,0
-1.562,3.6835,1.6743,-0.0258789,-0.0245361,-0.001953,-0.030761,-0.01538,0.0080566,0.017456,-0.029785,-0.0335693,262.868000,-27.347200,-35.607100,-0.078613,-0.022827,0.996460,-0.465820,0.884644,-0.016602,-0.881470,-0.465576,-0.080200,1476.000000,543.600000,-19.998000,303.633000,3.116000,0.040000,3.141000,0
-1.562,3.6835,1.6743,-0.0258789,-0.0245361,-0.001953,-0.030761,-0.01538,0.0080566,0.017456,-0.029785,-0.0335693,262.868000,-27.347200,-35.607100,-0.078613,-0.022827,0.996460,-0.465820,0.884644,-0.016602,-0.881470,-0.465576,-0.080200,1476.000000,543.600000,-19.998000,303.633000,3.116000,0.040000,3.141000,0
-1.562,3.6835,1.6743,-0.0258789,-0.0245361,-0.001953,-0.030761,-0.01538,0.0080566,0.017578,-0.029785,-0.0335693,262.868000,-27.347200,-35.607100,-0.078613,-0.022827,0.996460,-0.465820,0.884644,-0.016602,-0.881348,-0.465576,-0.080200,1476.000000,543.600000,-19.998000,303.633000,3.116000,0.040000,3.141000,0
-1.562,3.6835,1.6743,-0.0258789,-0.0245361,-0.001953,-0.030761,-0.01538,0.0080566,0.017578,-0.029785,-0.0335693,262.868000,-27.347200,-35.607100,-0.078613,-0.022827,0.996460,-0.465820,0.884644,-0.016602,-0.881348,-0.465576,-0.080200,1476.000000,543.600000,-19.998000,303.633000,3.116000,0.040000,3.141000,0
-1.562,3.6835,1.6743,-0.0258789,-0.0245361,-0.001953,-0.030761,-0.01538,0.0080566,0.017578,-0.029785,-0.0335693,262.868000,-27.347200,-35.607100,-0.078613,-0.022827,0.996460,-0.465820,0.884644,-0.016602,-0.881348,-0.465576,-0.080200,1476.000000,543.600000,-19.998000,303.633000,3.116000,0.040000,3.141000,0
-1.562,3.6835,1.6743,-0.0258789,-0.0245361,-0.001953,-0.030761,-0.01538,0.0080566,0.017578,-0.029785,-0.0335693,262.868000,-27.347200,-35.607100,-0.078613,-0.022827,0.996460,-0.465820,0.884644,-0.016602,-0.881348,-0.465576,-0.080200,1476.000000,543.600000,-19.998000,303.633000,3.116000,0.040000,3.141000,0
-1.562,3.6835,1.6743,-0.0258789,-0.0245361,-0.001953,-0.030761,-0.01538,0.0080566,0.017578,-0.029785,-0.0335693,262.868000,-27.347200,-35.607100,-0.078613,-0.022827,0.996460,-0.465820,0.884644,-0.016602,-0.881348,-0.465576,-0.080200,1476.000000,543.600000,-19.998000,303.633000,3.116000,0.040000,3.141000,0
-1.562,3.6835,1.6743,-0.0258789,-0.0245361,-0.001953,-0.030761,-0.01538,0.0080566,0.017578,-0.029785,-0.0335693,262.868000,-27.347200,-35.607100,-0.078613,-0.022827,0.996460,-0.465820,0.884644,-0.016602,-0.881348,-0.465576,-0.080200,1476.000000,543.600000,-19.998000,303.633000,3.116000,0.040000,3.141000,0
-1.562,3.6835,1.6743,-0.0258789,-0.0245361,-0.001953,-0.030761,-0.01538,0.0080566,0.017578,-0.029785,-0.0335693,262.868000,-27.347200,-35.607100,-0.078613,-0.022827,0.996460,-0.465820,0.884644,-0.016602,-0.881348,-0.465576,-0.080200,1476.000000,543.600000,-19.998000,303.633000,3.116000,0.040000,3.141000,0
-1.562,3.6835,1.6743,-0.0258789,-0.0245361,-0.001953,-0.030761,-0.01538,0.0080566,0.017578,-0.029785,-0.0335693,262.868000,-27.347200,-35.607100,-0.078613,-0.022827,0.996460,-0.465820,0.884644,-0.016602,-0.881348,-0.465576,-0.080200,1476.000000,543.600000,-19.998000,303.633000,3.116000,0.040000,3.141000,0
-1.562,3.6835,1.6743,-0.0258789,-0.0245361,-0.001953,-0.030761,-0.01538,0.0080566,0.017578,-0.029785,-0.0335693,262.868000,-27.347200,-35.607100,-0.078613,-0.022827,0.996460,-0.465820,0.884644,-0.016602,-0.881348,-0.465576,-0.080200,1476.000000,543.600000,-19.998000,303.633000,3.116000,0.040000,3.141000,0
-1.562,3.6835,1.6743,-0.0258789,-0.0245361,-0.001953,-0.030883,-0.01538,0.0080566,0.017578,-0.029785,-0.0335693,262.868000,-27.347200,-35.607100,-0.078613,-0.022827,0.996460,-0.465942,0.884644,-0.016602,-0.881348,-0.465576,-0.080200,1476.000000,543.600000,-19.998000,303.633000,3.116000,0.040000,3.141000,0
-1.562,3.6835,1.6743,-0.0258789,-0.0245361,-0.001953,-0.030883,-0.01538,0.0081787,0.017578,-0.029907,-0.0335693,262.868000,-27.347200,-35.607100,-0.078613,-0.022827,0.996460,-0.465942,0.884644,-0.016480,-0.881348,-0.465698,-0.080200,1476.000000,543.600000,-19.998000,303.633000,3.116000,0.040000,3.141000,0
-1.562,3.6835,1.6743,-0.0258789,-0.0245361,-0.001953,-0.030883,-0.01538,0.0081787,0.017578,-0.029907,-0.0335693,262.868000,-27.347200,-35.607100,-0.078613,-0.022827,0.996460,-0.465942,0.884644,-0.016480,-0.881348,-0.465698,-0.080200,1476.000000,543.600000,-19.998000,303.633000,3.116000,0.040000,3.141000,0
-1.562,3.6835,1.6743,-0.0258789,-0.0245361,-0.001953,-0.030883,-0.01538,0.0081787,0.017578,-0.029907,-0.0335693,262.868000,-27.347200,-35.607100,-0.078613,-0.022827,0.996460,-0.465942,0.884644,-0.016480,-0.881348,-0.465698,-0.080200,1476.000000,543.600000,-19.998000,303.633000,3.116000,0.040000,3.141000,0
-1.562,3.6835,1.6743,-0.0258789,-0.0245361,-0.001953,-0.030883,-0.01538,0.0081787,0.017578,-0.029907,-0.0335693,262.868000,-27.347200,-35.607100,-0.078613,-0.022827,0.996460,-0.465942,0.884644,-0.016480,-0.881348,-0.465698,-0.080200,1476.000000,543.600000,-19.998000,303.633000,3.116000,0.040000,3.141000,0
-1.562,3.6835,1.6743,-0.0258789,-0.0244141,-0.001953,-0.030883,-0.01538,0.0081787,0.017578,-0.029785,-0.0334472,262.868000,-27.347200,-35.607100,-0.078613,-0.022705,0.996460,-0.465942,0.884644,-0.016480,-0.881348,-0.465576,-0.080078,1476.000000,543.600000,-19.998000,303.633000,3.116000,0.040000,3.141000,0
-1.562,3.6835,1.6743,-0.0258789,-0.0244141,-0.001953,-0.030883,-0.01538,0.0080566,0.017578,-0.029907,-0.0334472,262.868000,-27.347200,-35.607100,-0.078613,-0.022705,0.996460,-0.465942,0.884644,-0.016602,-0.881348,-0.465698,-0.080078,1476.000000,543.600000,-19.998000,303.633000,3.116000,0.040000,3.141000,0
-1.562,3.6835,1.6743,-0.0258789,-0.0245361,-0.001953,-0.030883,-0.01538,0.0080566,0.017578,-0.029907,-0.0334472,262.868000,-27.347200,-35.607100,-0.078613,-0.022827,0.996460,-0.465942,0.884644,-0.016602,-0.881348,-0.465698,-0.080078,1476.000000,543.600000,-19.998000,303.633000,3.116000,0.040000,3.141000,0
-1.562,3.6835,1.6743,-0.026001,-0.0244141,-0.001953,-0.030883,-0.01538,0.0079346,0.017578,-0.029907,-0.0335693,262.868000,-27.347200,-35.607100,-0.078735,-0.022705,0.996460,-0.465942,0.884644,-0.016724,-0.881348,-0.465698,-0.080200,1476.000000,543.600000,-19.998000,303.633000,3.116000,0.040000,3.141000,0
-1.562,3.6835,1.6743,-0.026001,-0.0244141,-0.001953,-0.030883,-0.01538,0.0079346,0.017578,-0.029785,-0.0335693,262.868000,-27.347200,-35.607100,-0.078735,-0.022705,0.996460,-0.465942,0.884644,-0.016724,-0.881348,-0.465576,-0.080200,1476.000000,543.604000,-19.998000,303.636000,3.116000,0.040000,3.141000,0
-1.562,3.6835,1.6743,-0.026001,-0.0244141,-0.001953,-0.030761,-0.01538,0.0079346,0.017578,-0.029785,-0.0335693,262.868000,-27.347200,-35.607100,-0.078735,-0.022705,0.996460,-0.465820,0.884644,-0.016724,-0.881348,-0.465576,-0.080200,1476.000000,543.608000,-19.998000,303.639000,3.116000,0.040000,3.141000,0
-1.562,3.6835,1.6743,-0.026001,-0.024292,-0.001953,-0.030761,-0.01538,0.0079346,0.017578,-0.029785,-0.0335693,262.868000,-27.347200,-35.607100,-0.078735,-0.022583,0.996460,-0.465820,0.884644,-0.016724,-0.881348,-0.465576,-0.080200,1476.000000,543.617000,-19.998000,303.646000,3.116000,0.040000,3.141000,0
-1.562,3.6835,1.6743,-0.026123,-0.024292,-0.001953,-0.030761,-0.01538,0.0079346,0.017578,-0.029785,-0.0335693,262.868000,-27.347200,-35.607100,-0.078857,-0.022583,0.996460,-0.465820,0.884644,-0.016724,-0.881348,-0.465576,-0.080200,1476.000000,543.622000,-19.998000,303.651000,3.116000,0.040000,3.141000,0
-1.562,3.6835,1.6743,-0.026123,-0.024292,-0.001953,-0.030761,-0.01538,0.0079346,0.017456,-0.029785,-0.0335693,262.868000,-27.347200,-35.607100,-0.078857,-0.022583,0.996460,-0.465820,0.884644,-0.016724,-0.881470,-0.465576,-0.080200,1476.000000,543.631000,-19.998000,303.660000,3.116000,0.040000,3.141000,0
-1.562,3.6835,1.6743,-0.026123,-0.024292,-0.001953,-0.030639,-0.01538,0.0079346,0.017456,-0.029663,-0.0336914,262.868000,-27.347200,-35.607100,-0.078857,-0.022583,0.996460,-0.465698,0.884644,-0.016724,-0.881470,-0.465454,-0.080322,1476.000000,543.634000,-19.999000,303.664000,3.116000,0.040000,3.141000,0
-1.562,3.6835,1.7859,-0.026123,-0.024292,-0.001953,-0.030639,-0.01538,0.0079346,0.017456,-0.029663,-0.0336914,262.868000,-27.347200,-35.495500,-0.078857,-0.022583,0.996460,-0.465698,0.884644,-0.016724,-0.881470,-0.465454,-0.080322,1476.000000,543.639000,-19.998000,303.669000,3.116000,0.040000,3.141000,0
-1.562,3.6835,1.7859,-0.026123,-0.024292,-0.001953,-0.030639,-0.015258,0.0079346,0.017456,-0.029663,-0.0336914,262.868000,-27.347200,-35.495500,-0.078857,-0.022583,0.996460,-0.465698,0.884766,-0.016724,-0.881470,-0.465454,-0.080322,1476.000000,543.649000,-19.998000,303.682000,3.116000,0.040000,3.141000,0
-1.562,3.6835,1.7859,-0.026123,-0.024292,-0.001953,-0.030639,-0.015258,0.0079346,0.017456,-0.029663,-0.0336914,262.868000,-27.347200,-35.495500,-0.078857,-0.022583,0.996460,-0.465698,0.884766,-0.016724,-0.881470,-0.465454,-0.080322,1476.000000,543.666000,-19.998000,303.697000,3.116000,0.040000,3.141000,0
-1.562,3.6835,1.7859,-0.026123,-0.0244141,-0.001953,-0.030639,-0.015258,0.0079346,0.017456,-0.029663,-0.0336914,262.868000,-27.347200,-35.495500,-0.078857,-0.022705,0.996460,-0.465698,0.884766,-0.016724,-0.881470,-0.465454,-0.080322,1476.000000,543.722000,-19.999000,303.723000,3.116000,0.040000,3.141000,0
-1.562,3.6835,1.7859,-0.026123,-0.0244141,-0.001953,-0.030639,-0.015258,0.0079346,0.017456,-0.029663,-0.0336914,262.868000,-27.347200,-35.495500,-0.078857,-0.022705,0.996460,-0.465698,0.884766,-0.016724,-0.881470,-0.465454,-0.080322,1476.000000,543.726000,-19.999000,303.724000,3.116000,0.040000,3.141000,0
-1.562,3.6835,1.7859,-0.026123,-0.0244141,-0.001953,-0.030639,-0.015258,0.0079346,0.017456,-0.029663,-0.0336914,262.868000,-27.347200,-35.495500,-0.078857,-0.022705,0.996460,-0.465698,0.884766,-0.016724,-0.881470,-0.465454,-0.080322,1476.000000,543.773000,-20.001000,303.721000,3.116000,0.040000,3.141000,0
-1.562,3.6835,1.7859,-0.0262451,-0.0244141,-0.001953,-0.030517,-0.015258,0.0079346,0.017456,-0.029541,-0.0336914,262.868000,-27.347200,-35.495500,-0.078979,-0.022705,0.996460,-0.465576,0.884766,-0.016724,-0.881470,-0.465332,-0.080322,1476.000000,543.833000,-19.996000,303.696000,3.116000,0.040000,3.141000,0
-1.562,3.6835,1.7859,-0.0262451,-0.0244141,-0.001953,-0.030517,-0.015258,0.0079346,0.017456,-0.029541,-0.0338134,262.868000,-27.347200,-35.495500,-0.078979,-0.022705,0.996460,-0.465576,0.884766,-0.016724,-0.881470,-0.465332,-0.080444,1480.000000,543.843000,-19.996000,303.689000,3.116000,0.040000,3.141000,0
-1.562,3.6835,1.7859,-0.0262451,-0.0244141,-0.001953,-0.030517,-0.015258,0.0079346,0.017456,-0.029541,-0.0338134,262.868000,-27.347200,-35.495500,-0.078979,-0.022705,0.996460,-0.465576,0.884766,-0.016724,-0.881470,-0.465332,-0.080444,1480.000000,543.900000,-19.994000,303.675000,3.116000,0.040000,3.141000,0
-1.562,3.6835,1.7859,-0.0262451,-0.0244141,-0.001953,-0.030517,-0.015258,0.0078125,0.017456,-0.029541,-0.0338134,262.868000,-27.347200,-35.495500,-0.078979,-0.022705,0.996460,-0.465576,0.884766,-0.016846,-0.881470,-0.465332,-0.080444,1484.000000,544.198000,-19.996000,303.731000,3.116000,0.040000,3.141000,0
-1.562,3.6835,1.7859,-0.0262451,-0.0244141,-0.001953,-0.030517,-0.015258,0.0079346,0.017456,-0.029541,-0.0338134,262.868000,-27.347200,-35.495500,-0.078979,-0.022705,0.996460,-0.465576,0.884766,-0.016724,-0.881470,-0.465332,-0.080444,1484.000000,544.259000,-19.996000,303.733000,3.116000,0.040000,3.141000,0
-1.562,3.6835,1.7859,-0.0262451,-0.0244141,-0.001953,-0.030517,-0.015258,0.0079346,0.017456,-0.029541,-0.0338134,262.868000,-27.347200,-35.495500,-0.078979,-0.022705,0.996460,-0.465576,0.884766,-0.016724,-0.881470,-0.465332,-0.080444,1484.000000,544.316000,-19.997000,303.732000,3.116000,0.040000,3.141000,0
-1.562,3.6835,1.7859,-0.0262451,-0.0244141,-0.001953,-0.030517,-0.015258,0.0079346,0.017456,-0.029541,-0.0338134,262.868000,-27.347200,-35.495500,-0.078979,-0.022705,0.996460,-0.465576,0.884766,-0.016724,-0.881470,-0.465332,-0.080444,1484.000000,544.371000,-19.998000,303.726000,3.116000,0.040000,3.141000,0
-1.562,3.6835,1.7859,-0.0262451,-0.0245361,-0.001953,-0.030517,-0.015258,0.0079346,0.017456,-0.029541,-0.0338134,262.868000,-27.347200,-35.495500,-0.078979,-0.022827,0.996460,-0.465576,0.884766,-0.016724,-0.881470,-0.465332,-0.080444,1488.000000,544.444000,-19.997000,303.719000,3.116000,0.040000,3.141000,0
-1.562,3.6835,1.6743,-0.0263672,-0.0245361,-0.001953,-0.030639,-0.015258,0.0079346,0.017456,-0.029663,-0.0339355,262.868000,-27.347200,-35.607100,-0.079102,-0.022827,0.996460,-0.465698,0.884766,-0.016724,-0.881470,-0.465454,-0.080566,1488.000000,544.525000,-19.994000,303.704000,3.116000,0.039000,3.141000,0
-1.562,3.6835,1.7859,-0.0263672,-0.0245361,-0.001953,-0.030639,-0.015258,0.0079346,0.017456,-0.029663,-0.0339355,262.868000,-27.347200,-35.495500,-0.079102,-0.022827,0.996460,-0.465698,0.884766,-0.016724,-0.881470,-0.465454,-0.080566,1492.000000,544.699000,-19.989000,303.689000,3.116000,0.039000,3.141000,0
-1.562,3.6835,1.7859,-0.0264892,-0.0246582,-0.001953,-0.030639,-0.015258,0.0079346,0.017456,-0.029663,-0.0340576,262.868000,-27.347200,-35.495500,-0.079224,-0.022949,0.996460,-0.465698,0.884766,-0.016724,-0.881470,-0.465454,-0.080688,1496.000000,544.938000,-19.992000,303.723000,3.116000,0.039000,3.141000,0
-1.562,3.6835,1.7859,-0.0264892,-0.0246582,-0.001953,-0.030639,-0.01538,0.0080566,0.017578,-0.029663,-0.0341796,262.868000,-27.347200,-35.495500,-0.079224,-0.022949,0.996460,-0.465698,0.884644,-0.016602,-0.881348,-0.465454,-0.080810,1496.000000,545.207000,-19.997000,303.768000,3.116000,0.039000,3.141000,0
-1.674,3.6835,1.7859,-0.0266113,-0.0247803,-0.001953,-0.030761,-0.01538,0.0080566,0.017578,-0.029785,-0.0343017,262.756000,-27.347200,-35.495500,-0.079346,-0.023071,0.996460,-0.465820,0.884644,-0.016602,-0.881348,-0.465576,-0.080933,1500.000000,545.702000,-19.985000,303.771000,3.116000,0.040000,3.141000,0
-1.674,3.6835,1.7859,-0.0266113,-0.0247803,-0.001953,-0.030883,-0.01538,0.0080566,0.017578,-0.029785,-0.0343017,262.756000,-27.347200,-35.495500,-0.079346,-0.023071,0.996460,-0.465942,0.884644,-0.016602,-0.881348,-0.465576,-0.080933,1504.000000,545.772000,-19.984000,303.763000,3.116000,0.040000,3.141000,0
-1.674,3.6835,1.7859,-0.0267334,-0.0249024,-0.001953,-0.030883,-0.01538,0.0080566,0.0177,-0.029907,-0.0344238,262.756000,-27.347200,-35.495500,-0.079468,-0.023193,0.996460,-0.465942,0.884644,-0.016602,-0.881226,-0.465698,-0.081055,1504.000000,545.875000,-19.984000,303.757000,3.116000,0.040000,3.141000,0
-1.674,3.6835,1.7859,-0.0267334,-0.0249024,-0.001953,-0.030883,-0.015503,0.0080566,0.0177,-0.029907,-0.0344238,262.756000,-27.347200,-35.495500,-0.079468,-0.023193,0.996460,-0.465942,0.884521,-0.016602,-0.881226,-0.465698,-0.081055,1504.000000,546.017000,-19.984000,303.757000,3.116000,0.040000,3.141000,0
-1.674,3.7952,1.7859,-0.0268554,-0.0249024,-0.001953,-0.031005,-0.015503,0.0080566,0.0177,-0.029907,-0.0345459,262.756000,-27.235500,-35.495500,-0.079590,-0.023193,0.996460,-0.466064,0.884521,-0.016602,-0.881226,-0.465698,-0.081177,1508.000000,546.320000,-19.983000,303.768000,3.116000,0.040000,3.141000,0
-1.674,3.7952,1.7859,-0.0268554,-0.0250244,-0.001953,-0.031005,-0.015503,0.0080566,0.0177,-0.030029,-0.0346679,262.756000,-27.235500,-35.495500,-0.079590,-0.023315,0.996460,-0.466064,0.884521,-0.016602,-0.881226,-0.465820,-0.081299,1512.000000,546.474000,-19.983000,303.783000,3.116000,0.040000,3.141000,0
-1.674,3.7952,1.7859,-0.0269775,-0.0250244,-0.001953,-0.031005,-0.015503,0.0080566,0.0177,-0.030029,-0.0346679,262.756000,-27.235500,-35.495500,-0.079712,-0.023315,0.996460,-0.466064,0.884521,-0.016602,-0.881226,-0.465820,-0.081299,1516.000000,546.655000,-19.983000,303.801000,3.116000,0.040000,3.141000,0
-1.674,3.7952,1.7859,-0.0269775,-0.0251465,-0.001953,-0.031128,-0.015503,0.0080566,0.017822,-0.030029,-0.03479,262.756000,-27.235500,-35.495500,-0.079712,-0.023438,0.996460,-0.466187,0.884521,-0.016602,-0.881104,-0.465820,-0.081421,1516.000000,546.840000,-19.983000,303.802000,3.116000,0.040000,3.141000,0
-1.674,3.7952,1.7859,-0.0269775,-0.0251465,-0.002075,-0.031128,-0.015503,0.0080566,0.017822,-0.030029,-0.03479,262.756000,-27.235500,-35.495500,-0.079712,-0.023438,0.996338,-0.466187,0.884521,-0.016602,-0.881104,-0.465820,-0.081421,1520.000000,547.036000,-19.984000,303.807000,3.116000,0.040000,3.141000,0
-1.674,3.7952,1.7859,-0.0270996,-0.0251465,-0.002075,-0.031128,-0.015625,0.0081787,0.017822,-0.030151,-0.0349121,262.756000,-27.235500,-35.495500,-0.079834,-0.023438,0.996338,-0.466187,0.884399,-0.016480,-0.881104,-0.465942,-0.081543,1524.000000,547.241000,-19.986000,303.823000,3.116000,0.040000,3.141000,0
-1.674,3.7952,1.7859,-0.0270996,-0.0252686,-0.002075,-0.03125,-0.015625,0.0081787,0.017822,-0.030151,-0.0350341,262.756000,-27.235500,-35.495500,-0.079834,-0.023560,0.996338,-0.466309,0.884399,-0.016480,-0.881104,-0.465942,-0.081665,1528.000000,547.466000,-19.988000,303.840000,3.116000,0.040000,3.141000,0
-1.786,3.7952,1.7859,-0.0272217,-0.0253906,-0.002075,-0.03125,-0.015625,0.0081787,0.017945,-0.030273,-0.0351562,262.644000,-27.235500,-35.495500,-0.079956,-0.023682,0.996338,-0.466309,0.884399,-0.016480,-0.880981,-0.466064,-0.081787,1536.000000,547.648000,-19.993000,303.844000,3.116000,0.040000,3.141000,0
-1.786,3.7952,1.7859,-0.0273437,-0.0253906,-0.002075,-0.03125,-0.015625,0.0081787,0.017945,-0.030273,-0.0351562,262.644000,-27.235500,-35.495500,-0.080078,-0.023682,0.996338,-0.466309,0.884399,-0.016480,-0.880981,-0.466064,-0.081787,1540.000000,547.851000,-19.998000,303.841000,3.116000,0.039000,3.141000,0
-1.786,3.7952,1.7859,-0.0274658,-0.0253906,-0.002075,-0.031372,-0.015625,0.0081787,0.017945,-0.030273,-0.0352783,262.644000,-27.235500,-35.495500,-0.080200,-0.023682,0.996338,-0.466431,0.884399,-0.016480,-0.880981,-0.466064,-0.081909,1544.000000,548.062000,-20.001000,303.830000,3.116000,0.039000,3.141000,0
-1.786,3.7952,1.7859,-0.0275879,-0.0255127,-0.002075,-0.031372,-0.015747,0.0081787,0.017945,-0.030396,-0.0355224,262.644000,-27.235500,-35.495500,-0.080322,-0.023804,0.996338,-0.466431,0.884277,-0.016480,-0.880981,-0.466187,-0.082153,1548.000000,548.280000,-20.003000,303.817000,3.116000,0.039000,3.141000,0
-1.786,3.7952,1.7859,-0.0277099,-0.0256348,-0.002075,-0.031494,-0.015747,0.0081787,0.018067,-0.030396,-0.0356445,262.644000,-27.235500,-35.495500,-0.080444,-0.023926,0.996338,-0.466553,0.884277,-0.016480,-0.880859,-0.466187,-0.082275,1556.000000,548.514000,-20.005000,303.823000,3.116000,0.039000,3.141000,0
-1.897,3.7952,1.7859,-0.027832,-0.0257569,-0.002075,-0.031494,-0.015747,0.0083008,0.018067,-0.030396,-0.0358886,262.533000,-27.235500,-35.495500,-0.080566,-0.024048,0.996338,-0.466553,0.884277,-0.016357,-0.880859,-0.466187,-0.082519,1564.000000,548.816000,-20.009000,303.847000,3.116000,0.039000,3.141000,0
-2.009,3.9068,1.7859,-0.0283203,-0.0262451,-0.002197,-0.031738,-0.015869,0.0084228,0.018189,-0.03064,-0.036499,262.421000,-27.123900,-35.495500,-0.081055,-0.024536,0.996216,-0.466797,0.884155,-0.016235,-0.880737,-0.466431,-0.083130,1592.000000,549.022000,-20.012000,303.859000,3.116000,0.039000,3.141000,0
-2.009,3.9068,1.7859,-0.0285644,-0.0263672,-0.002197,-0.031738,-0.015869,0.0084228,0.018311,-0.03064,-0.0367431,262.421000,-27.123900,-35.495500,-0.081299,-0.024658,0.996216,-0.466797,0.884155,-0.016235,-0.880615,-0.466431,-0.083374,1600.000000,549.557000,-20.014000,303.883000,3.116000,0.039000,3.141000,0
-2.12,3.9068,1.7859,-0.0288086,-0.0266113,-0.002197,-0.03186,-0.015991,0.0085449,0.018433,-0.030762,-0.0369873,262.310000,-27.123900,-35.495500,-0.081543,-0.024902,0.996216,-0.466919,0.884033,-0.016113,-0.880493,-0.466553,-0.083618,1612.000000,550.105000,-20.012000,303.933000,3.116000,0.040000,3.141000,0
-2.12,3.9068,1.7859,-0.0289306,-0.0267334,-0.002197,-0.031982,-0.015991,0.0085449,0.018433,-0.030884,-0.0372314,262.310000,-27.123900,-35.495500,-0.081665,-0.025024,0.996216,-0.467041,0.884033,-0.016113,-0.880493,-0.466675,-0.083862,1624.000000,550.402000,-20.010000,303.933000,3.116000,0.040000,3.141000,0
-2.232,3.9068,1.7859,-0.0290527,-0.0268555,-0.002197,-0.032104,-0.016113,0.008667,0.018555,-0.031006,-0.0374755,262.198000,-27.123900,-35.495500,-0.081787,-0.025146,0.996216,-0.467163,0.883911,-0.015991,-0.880371,-0.466797,-0.084106,1636.000000,550.651000,-20.010000,303.929000,3.116000,0.040000,3.141000,0
-2.232,3.9068,1.7859,-0.0292969,-0.0270996,-0.002197,-0.032348,-0.016113,0.008667,0.018677,-0.031128,-0.0377197,262.198000,-27.123900,-35.495500,-0.082031,-0.025391,0.996216,-0.467407,0.883911,-0.015991,-0.880249,-0.466919,-0.084351,1652.000000,550.930000,-20.011000,303.934000,3.116000,0.040000,3.141000,0
-2.344,4.0184,1.6743,-0.029541,-0.0273438,-0.002319,-0.03247,-0.016235,0.0087891,0.018677,-0.03125,-0.0379638,262.086000,-27.012300,-35.607100,-0.082275,-0.025635,0.996094,-0.467529,0.883789,-0.015869,-0.880249,-0.467041,-0.084595,1664.000000,551.223000,-20.013000,303.938000,3.116000,0.040000,3.141000,0
-2.344,4.0184,1.6743,-0.0297851,-0.0275879,-0.002319,-0.032592,-0.016357,0.0089111,0.018799,-0.031494,-0.03833,262.086000,-27.012300,-35.607100,-0.082519,-0.025879,0.996094,-0.467651,0.883667,-0.015747,-0.880127,-0.467285,-0.084961,1684.000000,551.560000,-20.017000,303.940000,3.116000,0.040000,3.141000,0
-2.455,4.0184,1.6743,-0.0299072,-0.027832,-0.002319,-0.032714,-0.016357,0.0089111,0.018921,-0.031616,-0.0385742,261.975000,-27.012300,-35.607100,-0.082642,-0.026123,0.996094,-0.467773,0.883667,-0.015747,-0.880005,-0.467407,-0.085205,1700.000000,551.839000,-20.018000,303.947000,3.116000,0.040000,3.141000,0
-2.455,4.0184,1.6743,-0.0300293,-0.0279541,-0.002319,-0.032837,-0.016479,0.0090332,0.019043,-0.031616,-0.0386962,261.975000,-27.012300,-35.607100,-0.082764,-0.026245,0.996094,-0.467896,0.883545,-0.015625,-0.879883,-0.467407,-0.085327,1716.000000,552.175000,-20.016000,303.952000,3.116000,0.040000,3.141000,0
-2.567,4.13,1.6743,-0.0301513,-0.0283203,-0.002319,-0.033081,-0.016601,0.0092773,0.019165,-0.03186,-0.0390625,261.863000,-26.900700,-35.607100,-0.082886,-0.026611,0.996094,-0.468140,0.883423,-0.015381,-0.879761,-0.467651,-0.085693,1740.000000,552.451000,-20.014000,303.957000,3.116000,0.040000,3.141000,0
-2.679,4.13,1.6743,-0.0303955,-0.0285645,-0.002319,-0.033203,-0.016601,0.0093994,0.019287,-0.031982,-0.0393066,261.751000,-26.900700,-35.607100,-0.083130,-0.026856,0.996094,-0.468262,0.883423,-0.015259,-0.879639,-0.467773,-0.085938,1756.000000,552.748000,-20.012000,303.965000,3.116000,0.040000,3.141000,0
-2.79,4.13,1.5626,-0.0305176,-0.0288086,-0.002441,-0.033447,-0.016723,0.0095215,0.019409,-0.032227,-0.0396728,261.640000,-26.900700,-35.718800,-0.083252,-0.027100,0.995972,-0.468506,0.883301,-0.015137,-0.879517,-0.468018,-0.086304,1784.000000,553.047000,-20.009000,303.982000,3.116000,0.040000,3.141000,0
-2.79,4.13,1.5626,-0.0306396,-0.0290528,-0.002441,-0.033569,-0.016845,0.0096436,0.019409,-0.032349,-0.039917,261.640000,-26.900700,-35.718800,-0.083374,-0.027344,0.995972,-0.468628,0.883179,-0.015015,-0.879517,-0.468140,-0.086548,1804.000000,553.348000,-20.007000,303.995000,3.116000,0.040000,3.141000,0
-2.902,4.2416,1.5626,-0.0308838,-0.0292969,-0.002441,-0.033691,-0.016845,0.0097656,0.019531,-0.032349,-0.040039,261.528000,-26.789100,-35.718800,-0.083618,-0.027588,0.995972,-0.468750,0.883179,-0.014893,-0.879395,-0.468140,-0.086670,1824.000000,553.663000,-20.005000,304.011000,3.116000,0.040000,3.141000,0
-3.013,4.2416,1.5626,-0.0310058,-0.0296631,-0.002441,-0.033813,-0.016967,0.0098877,0.019654,-0.032471,-0.0404052,261.417000,-26.789100,-35.718800,-0.083740,-0.027954,0.995972,-0.468872,0.883057,-0.014771,-0.879272,-0.468262,-0.087036,1856.000000,554.008000,-20.004000,304.034000,3.116000,0.039000,3.141000,0
-3.125,4.2416,1.451,-0.0311279,-0.0297852,-0.002441,-0.033935,-0.016967,0.0100098,0.019654,-0.032593,-0.0406494,261.305000,-26.789100,-35.830400,-0.083862,-0.028076,0.995972,-0.468994,0.883057,-0.014648,-0.879272,-0.468384,-0.087280,1880.000000,554.288000,-20.004000,304.055000,3.116000,0.039000,3.141000,0
-3.237,4.2416,1.451,-0.031372,-0.0300293,-0.002441,-0.033935,-0.016967,0.0101318,0.019776,-0.032593,-0.0408935,261.193000,-26.789100,-35.830400,-0.084106,-0.028320,0.995972,-0.468994,0.883057,-0.014526,-0.879150,-0.468384,-0.087524,1912.000000,554.625000,-20.004000,304.062000,3.116000,0.039000,3.141000,0
-3.237,4.2416,1.451,-0.0314941,-0.0302735,-0.002563,-0.034057,-0.017089,0.0102539,0.019776,-0.032593,-0.0411377,261.193000,-26.789100,-35.830400,-0.084228,-0.028564,0.995850,-0.469116,0.882935,-0.014404,-0.879150,-0.468384,-0.087769,1936.000000,554.914000,-20.005000,304.056000,3.116000,0.039000,3.141000,0
-3.348,4.2416,1.3394,-0.0314941,-0.0303955,-0.002563,-0.034057,-0.017089,0.010376,0.019776,-0.032593,-0.0412597,261.082000,-26.789100,-35.942000,-0.084228,-0.028687,0.995850,-0.469116,0.882935,-0.014282,-0.879150,-0.468384,-0.087891,1960.000000,555.249000,-20.008000,304.061000,3.116000,0.039000,3.141000,0
-3.46,4.2416,1.3394,-0.0316162,-0.0306397,-0.002563,-0.034057,-0.017089,0.0106201,0.019776,-0.032715,-0.0415039,260.970000,-26.789100,-35.942000,-0.084351,-0.028931,0.995850,-0.469116,0.882935,-0.014038,-0.879150,-0.468506,-0.088135,1996.000000,555.588000,-20.011000,304.075000,3.116000,0.039000,3.141000,0
-3.572,4.3533,1.3394,-0.0317383,-0.0308838,-0.002563,-0.034057,-0.017089,0.0107422,0.019776,-0.032715,-0.0416259,260.858000,-26.677400,-35.942000,-0.084473,-0.029175,0.995850,-0.469116,0.882935,-0.013916,-0.879150,-0.468506,-0.088257,2020.000000,555.961000,-20.014000,304.085000,3.116000,0.039000,3.141000,0
-3.683,4.3533,1.2278,-0.0317383,-0.0311279,-0.002563,-0.034057,-0.017089,0.0109863,0.019898,-0.032715,-0.041748,260.747000,-26.677400,-36.053600,-0.084473,-0.029419,0.995850,-0.469116,0.882935,-0.013672,-0.879028,-0.468506,-0.088379,2060.000000,556.268000,-20.016000,304.091000,3.116000,0.040000,3.141000,0
-3.795,4.3533,1.2278,-0.0317383,-0.0313721,-0.002563,-0.034179,-0.017089,0.0111084,0.019898,-0.032715,-0.0418701,260.635000,-26.677400,-36.053600,-0.084473,-0.029663,0.995850,-0.469238,0.882935,-0.013550,-0.879028,-0.468506,-0.088501,2084.000000,556.607000,-20.018000,304.111000,3.116000,0.040000,3.141000,0
-3.795,4.3533,1.1162,-0.0317383,-0.0316162,-0.002563,-0.034057,-0.017089,0.0113525,0.019898,-0.032593,-0.0419921,260.635000,-26.677400,-36.165200,-0.084473,-0.029907,0.995850,-0.469116,0.882935,-0.013306,-0.879028,-0.468384,-0.088623,2112.000000,556.931000,-20.019000,304.115000,3.116000,0.040000,3.141000,0
-4.018,4.3533,1.1162,-0.0317383,-0.0318604,-0.002563,-0.034057,-0.017089,0.0115967,0.019776,-0.032593,-0.0421142,260.412000,-26.677400,-36.165200,-0.084473,-0.030151,0.995850,-0.469116,0.882935,-0.013062,-0.879150,-0.468384,-0.088745,2152.000000,557.261000,-20.019000,304.119000,3.116000,0.039000,3.141000,0
-4.13,4.3533,1.0045,-0.0316162,-0.0321045,-0.002563,-0.034057,-0.017089,0.0118408,0.019776,-0.032471,-0.0421142,260.300000,-26.677400,-36.276900,-0.084351,-0.030395,0.995850,-0.469116,0.882935,-0.012817,-0.879150,-0.468262,-0.088745,2180.000000,557.594000,-20.020000,304.132000,3.116000,0.040000,3.141000,0
-4.241,4.3533,0.8929,-0.031372,-0.0323486,-0.002563,-0.033935,-0.016967,0.012207,0.019776,-0.032349,-0.0419921,260.189000,-26.677400,-36.388500,-0.084106,-0.030640,0.995850,-0.468994,0.883057,-0.012451,-0.879150,-0.468140,-0.088623,2224.000000,557.952000,-20.021000,304.139000,3.116000,0.040000,3.141000,0
-4.353,4.3533,0.7813,-0.03125,-0.0324707,-0.002563,-0.033813,-0.016967,0.0124512,0.019654,-0.032349,-0.0418701,260.077000,-26.677400,-36.500100,-0.083984,-0.030762,0.995850,-0.468872,0.883057,-0.012207,-0.879272,-0.468140,-0.088501,2252.000000,558.245000,-20.023000,304.146000,3.116000,0.040000,3.141000,0
-4.464,4.3533,0.6697,-0.0310058,-0.0325928,-0.002563,-0.033813,-0.016845,0.0126953,0.019531,-0.032227,-0.041748,259.966000,-26.677400,-36.611700,-0.083740,-0.030884,0.995850,-0.468872,0.883179,-0.011963,-0.879395,-0.468018,-0.088379,2280.000000,558.569000,-20.025000,304.155000,3.116000,0.039000,3.141000,0
-4.688,4.3533,0.5581,-0.0305176,-0.0328369,-0.002563,-0.033569,-0.016845,0.0130615,0.019409,-0.031982,-0.0415039,259.742000,-26.677400,-36.723300,-0.083252,-0.031128,0.995850,-0.468628,0.883179,-0.011597,-0.879517,-0.467773,-0.088135,2328.000000,558.900000,-20.028000,304.175000,3.116000,0.040000,3.141000,0
-4.799,4.3533,0.4464,-0.0302734,-0.032959,-0.002441,-0.033447,-0.016723,0.0133057,0.019409,-0.03186,-0.0412597,259.631000,-26.677400,-36.835000,-0.083008,-0.031250,0.995972,-0.468506,0.883301,-0.011352,-0.879517,-0.467651,-0.087891,2360.000000,559.232000,-20.033000,304.187000,3.116000,0.040000,3.141000,0
-5.023,4.3533,0.3348,-0.0296631,-0.0330811,-0.002441,-0.033203,-0.016601,0.0136719,0.019165,-0.031616,-0.0408935,259.407000,-26.677400,-36.946600,-0.082397,-0.031372,0.995972,-0.468262,0.883423,-0.010986,-0.879761,-0.467407,-0.087524,2404.000000,559.559000,-20.038000,304.201000,3.116000,0.040000,3.141000,0
-5.134,4.3533,0.1116,-0.0292969,-0.0332031,-0.002441,-0.032959,-0.016479,0.0140381,0.019043,-0.031372,-0.0405273,259.296000,-26.677400,-37.169800,-0.082031,-0.031494,0.995972,-0.468018,0.883545,-0.010620,-0.879883,-0.467163,-0.087158,2440.000000,559.924000,-20.044000,304.233000,3.116000,0.040000,3.141000,0
-5.246,4.2416,0,-0.0288086,-0.0332031,-0.002441,-0.032837,-0.016357,0.0142822,0.018799,-0.031128,-0.0401611,259.184000,-26.789100,-37.281400,-0.081543,-0.031494,0.995972,-0.467896,0.883667,-0.010376,-0.880127,-0.466919,-0.086792,2472.000000,560.225000,-20.049000,304.253000,3.116000,0.040000,3.141000,0
-5.469,4.2416,-0.2233,-0.0280761,-0.0333252,-0.002319,-0.03247,-0.016113,0.0147705,0.018555,-0.030762,-0.0395507,258.961000,-26.789100,-37.504700,-0.080810,-0.031616,0.996094,-0.467529,0.883911,-0.009888,-0.880371,-0.466553,-0.086182,2520.000000,560.551000,-20.053000,304.258000,3.116000,0.040000,3.141000,0
-5.581,4.2416,-0.3349,-0.0274658,-0.0334473,-0.002319,-0.032104,-0.015991,0.0151367,0.018433,-0.030396,-0.0390625,258.849000,-26.789100,-37.616300,-0.080200,-0.031738,0.996094,-0.467163,0.884033,-0.009521,-0.880493,-0.466187,-0.085693,2556.000000,560.874000,-20.056000,304.264000,3.116000,0.040000,3.141000,0
-5.804,4.2416,-0.5582,-0.0266113,-0.0334473,-0.002197,-0.031738,-0.015747,0.0157471,0.018067,-0.030029,-0.03833,258.626000,-26.789100,-37.839600,-0.079346,-0.031738,0.996216,-0.466797,0.884277,-0.008911,-0.880859,-0.465820,-0.084961,2608.000000,561.226000,-20.058000,304.276000,3.116000,0.040000,3.141000,0
-6.027,4.2416,-0.6698,-0.0258789,-0.0335694,-0.002197,-0.031372,-0.015625,0.0161133,0.017822,-0.029663,-0.0378418,258.403000,-26.789100,-37.951200,-0.078613,-0.031860,0.996216,-0.466431,0.884399,-0.008545,-0.881104,-0.465454,-0.084473,2640.000000,561.517000,-20.060000,304.278000,3.116000,0.040000,3.141000,0
-6.139,4.13,-0.893,-0.0252685,-0.0335694,-0.002075,-0.031128,-0.01538,0.0164795,0.017578,-0.029297,-0.0372314,258.291000,-26.900700,-38.174400,-0.078003,-0.031860,0.996338,-0.466187,0.884644,-0.008179,-0.881348,-0.465088,-0.083862,2676.000000,561.866000,-20.060000,304.277000,3.116000,0.040000,3.141000,0
-6.362,4.13,-1.1163,-0.0241699,-0.0335694,-0.002075,-0.030517,-0.015136,0.0170898,0.017212,-0.028809,-0.0362548,258.068000,-26.900700,-38.397700,-0.076904,-0.031860,0.996338,-0.465576,0.884888,-0.007568,-0.881714,-0.464600,-0.082886,2728.000000,562.153000,-20.060000,304.282000,3.116000,0.039000,3.141000,0
-6.585,4.13,-1.3395,-0.0233154,-0.0335694,-0.001953,-0.030151,-0.014892,0.0174561,0.016968,-0.02832,-0.0355224,257.845000,-26.900700,-38.620900,-0.076050,-0.031860,0.996460,-0.465210,0.885132,-0.007202,-0.881958,-0.464111,-0.082153,2764.000000,562.460000,-20.060000,304.278000,3.116000,0.039000,3.141000,0
-6.809,4.0184,-1.5627,-0.0220947,-0.0335694,-0.001831,-0.029419,-0.014526,0.0180664,0.01648,-0.02771,-0.0344238,257.621000,-27.012300,-38.844100,-0.074829,-0.031860,0.996582,-0.464478,0.885498,-0.006592,-0.882446,-0.463501,-0.081055,2816.000000,562.780000,-20.060000,304.284000,3.116000,0.039000,3.141000,0
-6.92,4.0184,-1.786,-0.0211181,-0.0334473,-0.001831,-0.02893,-0.014282,0.0184326,0.016113,-0.027222,-0.0335693,257.510000,-27.012300,-39.067400,-0.073853,-0.031738,0.996582,-0.463989,0.885742,-0.006226,-0.882813,-0.463013,-0.080200,2852.000000,563.102000,-20.060000,304.297000,3.116000,0.039000,3.141000,0
-7.143,3.9068,-1.8976,-0.0202636,-0.0333252,-0.001709,-0.028442,-0.014038,0.0187988,0.015869,-0.026733,-0.0325927,257.287000,-27.123900,-39.179000,-0.072998,-0.031616,0.996704,-0.463501,0.885986,-0.005859,-0.883057,-0.462524,-0.079224,2884.000000,563.411000,-20.060000,304.296000,3.116000,0.039000,3.141000,0
