Dif_X,Dif_Y,Dif_Z,Dif_X1,Dif_X2,Dif_X3,Dif_Y1,Dif_Y2,Dif_Y3,Dif_Z1,Dif_Z2,Dif_Z3,NDI_X,NDI_Y,NDI_Z,NDI_Rot_X1,NDI_Rot_X2,NDI_Rot_X3,NDI_Rot_Y1,NDI_Rot_Y2,NDI_Rot_Y3,NDI_Rot_Z1,NDI_Rot_Z2,NDI_Rot_Z3,NDI_Quality,Kuka_X,Kuka_Y,Kuka_Z,Kuka_A,Kuka_B,Kuka_C,Kuka_TSL
-0.670000,2.455670,0.000000,-0.004395,-0.014160,-0.000244,-0.019776,-0.012085,0.008789,0.012573,-0.019287,-0.010742,268.560000,5.915920,-36.946600,-0.049805,-0.013794,0.998535,-0.537598,0.843018,-0.015137,-0.841797,-0.537598,-0.049439,656.000000,557.657000,-19.955000,303.842000,3.116000,0.039000,3.141000,0
-0.670000,2.452879,0.000000,-0.004395,-0.014160,-0.000244,-0.019654,-0.012085,0.008789,0.012573,-0.019287,-0.010742,268.560000,5.915920,-36.946600,-0.049805,-0.013794,0.998535,-0.537476,0.843018,-0.015137,-0.841797,-0.537598,-0.049439,656.000000,557.657000,-19.955000,303.842000,3.116000,0.039000,3.141000,0
-0.670000,2.450089,0.000000,-0.004395,-0.014160,-0.000244,-0.019654,-0.012085,0.008789,0.012573,-0.019287,-0.010742,268.560000,5.915920,-36.946600,-0.049805,-0.013794,0.998535,-0.537476,0.843018,-0.015137,-0.841797,-0.537598,-0.049439,656.000000,557.657000,-19.955000,303.842000,3.116000,0.039000,3.141000,0
-0.670000,2.447299,0.000000,-0.004395,-0.014160,-0.000244,-0.019654,-0.012085,0.008789,0.012573,-0.019287,-0.010742,268.560000,5.915920,-36.946600,-0.049805,-0.013794,0.998535,-0.537476,0.843018,-0.015137,-0.841797,-0.537598,-0.049439,656.000000,557.657000,-19.955000,303.842000,3.116000,0.039000,3.141000,0
-0.670000,2.444508,0.000000,-0.004395,-0.014160,-0.000244,-0.019654,-0.012085,0.008789,0.012573,-0.019287,-0.010742,268.560000,5.915920,-36.946600,-0.049805,-0.013794,0.998535,-0.537476,0.843018,-0.015137,-0.841797,-0.537598,-0.049439,656.000000,557.657000,-19.955000,303.842000,3.116000,0.039000,3.141000,0
-0.670000,2.441718,0.000000,-0.004395,-0.014160,-0.000244,-0.019654,-0.012085,0.008789,0.012573,-0.019287,-0.010742,268.560000,5.915920,-36.946600,-0.049805,-0.013794,0.998535,-0.537476,0.843018,-0.015137,-0.841797,-0.537598,-0.049439,656.000000,557.657000,-19.955000,303.842000,3.116000,0.039000,3.141000,0
-0.670000,2.438927,0.000000,-0.004395,-0.014160,-0.000244,-0.019654,-0.012085,0.008789,0.012573,-0.019287,-0.010742,268.560000,5.915920,-36.946600,-0.049805,-0.013794,0.998535,-0.537476,0.843018,-0.015137,-0.841797,-0.537598,-0.049439,656.000000,557.657000,-19.955000,303.842000,3.116000,0.039000,3.141000,0
-0.670000,2.436136,0.000000,-0.004395,-0.014160,-0.000244,-0.019654,-0.012085,0.008789,0.012573,-0.019287,-0.010742,268.560000,5.915920,-36.946600,-0.049805,-0.013794,0.998535,-0.537476,0.843018,-0.015137,-0.841797,-0.537598,-0.049439,656.000000,557.657000,-19.955000,303.842000,3.116000,0.039000,3.141000,0
-0.670000,2.433346,0.000000,-0.004395,-0.014160,-0.000244,-0.019654,-0.012085,0.008789,0.012573,-0.019287,-0.010742,268.560000,5.915920,-36.946600,-0.049805,-0.013794,0.998535,-0.537476,0.843018,-0.015137,-0.841797,-0.537598,-0.049439,656.000000,557.657000,-19.955000,303.842000,3.116000,0.039000,3.141000,0
-0.670000,2.430556,0.000000,-0.004395,-0.014160,-0.000244,-0.019654,-0.012085,0.008789,0.012573,-0.019287,-0.010742,268.560000,5.915920,-36.946600,-0.049805,-0.013794,0.998535,-0.537476,0.843018,-0.015137,-0.841797,-0.537598,-0.049439,656.000000,557.657000,-19.955000,303.842000,3.116000,0.039000,3.141000,0
-0.670000,2.427765,0.000000,-0.004395,-0.014160,-0.000244,-0.019654,-0.012085,0.008789,0.012573,-0.019165,-0.010742,268.560000,5.915920,-36.946600,-0.049805,-0.013794,0.998535,-0.537476,0.843018,-0.015137,-0.841797,-0.537476,-0.049439,656.000000,557.657000,-19.955000,303.842000,3.116000,0.039000,3.141000,0
-0.670000,2.424975,0.000000,-0.004395,-0.014160,-0.000244,-0.019654,-0.011963,0.008789,0.012573,-0.019165,-0.010742,268.560000,5.915920,-36.946600,-0.049805,-0.013794,0.998535,-0.537476,0.843140,-0.015137,-0.841797,-0.537476,-0.049439,656.000000,557.657000,-19.955000,303.842000,3.116000,0.039000,3.141000,0
-0.670000,2.422184,0.000000,-0.004395,-0.014160,-0.000244,-0.019654,-0.011963,0.008789,0.012573,-0.019165,-0.010742,268.560000,5.915920,-36.946600,-0.049805,-0.013794,0.998535,-0.537476,0.843140,-0.015137,-0.841797,-0.537476,-0.049439,656.000000,557.657000,-19.955000,303.842000,3.116000,0.039000,3.141000,0
-0.670000,2.419393,0.000000,-0.004395,-0.014160,-0.000244,-0.019654,-0.011963,0.008789,0.012573,-0.019165,-0.010742,268.560000,5.915920,-36.946600,-0.049805,-0.013794,0.998535,-0.537476,0.843140,-0.015137,-0.841797,-0.537476,-0.049439,656.000000,557.657000,-19.955000,303.842000,3.116000,0.039000,3.141000,0
-0.670000,2.416603,0.000000,-0.004395,-0.014160,-0.000244,-0.019654,-0.012085,0.008789,0.012573,-0.019165,-0.010742,268.560000,5.915920,-36.946600,-0.049805,-0.013794,0.998535,-0.537476,0.843018,-0.015137,-0.841797,-0.537476,-0.049439,656.000000,557.657000,-19.955000,303.842000,3.116000,0.039000,3.141000,0
-0.670000,2.413813,0.000000,-0.004395,-0.014160,-0.000244,-0.019654,-0.012085,0.008789,0.012573,-0.019287,-0.010742,268.560000,5.915920,-36.946600,-0.049805,-0.013794,0.998535,-0.537476,0.843018,-0.015137,-0.841797,-0.537598,-0.049439,656.000000,557.657000,-19.955000,303.842000,3.116000,0.039000,3.141000,0
-0.670000,2.411022,0.000000,-0.004395,-0.014160,-0.000244,-0.019654,-0.012085,0.008789,0.012573,-0.019287,-0.010742,268.560000,5.915920,-36.946600,-0.049805,-0.013794,0.998535,-0.537476,0.843018,-0.015137,-0.841797,-0.537598,-0.049439,656.000000,557.657000,-19.955000,303.842000,3.116000,0.039000,3.141000,0
-0.670000,2.408232,0.000000,-0.004395,-0.014160,-0.000244,-0.019776,-0.012085,0.008789,0.012573,-0.019287,-0.010742,268.560000,5.915920,-36.946600,-0.049805,-0.013794,0.998535,-0.537598,0.843018,-0.015137,-0.841797,-0.537598,-0.049439,656.000000,557.657000,-19.955000,303.842000,3.116000,0.039000,3.141000,0
-0.670000,2.405441,0.000000,-0.004395,-0.014160,-0.000244,-0.019776,-0.012085,0.008667,0.012573,-0.019287,-0.010742,268.560000,5.915920,-36.946600,-0.049805,-0.013794,0.998535,-0.537598,0.843018,-0.015259,-0.841797,-0.537598,-0.049439,656.000000,557.657000,-19.955000,303.842000,3.116000,0.039000,3.141000,0
-0.670000,2.402651,0.000000,-0.004395,-0.014160,-0.000244,-0.019776,-0.012085,0.008667,0.012573,-0.019287,-0.010742,268.560000,5.915920,-36.946600,-0.049805,-0.013794,0.998535,-0.537598,0.843018,-0.015259,-0.841797,-0.537598,-0.049439,656.000000,557.657000,-19.955000,303.842000,3.116000,0.039000,3.141000,0
-0.670000,2.399860,0.000000,-0.004395,-0.014160,-0.000244,-0.019776,-0.012085,0.008667,0.012573,-0.019287,-0.010742,268.560000,5.915920,-36.946600,-0.049805,-0.013794,0.998535,-0.537598,0.843018,-0.015259,-0.841797,-0.537598,-0.049439,656.000000,557.657000,-19.955000,303.842000,3.116000,0.039000,3.141000,0
-0.670000,2.397070,0.000000,-0.004395,-0.014160,-0.000244,-0.019776,-0.012085,0.008667,0.012573,-0.019287,-0.010742,268.560000,5.915920,-36.946600,-0.049805,-0.013794,0.998535,-0.537598,0.843018,-0.015259,-0.841797,-0.537598,-0.049439,656.000000,557.657000,-19.955000,303.842000,3.116000,0.039000,3.141000,0
-0.670000,2.394279,0.000000,-0.004395,-0.014160,-0.000244,-0.019776,-0.012085,0.008667,0.012573,-0.019287,-0.010742,268.560000,5.915920,-36.946600,-0.049805,-0.013794,0.998535,-0.537598,0.843018,-0.015259,-0.841797,-0.537598,-0.049439,656.000000,557.657000,-19.955000,303.842000,3.116000,0.039000,3.141000,0
-0.670000,2.391488,0.000000,-0.004517,-0.014160,-0.000244,-0.019776,-0.012085,0.008667,0.012573,-0.019287,-0.010742,268.560000,5.915920,-36.946600,-0.049927,-0.013794,0.998535,-0.537598,0.843018,-0.015259,-0.841797,-0.537598,-0.049439,656.000000,557.657000,-19.955000,303.842000,3.116000,0.039000,3.141000,0
-0.670000,2.388698,0.000000,-0.004517,-0.014160,-0.000244,-0.019776,-0.012085,0.008667,0.012573,-0.019287,-0.010742,268.560000,5.915920,-36.946600,-0.049927,-0.013794,0.998535,-0.537598,0.843018,-0.015259,-0.841797,-0.537598,-0.049439,656.000000,557.657000,-19.955000,303.842000,3.116000,0.039000,3.141000,0
-0.670000,2.385908,0.000000,-0.004517,-0.014160,-0.000244,-0.019776,-0.012085,0.008667,0.012573,-0.019287,-0.010742,268.560000,5.915920,-36.946600,-0.049927,-0.013794,0.998535,-0.537598,0.843018,-0.015259,-0.841797,-0.537598,-0.049439,656.000000,557.657000,-19.955000,303.842000,3.116000,0.039000,3.141000,0
-0.670000,2.383117,0.000000,-0.004517,-0.014160,-0.000244,-0.019776,-0.012085,0.008667,0.012573,-0.019287,-0.010742,268.560000,5.915920,-36.946600,-0.049927,-0.013794,0.998535,-0.537598,0.843018,-0.015259,-0.841797,-0.537598,-0.049439,656.000000,557.657000,-19.955000,303.842000,3.116000,0.039000,3.141000,0
-0.670000,2.380327,0.000000,-0.004517,-0.014038,-0.000244,-0.019654,-0.012085,0.008667,0.012573,-0.019287,-0.010742,268.560000,5.915920,-36.946600,-0.049927,-0.013672,0.998535,-0.537476,0.843018,-0.015259,-0.841797,-0.537598,-0.049439,656.000000,557.657000,-19.955000,303.842000,3.116000,0.039000,3.141000,0
-0.670000,2.377536,0.000000,-0.004517,-0.014038,-0.000244,-0.019654,-0.012085,0.008667,0.012573,-0.019287,-0.010742,268.560000,5.915920,-36.946600,-0.049927,-0.013672,0.998535,-0.537476,0.843018,-0.015259,-0.841797,-0.537598,-0.049439,652.000000,557.657000,-19.955000,303.842000,3.116000,0.039000,3.141000,0
-0.670000,2.374745,0.000000,-0.004517,-0.014038,-0.000244,-0.019654,-0.012085,0.008667,0.012573,-0.019287,-0.010742,268.560000,5.915920,-36.946600,-0.049927,-0.013672,0.998535,-0.537476,0.843018,-0.015259,-0.841797,-0.537598,-0.049439,652.000000,557.657000,-19.955000,303.842000,3.116000,0.039000,3.141000,0
-0.670000,2.371955,0.000000,-0.004517,-0.014038,-0.000244,-0.019654,-0.012085,0.008667,0.012573,-0.019287,-0.010742,268.560000,5.915920,-36.946600,-0.049927,-0.013672,0.998535,-0.537476,0.843018,-0.015259,-0.841797,-0.537598,-0.049439,652.000000,557.657000,-19.955000,303.842000,3.116000,0.039000,3.141000,0
-0.670000,2.369165,0.000000,-0.004517,-0.014038,-0.000244,-0.019654,-0.011963,0.008667,0.012573,-0.019165,-0.010742,268.560000,5.915920,-36.946600,-0.049927,-0.013672,0.998535,-0.537476,0.843140,-0.015259,-0.841797,-0.537476,-0.049439,652.000000,557.657000,-19.955000,303.842000,3.116000,0.039000,3.141000,0
-0.670000,2.366374,0.000000,-0.004517,-0.014038,-0.000244,-0.019654,-0.011963,0.008667,0.012573,-0.019165,-0.010742,268.560000,5.915920,-36.946600,-0.049927,-0.013672,0.998535,-0.537476,0.843140,-0.015259,-0.841797,-0.537476,-0.049439,652.000000,557.657000,-19.955000,303.842000,3.116000,0.039000,3.141000,0
-0.670000,2.363584,0.000000,-0.004517,-0.014038,-0.000244,-0.019654,-0.011963,0.008667,0.012573,-0.019165,-0.010742,268.560000,5.915920,-36.946600,-0.049927,-0.013672,0.998535,-0.537476,0.843140,-0.015259,-0.841797,-0.537476,-0.049439,652.000000,557.657000,-19.955000,303.842000,3.116000,0.039000,3.141000,0
-0.670000,2.360793,0.000000,-0.004517,-0.014038,-0.000244,-0.019654,-0.011963,0.008667,0.012451,-0.019165,-0.010742,268.560000,5.915920,-36.946600,-0.049927,-0.013672,0.998535,-0.537476,0.843140,-0.015259,-0.841919,-0.537476,-0.049439,652.000000,557.657000,-19.955000,303.842000,3.116000,0.039000,3.141000,0
-0.670000,2.358003,0.000000,-0.004517,-0.014038,-0.000244,-0.019532,-0.011963,0.008667,0.012451,-0.019165,-0.010742,268.560000,5.915920,-36.946600,-0.049927,-0.013672,0.998535,-0.537354,0.843140,-0.015259,-0.841919,-0.537476,-0.049439,652.000000,557.657000,-19.955000,303.842000,3.116000,0.039000,3.141000,0
-0.670000,2.355212,0.000000,-0.004517,-0.014038,-0.000244,-0.019532,-0.011963,0.008667,0.012451,-0.019165,-0.010742,268.560000,5.915920,-36.946600,-0.049927,-0.013672,0.998535,-0.537354,0.843140,-0.015259,-0.841919,-0.537476,-0.049439,652.000000,557.657000,-19.955000,303.842000,3.116000,0.039000,3.141000,0
-0.670000,2.352422,0.000000,-0.004517,-0.014038,-0.000244,-0.019532,-0.011963,0.008667,0.012451,-0.019043,-0.010742,268.560000,5.915920,-36.946600,-0.049927,-0.013672,0.998535,-0.537354,0.843140,-0.015259,-0.841919,-0.537354,-0.049439,652.000000,557.657000,-19.955000,303.842000,3.116000,0.039000,3.141000,0
-0.670000,2.349631,0.000000,-0.004517,-0.014038,-0.000244,-0.019532,-0.011963,0.008667,0.012451,-0.019043,-0.010742,268.560000,5.915920,-36.946600,-0.049927,-0.013672,0.998535,-0.537354,0.843140,-0.015259,-0.841919,-0.537354,-0.049439,652.000000,557.657000,-19.955000,303.842000,3.116000,0.039000,3.141000,0
-0.670000,2.346841,0.000000,-0.004517,-0.014160,-0.000244,-0.019532,-0.011963,0.008667,0.012451,-0.019043,-0.010742,268.560000,5.915920,-36.946600,-0.049927,-0.013794,0.998535,-0.537354,0.843140,-0.015259,-0.841919,-0.537354,-0.049439,652.000000,557.657000,-19.955000,303.842000,3.116000,0.039000,3.141000,0
-0.670000,2.344050,0.000000,-0.004517,-0.014160,-0.000244,-0.019532,-0.011963,0.008667,0.012451,-0.019043,-0.010864,268.560000,5.804300,-36.946600,-0.049927,-0.013794,0.998535,-0.537354,0.843140,-0.015259,-0.841919,-0.537354,-0.049561,652.000000,557.657000,-19.955000,303.842000,3.116000,0.039000,3.141000,0
-0.670000,2.455670,0.000000,-0.004517,-0.014282,-0.000244,-0.019532,-0.011963,0.008789,0.012451,-0.019043,-0.010742,268.560000,5.915920,-36.946600,-0.049927,-0.013916,0.998535,-0.537354,0.843140,-0.015137,-0.841919,-0.537354,-0.049439,648.000000,557.657000,-19.955000,303.842000,3.116000,0.039000,3.141000,0
-0.670000,2.344050,0.000000,-0.004395,-0.014160,-0.000244,-0.019532,-0.011841,0.008789,0.012451,-0.019043,-0.010620,268.560000,5.804300,-36.946600,-0.049805,-0.013794,0.998535,-0.537354,0.843262,-0.015137,-0.841919,-0.537354,-0.049316,652.000000,557.657000,-19.955000,303.842000,3.116000,0.039000,3.141000,0
-0.670000,2.351026,0.000000,-0.004395,-0.014160,-0.000244,-0.019409,-0.011841,0.008789,0.012451,-0.019043,-0.010742,268.560000,5.804300,-36.946600,-0.049805,-0.013794,0.998535,-0.537231,0.843262,-0.015137,-0.841919,-0.537354,-0.049439,652.000000,557.657000,-19.955000,303.842000,3.116000,0.039000,3.141000,0
-0.670000,2.358003,0.000000,-0.004395,-0.014160,-0.000244,-0.019409,-0.011841,0.008789,0.012451,-0.019043,-0.010742,268.560000,5.804300,-36.946600,-0.049805,-0.013794,0.998535,-0.537231,0.843262,-0.015137,-0.841919,-0.537354,-0.049439,652.000000,557.657000,-19.955000,303.842000,3.116000,0.039000,3.141000,0
-0.670000,2.364979,0.000000,-0.004395,-0.014160,-0.000244,-0.019409,-0.011841,0.008789,0.012329,-0.018920,-0.010620,268.560000,5.804300,-36.946600,-0.049805,-0.013794,0.998535,-0.537231,0.843262,-0.015137,-0.842041,-0.537231,-0.049316,652.000000,557.657000,-19.955000,303.842000,3.116000,0.039000,3.141000,0
-0.670000,2.371955,0.000000,-0.004395,-0.014160,-0.000244,-0.019409,-0.011841,0.008789,0.012329,-0.018920,-0.010620,268.560000,5.804300,-36.946600,-0.049805,-0.013794,0.998535,-0.537231,0.843262,-0.015137,-0.842041,-0.537231,-0.049316,652.000000,557.657000,-19.955000,303.842000,3.116000,0.039000,3.141000,0
-0.670000,2.378931,0.000000,-0.004395,-0.014160,-0.000244,-0.019409,-0.011841,0.008789,0.012329,-0.018920,-0.010620,268.560000,5.804300,-36.946600,-0.049805,-0.013794,0.998535,-0.537231,0.843262,-0.015137,-0.842041,-0.537231,-0.049316,652.000000,557.658000,-19.955000,303.843000,3.116000,0.039000,3.141000,0
-0.670000,2.385908,0.000000,-0.004395,-0.014160,-0.000244,-0.019409,-0.011841,0.008789,0.012329,-0.018920,-0.010620,268.560000,5.804300,-36.946600,-0.049805,-0.013794,0.998535,-0.537231,0.843262,-0.015137,-0.842041,-0.537231,-0.049316,652.000000,557.658000,-19.955000,303.843000,3.116000,0.039000,3.141000,0
-0.670000,2.392884,0.000000,-0.004395,-0.014160,-0.000244,-0.019409,-0.011841,0.008789,0.012329,-0.018920,-0.010620,268.560000,5.804300,-36.946600,-0.049805,-0.013794,0.998535,-0.537231,0.843262,-0.015137,-0.842041,-0.537231,-0.049316,652.000000,557.659000,-19.955000,303.844000,3.116000,0.039000,3.141000,0
-0.670000,2.399860,0.000000,-0.004395,-0.014160,-0.000244,-0.019409,-0.011841,0.008789,0.012329,-0.018920,-0.010620,268.560000,5.804300,-36.946600,-0.049805,-0.013794,0.998535,-0.537231,0.843262,-0.015137,-0.842041,-0.537231,-0.049316,652.000000,557.660000,-19.955000,303.845000,3.116000,0.039000,3.141000,0
-0.670000,2.406836,0.000000,-0.004395,-0.014038,-0.000244,-0.019409,-0.011841,0.008667,0.012329,-0.018920,-0.010620,268.560000,5.804300,-36.946600,-0.049805,-0.013672,0.998535,-0.537231,0.843262,-0.015259,-0.842041,-0.537231,-0.049316,652.000000,557.661000,-19.955000,303.846000,3.116000,0.039000,3.141000,0
-0.670000,2.413813,0.000000,-0.004395,-0.014038,-0.000244,-0.019409,-0.011841,0.008667,0.012329,-0.018920,-0.010620,268.560000,5.804300,-36.946600,-0.049805,-0.013672,0.998535,-0.537231,0.843262,-0.015259,-0.842041,-0.537231,-0.049316,652.000000,557.665000,-19.955000,303.850000,3.116000,0.039000,3.141000,0
-0.670000,2.420789,0.000000,-0.004395,-0.014038,-0.000244,-0.019409,-0.011841,0.008667,0.012329,-0.018920,-0.010620,268.560000,5.804300,-36.946600,-0.049805,-0.013672,0.998535,-0.537231,0.843262,-0.015259,-0.842041,-0.537231,-0.049316,652.000000,557.672000,-19.955000,303.858000,3.116000,0.039000,3.141000,0
-0.670000,2.427765,0.000000,-0.004395,-0.014038,-0.000244,-0.019532,-0.011963,0.008667,0.012451,-0.019043,-0.010620,268.560000,5.804300,-36.946600,-0.049805,-0.013672,0.998535,-0.537354,0.843140,-0.015259,-0.841919,-0.537354,-0.049316,656.000000,557.791000,-19.956000,303.992000,3.116000,0.039000,3.141000,0
-0.670000,2.434741,0.000000,-0.004395,-0.014038,-0.000244,-0.019532,-0.011963,0.008667,0.012451,-0.019043,-0.010620,268.560000,5.804300,-36.946600,-0.049805,-0.013672,0.998535,-0.537354,0.843140,-0.015259,-0.841919,-0.537354,-0.049316,656.000000,557.820000,-19.954000,303.977000,3.116000,0.039000,3.141000,0
-0.670000,2.441718,0.000000,-0.004517,-0.014038,-0.000244,-0.019532,-0.011963,0.008667,0.012451,-0.019043,-0.010742,268.560000,5.804300,-36.946600,-0.049927,-0.013672,0.998535,-0.537354,0.843140,-0.015259,-0.841919,-0.537354,-0.049439,656.000000,557.852000,-19.954000,303.956000,3.116000,0.039000,3.141000,0
-0.670000,2.448694,0.000000,-0.004517,-0.014038,-0.000244,-0.019532,-0.011963,0.008545,0.012451,-0.019165,-0.010742,268.560000,5.804300,-36.946600,-0.049927,-0.013672,0.998535,-0.537354,0.843140,-0.015381,-0.841919,-0.537476,-0.049439,652.000000,557.888000,-19.955000,303.943000,3.116000,0.039000,3.141000,0
-0.670000,2.455670,0.000000,-0.004517,-0.014038,-0.000244,-0.019532,-0.011963,0.008545,0.012451,-0.019165,-0.010742,268.560000,5.915920,-36.946600,-0.049927,-0.013672,0.998535,-0.537354,0.843140,-0.015381,-0.841919,-0.537476,-0.049439,652.000000,557.937000,-19.956000,303.929000,3.116000,0.039000,3.141000,0
-0.670000,2.459804,0.000000,-0.004517,-0.014038,-0.000244,-0.019532,-0.011963,0.008545,0.012451,-0.019165,-0.010742,268.560000,5.915920,-36.946600,-0.049927,-0.013672,0.998535,-0.537354,0.843140,-0.015381,-0.841919,-0.537476,-0.049439,652.000000,557.990000,-19.956000,303.915000,3.116000,0.039000,3.141000,0
-0.670000,2.463938,0.000000,-0.004639,-0.014038,-0.000244,-0.019532,-0.011963,0.008545,0.012451,-0.019165,-0.010864,268.560000,5.915920,-36.946600,-0.050049,-0.013672,0.998535,-0.537354,0.843140,-0.015381,-0.841919,-0.537476,-0.049561,652.000000,558.134000,-19.954000,303.890000,3.116000,0.039000,3.141000,0
-0.670000,2.468072,0.000000,-0.004639,-0.014160,-0.000244,-0.019532,-0.011963,0.008545,0.012451,-0.019165,-0.010864,268.560000,5.915920,-36.946600,-0.050049,-0.013794,0.998535,-0.537354,0.843140,-0.015381,-0.841919,-0.537476,-0.049561,652.000000,558.151000,-19.954000,303.887000,3.116000,0.039000,3.141000,0
-0.670000,2.472206,0.000000,-0.004639,-0.014160,-0.000244,-0.019654,-0.011963,0.008545,0.012573,-0.019165,-0.010864,268.560000,5.915920,-36.946600,-0.050049,-0.013794,0.998535,-0.537476,0.843140,-0.015381,-0.841797,-0.537476,-0.049561,652.000000,558.185000,-19.954000,303.882000,3.116000,0.039000,3.141000,0
-0.670000,2.476340,0.000000,-0.004639,-0.014160,-0.000244,-0.019654,-0.011963,0.008667,0.012573,-0.019165,-0.010864,268.560000,5.915920,-36.946600,-0.050049,-0.013794,0.998535,-0.537476,0.843140,-0.015259,-0.841797,-0.537476,-0.049561,652.000000,558.367000,-19.954000,303.879000,3.116000,0.039000,3.141000,0
-0.670000,2.480474,0.000000,-0.004639,-0.014160,-0.000244,-0.019654,-0.011963,0.008667,0.012573,-0.019165,-0.010864,268.560000,5.915920,-36.946600,-0.050049,-0.013794,0.998535,-0.537476,0.843140,-0.015259,-0.841797,-0.537476,-0.049561,652.000000,558.508000,-19.954000,303.877000,3.116000,0.039000,3.141000,0
-0.670000,2.484609,0.000000,-0.004639,-0.014160,-0.000244,-0.019654,-0.011963,0.008667,0.012573,-0.019165,-0.010864,268.560000,5.915920,-36.946600,-0.050049,-0.013794,0.998535,-0.537476,0.843140,-0.015259,-0.841797,-0.537476,-0.049561,652.000000,558.707000,-19.954000,303.872000,3.116000,0.039000,3.141000,0
-0.670000,2.488743,0.000000,-0.004639,-0.014160,-0.000244,-0.019654,-0.011963,0.008667,0.012573,-0.019165,-0.010864,268.560000,5.915920,-36.946600,-0.050049,-0.013794,0.998535,-0.537476,0.843140,-0.015259,-0.841797,-0.537476,-0.049561,652.000000,558.822000,-19.954000,303.864000,3.116000,0.039000,3.141000,0
-0.670000,2.492877,0.000000,-0.004639,-0.014282,-0.000244,-0.019654,-0.012085,0.008667,0.012573,-0.019165,-0.010986,268.560000,5.915920,-36.946600,-0.050049,-0.013916,0.998535,-0.537476,0.843018,-0.015259,-0.841797,-0.537476,-0.049683,656.000000,559.142000,-19.951000,303.872000,3.116000,0.039000,3.141000,0
-0.781000,2.497011,0.000000,-0.004639,-0.014282,-0.000244,-0.019776,-0.012085,0.008789,0.012573,-0.019287,-0.010986,268.449000,5.915920,-36.946600,-0.050049,-0.013916,0.998535,-0.537598,0.843018,-0.015137,-0.841797,-0.537598,-0.049683,660.000000,559.508000,-19.952000,303.913000,3.116000,0.039000,3.141000,0
-0.781000,2.501145,0.000000,-0.004639,-0.014404,-0.000244,-0.019776,-0.012085,0.008789,0.012573,-0.019287,-0.011108,268.449000,5.915920,-36.946600,-0.050049,-0.014038,0.998535,-0.537598,0.843018,-0.015137,-0.841797,-0.537598,-0.049805,664.000000,559.898000,-19.953000,303.939000,3.116000,0.039000,3.141000,0
-0.781000,2.505279,0.000000,-0.004761,-0.014404,-0.000244,-0.019776,-0.012085,0.008789,0.012573,-0.019287,-0.011108,268.449000,5.915920,-36.946600,-0.050171,-0.014038,0.998535,-0.537598,0.843018,-0.015137,-0.841797,-0.537598,-0.049805,664.000000,560.318000,-19.952000,303.940000,3.116000,0.039000,3.141000,0
-0.781000,2.509413,0.000000,-0.004761,-0.014526,-0.000244,-0.019776,-0.012085,0.008789,0.012695,-0.019409,-0.011108,268.449000,5.915920,-36.946600,-0.050171,-0.014160,0.998535,-0.537598,0.843018,-0.015137,-0.841675,-0.537720,-0.049805,664.000000,560.373000,-19.953000,303.938000,3.116000,0.039000,3.141000,0
-0.781000,2.513547,0.000000,-0.004761,-0.014526,-0.000244,-0.019898,-0.012207,0.008789,0.012695,-0.019409,-0.011230,268.449000,5.915920,-36.946600,-0.050171,-0.014160,0.998535,-0.537720,0.842896,-0.015137,-0.841675,-0.537720,-0.049927,668.000000,560.875000,-19.960000,303.930000,3.116000,0.039000,3.141000,0
-0.781000,2.517681,0.000000,-0.004761,-0.014526,-0.000244,-0.019898,-0.012207,0.008911,0.012695,-0.019409,-0.011230,268.449000,5.915920,-36.946600,-0.050171,-0.014160,0.998535,-0.537720,0.842896,-0.015015,-0.841675,-0.537720,-0.049927,668.000000,561.122000,-19.962000,303.926000,3.116000,0.039000,3.141000,0
-0.781000,2.521815,0.000000,-0.004761,-0.014648,-0.000244,-0.020020,-0.012207,0.008911,0.012695,-0.019531,-0.011230,268.449000,5.915920,-36.946600,-0.050171,-0.014282,0.998535,-0.537842,0.842896,-0.015015,-0.841675,-0.537842,-0.049927,672.000000,561.396000,-19.964000,303.923000,3.116000,0.039000,3.141000,0
-0.781000,2.525949,0.000000,-0.004883,-0.014648,-0.000244,-0.020020,-0.012207,0.008911,0.012817,-0.019531,-0.011352,268.449000,5.915920,-36.946600,-0.050293,-0.014282,0.998535,-0.537842,0.842896,-0.015015,-0.841553,-0.537842,-0.050049,672.000000,561.693000,-19.966000,303.923000,3.116000,0.039000,3.141000,0
-0.781000,2.530083,0.000000,-0.004883,-0.014648,-0.000244,-0.020020,-0.012207,0.008911,0.012817,-0.019531,-0.011352,268.449000,5.915920,-36.946600,-0.050293,-0.014282,0.998535,-0.537842,0.842896,-0.015015,-0.841553,-0.537842,-0.050049,672.000000,562.022000,-19.967000,303.931000,3.116000,0.039000,3.141000,0
-0.781000,2.534217,0.000000,-0.004883,-0.014771,-0.000244,-0.020020,-0.012330,0.008911,0.012817,-0.019653,-0.011475,268.449000,5.915920,-36.946600,-0.050293,-0.014404,0.998535,-0.537842,0.842773,-0.015015,-0.841553,-0.537964,-0.050171,676.000000,562.272000,-19.968000,303.949000,3.116000,0.039000,3.141000,0
-0.781000,2.538351,0.000000,-0.005005,-0.014771,-0.000244,-0.020142,-0.012330,0.008911,0.012817,-0.019653,-0.011475,268.449000,5.915920,-36.946600,-0.050415,-0.014404,0.998535,-0.537964,0.842773,-0.015015,-0.841553,-0.537964,-0.050171,676.000000,562.535000,-19.970000,303.976000,3.116000,0.039000,3.141000,0
-0.781000,2.542486,0.000000,-0.005005,-0.014771,-0.000244,-0.020142,-0.012330,0.008911,0.012817,-0.019653,-0.011597,268.449000,5.915920,-36.946600,-0.050415,-0.014404,0.998535,-0.537964,0.842773,-0.015015,-0.841553,-0.537964,-0.050293,680.000000,562.809000,-19.971000,304.008000,3.116000,0.039000,3.141000,0
-0.781000,2.546620,0.000000,-0.005127,-0.014893,-0.000244,-0.020142,-0.012330,0.008911,0.012939,-0.019653,-0.011597,268.449000,5.915920,-36.946600,-0.050537,-0.014526,0.998535,-0.537964,0.842773,-0.015015,-0.841431,-0.537964,-0.050293,684.000000,563.105000,-19.973000,304.014000,3.116000,0.039000,3.141000,0
-0.781000,2.550754,0.000000,-0.005127,-0.014893,-0.000244,-0.020264,-0.012330,0.008911,0.012939,-0.019775,-0.011719,268.449000,5.915920,-36.946600,-0.050537,-0.014526,0.998535,-0.538086,0.842773,-0.015015,-0.841431,-0.538086,-0.050415,684.000000,563.334000,-19.975000,304.012000,3.116000,0.039000,3.141000,0
-0.781000,2.554888,0.111600,-0.005249,-0.015015,-0.000366,-0.020264,-0.012452,0.008911,0.012939,-0.019775,-0.011841,268.449000,5.915920,-36.835000,-0.050659,-0.014648,0.998413,-0.538086,0.842651,-0.015015,-0.841431,-0.538086,-0.050537,688.000000,563.597000,-19.976000,304.017000,3.116000,0.039000,3.141000,0
-0.781000,2.559022,0.111600,-0.005249,-0.015015,-0.000366,-0.020386,-0.012452,0.008911,0.013061,-0.019897,-0.011841,268.449000,5.915920,-36.835000,-0.050659,-0.014648,0.998413,-0.538208,0.842651,-0.015015,-0.841309,-0.538208,-0.050537,692.000000,563.883000,-19.976000,304.020000,3.116000,0.039000,3.141000,0
-0.781000,2.563156,0.111600,-0.005371,-0.015137,-0.000366,-0.020386,-0.012452,0.009033,0.013061,-0.019897,-0.011963,268.449000,5.915920,-36.835000,-0.050781,-0.014771,0.998413,-0.538208,0.842651,-0.014893,-0.841309,-0.538208,-0.050659,692.000000,564.127000,-19.977000,304.016000,3.116000,0.039000,3.141000,0
-0.893000,2.567290,0.111600,-0.005493,-0.015137,-0.000366,-0.020508,-0.012574,0.009033,0.013183,-0.020019,-0.012085,268.337000,6.027540,-36.835000,-0.050903,-0.014771,0.998413,-0.538330,0.842529,-0.014893,-0.841187,-0.538330,-0.050781,696.000000,564.415000,-19.979000,304.011000,3.116000,0.039000,3.141000,0
-0.893000,2.581243,0.111600,-0.005493,-0.015259,-0.000366,-0.020508,-0.012574,0.009033,0.013183,-0.020019,-0.012207,268.337000,6.027540,-36.835000,-0.050903,-0.014893,0.998413,-0.538330,0.842529,-0.014893,-0.841187,-0.538330,-0.050903,700.000000,564.772000,-19.980000,304.006000,3.116000,0.039000,3.141000,0
-0.893000,2.595195,0.111600,-0.005615,-0.015381,-0.000366,-0.020630,-0.012696,0.009033,0.013183,-0.020141,-0.012329,268.337000,6.027540,-36.835000,-0.051025,-0.015015,0.998413,-0.538452,0.842407,-0.014893,-0.841187,-0.538452,-0.051025,704.000000,565.014000,-19.980000,304.012000,3.116000,0.039000,3.141000,0
-0.893000,2.609147,0.111600,-0.005615,-0.015381,-0.000366,-0.020752,-0.012696,0.009033,0.013306,-0.020263,-0.012451,268.337000,6.027540,-36.835000,-0.051025,-0.015015,0.998413,-0.538574,0.842407,-0.014893,-0.841064,-0.538574,-0.051147,704.000000,565.320000,-19.981000,304.021000,3.116000,0.039000,3.141000,0
-0.893000,2.623100,0.111600,-0.005737,-0.015503,-0.000366,-0.020874,-0.012818,0.009033,0.013306,-0.020385,-0.012451,268.337000,6.027540,-36.835000,-0.051147,-0.015137,0.998413,-0.538696,0.842285,-0.014893,-0.841064,-0.538696,-0.051147,708.000000,565.625000,-19.983000,304.025000,3.116000,0.039000,3.141000,0
-0.893000,2.637053,0.111600,-0.005981,-0.015625,-0.000366,-0.021118,-0.012940,0.009155,0.013550,-0.020629,-0.012817,268.337000,6.027540,-36.835000,-0.051392,-0.015259,0.998413,-0.538940,0.842163,-0.014771,-0.840820,-0.538940,-0.051514,720.000000,566.451000,-19.981000,304.043000,3.117000,0.039000,3.141000,0
-0.893000,2.651005,0.111600,-0.005981,-0.015747,-0.000366,-0.021118,-0.012940,0.009155,0.013550,-0.020629,-0.012817,268.337000,6.027540,-36.835000,-0.051392,-0.015381,0.998413,-0.538940,0.842163,-0.014771,-0.840820,-0.538940,-0.051514,724.000000,566.850000,-19.979000,304.041000,3.117000,0.039000,3.141000,0
-0.893000,2.664957,0.111600,-0.006104,-0.015869,-0.000366,-0.021241,-0.013062,0.009155,0.013672,-0.020752,-0.012939,268.337000,6.027540,-36.835000,-0.051514,-0.015503,0.998413,-0.539063,0.842041,-0.014771,-0.840698,-0.539063,-0.051636,728.000000,567.162000,-19.980000,304.048000,3.117000,0.039000,3.141000,0
-1.005000,2.678910,0.111600,-0.006104,-0.015869,-0.000366,-0.021363,-0.013062,0.009155,0.013672,-0.020874,-0.013061,268.225000,6.139160,-36.835000,-0.051514,-0.015503,0.998413,-0.539185,0.842041,-0.014771,-0.840698,-0.539185,-0.051758,732.000000,567.470000,-19.982000,304.047000,3.117000,0.039000,3.141000,0
-1.005000,2.694856,0.111600,-0.006226,-0.015991,-0.000366,-0.021485,-0.013184,0.009277,0.013794,-0.020874,-0.013184,268.225000,6.139160,-36.835000,-0.051636,-0.015625,0.998413,-0.539307,0.841919,-0.014648,-0.840576,-0.539185,-0.051880,736.000000,567.794000,-19.982000,304.051000,3.117000,0.039000,3.141000,0
-1.005000,2.710801,0.111600,-0.006348,-0.016113,-0.000366,-0.021607,-0.013184,0.009277,0.013916,-0.020996,-0.013306,268.225000,6.139160,-36.835000,-0.051758,-0.015747,0.998413,-0.539429,0.841919,-0.014648,-0.840454,-0.539307,-0.052002,744.000000,568.127000,-19.980000,304.068000,3.117000,0.039000,3.141000,0
-1.005000,2.726747,0.111600,-0.006348,-0.016235,-0.000366,-0.021607,-0.013306,0.009277,0.013916,-0.021118,-0.013428,268.225000,6.139160,-36.835000,-0.051758,-0.015869,0.998413,-0.539429,0.841797,-0.014648,-0.840454,-0.539429,-0.052124,748.000000,568.490000,-19.980000,304.094000,3.117000,0.039000,3.141000,0
-1.116000,2.742693,0.111600,-0.006592,-0.016480,-0.000366,-0.021851,-0.013428,0.009399,0.014160,-0.021362,-0.013794,268.114000,6.139160,-36.835000,-0.052002,-0.016113,0.998413,-0.539673,0.841675,-0.014526,-0.840210,-0.539673,-0.052490,760.000000,568.786000,-19.980000,304.110000,3.117000,0.039000,3.141000,0
-1.116000,2.758639,0.111600,-0.006714,-0.016602,-0.000366,-0.021973,-0.013550,0.009399,0.014160,-0.021484,-0.013916,268.114000,6.139160,-36.835000,-0.052124,-0.016235,0.998413,-0.539795,0.841553,-0.014526,-0.840210,-0.539795,-0.052612,764.000000,569.448000,-19.980000,304.143000,3.117000,0.039000,3.141000,0
-1.116000,2.774584,0.111600,-0.006836,-0.016846,-0.000366,-0.022217,-0.013672,0.009522,0.014282,-0.021606,-0.014160,268.114000,6.139160,-36.835000,-0.052246,-0.016480,0.998413,-0.540039,0.841431,-0.014404,-0.840088,-0.539917,-0.052856,776.000000,569.802000,-19.979000,304.164000,3.117000,0.039000,3.141000,0
-1.116000,2.790530,0.111600,-0.006958,-0.016968,-0.000488,-0.022339,-0.013672,0.009522,0.014404,-0.021850,-0.014282,268.114000,6.250780,-36.835000,-0.052368,-0.016602,0.998291,-0.540161,0.841431,-0.014404,-0.839966,-0.540161,-0.052978,780.000000,570.094000,-19.979000,304.173000,3.117000,0.039000,3.141000,0
-1.116000,2.809133,0.111600,-0.007080,-0.017090,-0.000488,-0.022583,-0.013916,0.009644,0.014526,-0.021972,-0.014526,268.114000,6.250780,-36.835000,-0.052490,-0.016724,0.998291,-0.540405,0.841187,-0.014282,-0.839844,-0.540283,-0.053223,792.000000,570.460000,-19.982000,304.192000,3.117000,0.039000,3.141000,0
-1.228000,2.827737,0.111600,-0.007202,-0.017334,-0.000488,-0.022705,-0.013916,0.009644,0.014648,-0.022094,-0.014648,268.002000,6.250780,-36.835000,-0.052612,-0.016968,0.998291,-0.540527,0.841187,-0.014282,-0.839722,-0.540405,-0.053345,800.000000,570.756000,-19.986000,304.211000,3.117000,0.039000,3.141000,0
-1.228000,2.846340,0.111600,-0.007324,-0.017456,-0.000488,-0.022827,-0.014039,0.009766,0.014770,-0.022216,-0.014893,268.002000,6.250780,-36.835000,-0.052734,-0.017090,0.998291,-0.540649,0.841064,-0.014160,-0.839600,-0.540527,-0.053589,808.000000,571.078000,-19.989000,304.225000,3.117000,0.039000,3.141000,0
-1.228000,2.864943,0.111600,-0.007446,-0.017578,-0.000488,-0.023072,-0.014161,0.009766,0.014892,-0.022460,-0.015137,268.002000,6.250780,-36.835000,-0.052856,-0.017212,0.998291,-0.540894,0.840942,-0.014160,-0.839478,-0.540771,-0.053833,820.000000,571.400000,-19.992000,304.236000,3.117000,0.039000,3.141000,0
-1.339000,2.883547,0.111600,-0.007568,-0.017822,-0.000488,-0.023072,-0.014283,0.009888,0.015015,-0.022583,-0.015259,267.891000,6.250780,-36.835000,-0.052978,-0.017456,0.998291,-0.540894,0.840820,-0.014038,-0.839355,-0.540894,-0.053955,828.000000,571.724000,-19.993000,304.241000,3.117000,0.039000,3.141000,0
-1.339000,2.902150,0.111600,-0.007690,-0.017944,-0.000488,-0.023316,-0.014405,0.009888,0.015137,-0.022705,-0.015503,267.891000,6.362400,-36.835000,-0.053101,-0.017578,0.998291,-0.541138,0.840698,-0.014038,-0.839233,-0.541016,-0.054199,840.000000,572.046000,-19.995000,304.236000,3.117000,0.039000,3.141000,0
-1.339000,2.916103,0.111600,-0.007813,-0.018066,-0.000488,-0.023438,-0.014405,0.010010,0.015137,-0.022827,-0.015625,267.891000,6.362400,-36.835000,-0.053223,-0.017700,0.998291,-0.541260,0.840698,-0.013916,-0.839233,-0.541138,-0.054321,848.000000,572.394000,-19.997000,304.232000,3.117000,0.039000,3.141000,0
-1.339000,2.930055,0.111600,-0.007935,-0.018189,-0.000488,-0.023560,-0.014527,0.010010,0.015259,-0.022949,-0.015869,267.891000,6.362400,-36.835000,-0.053345,-0.017822,0.998291,-0.541382,0.840576,-0.013916,-0.839111,-0.541260,-0.054565,856.000000,572.676000,-19.999000,304.229000,3.117000,0.039000,3.141000,0
-1.451000,2.944007,0.111600,-0.008179,-0.018433,-0.000488,-0.023682,-0.014649,0.010010,0.015381,-0.023071,-0.016113,267.779000,6.362400,-36.835000,-0.053589,-0.018066,0.998291,-0.541504,0.840454,-0.013916,-0.838989,-0.541382,-0.054810,872.000000,573.013000,-20.000000,304.206000,3.117000,0.039000,3.141000,0
-1.451000,2.957960,0.111600,-0.008301,-0.018555,-0.000488,-0.023804,-0.014649,0.010010,0.015503,-0.023193,-0.016235,267.779000,6.362400,-36.835000,-0.053711,-0.018188,0.998291,-0.541626,0.840454,-0.013916,-0.838867,-0.541504,-0.054932,880.000000,573.300000,-20.002000,304.199000,3.117000,0.039000,3.141000,0
-1.451000,2.971913,0.111600,-0.008545,-0.018677,-0.000488,-0.024048,-0.014771,0.010132,0.015625,-0.023315,-0.016602,267.779000,6.362400,-36.835000,-0.053955,-0.018311,0.998291,-0.541870,0.840332,-0.013794,-0.838745,-0.541626,-0.055298,896.000000,573.612000,-20.005000,304.197000,3.117000,0.039000,3.141000,0
-1.563000,2.985865,0.111600,-0.008667,-0.018799,-0.000610,-0.024048,-0.014893,0.010132,0.015625,-0.023437,-0.016724,267.667000,6.362400,-36.835000,-0.054077,-0.018433,0.998169,-0.541870,0.840210,-0.013794,-0.838745,-0.541748,-0.055420,904.000000,573.916000,-20.005000,304.191000,3.117000,0.039000,3.141000,0
-1.563000,2.999817,0.111600,-0.008789,-0.018921,-0.000610,-0.024170,-0.014893,0.010132,0.015747,-0.023559,-0.016846,267.667000,6.362400,-36.835000,-0.054199,-0.018555,0.998169,-0.541992,0.840210,-0.013794,-0.838623,-0.541870,-0.055542,916.000000,574.261000,-20.003000,304.182000,3.117000,0.039000,3.141000,0
-1.563000,3.013770,0.111600,-0.008911,-0.019165,-0.000610,-0.024292,-0.015015,0.010254,0.015869,-0.023681,-0.017212,267.667000,6.474020,-36.835000,-0.054321,-0.018799,0.998169,-0.542114,0.840088,-0.013672,-0.838501,-0.541992,-0.055908,932.000000,574.538000,-20.003000,304.171000,3.117000,0.039000,3.141000,0
-1.674000,3.029716,0.111600,-0.009033,-0.019287,-0.000610,-0.024414,-0.015015,0.010254,0.015869,-0.023803,-0.017334,267.556000,6.474020,-36.835000,-0.054443,-0.018921,0.998169,-0.542236,0.840088,-0.013672,-0.838501,-0.542114,-0.056030,940.000000,574.850000,-20.005000,304.169000,3.117000,0.039000,3.141000,0
-1.674000,3.045661,0.111600,-0.009277,-0.019531,-0.000610,-0.024658,-0.015137,0.010376,0.015991,-0.023925,-0.017578,267.556000,6.474020,-36.835000,-0.054688,-0.019165,0.998169,-0.542480,0.839966,-0.013550,-0.838379,-0.542236,-0.056274,956.000000,575.157000,-20.008000,304.164000,3.117000,0.039000,3.141000,0
-1.674000,3.061607,0.111600,-0.009399,-0.019653,-0.000610,-0.024781,-0.015259,0.010376,0.016113,-0.024047,-0.017700,267.556000,6.474020,-36.835000,-0.054810,-0.019287,0.998169,-0.542603,0.839844,-0.013550,-0.838257,-0.542358,-0.056397,968.000000,575.472000,-20.008000,304.164000,3.117000,0.039000,3.141000,0
-1.786000,3.077553,0.111600,-0.009521,-0.019775,-0.000610,-0.024903,-0.015381,0.010498,0.016235,-0.024169,-0.017944,267.444000,6.474020,-36.835000,-0.054932,-0.019409,0.998169,-0.542725,0.839722,-0.013428,-0.838135,-0.542480,-0.056641,980.000000,575.789000,-20.007000,304.177000,3.117000,0.039000,3.141000,0
-1.786000,3.093499,0.111600,-0.009643,-0.020020,-0.000610,-0.025025,-0.015503,0.010498,0.016357,-0.024414,-0.018188,267.444000,6.474020,-36.835000,-0.055054,-0.019653,0.998169,-0.542847,0.839600,-0.013428,-0.838013,-0.542725,-0.056885,996.000000,576.137000,-20.006000,304.188000,3.117000,0.039000,3.141000,0
-1.786000,3.109444,0.111600,-0.009766,-0.020264,-0.000610,-0.025147,-0.015503,0.010620,0.016479,-0.024536,-0.018433,267.444000,6.474020,-36.835000,-0.055176,-0.019897,0.998169,-0.542969,0.839600,-0.013306,-0.837891,-0.542847,-0.057129,1008.000000,576.423000,-20.006000,304.198000,3.117000,0.039000,3.141000,0
-1.897000,3.125390,0.111600,-0.010010,-0.020386,-0.000610,-0.025391,-0.015625,0.010620,0.016601,-0.024658,-0.018677,267.333000,6.585640,-36.835000,-0.055420,-0.020019,0.998169,-0.543213,0.839478,-0.013306,-0.837769,-0.542969,-0.057373,1024.000000,576.742000,-20.005000,304.218000,3.117000,0.039000,3.141000,0
-1.897000,3.147716,0.111600,-0.010132,-0.020630,-0.000610,-0.025513,-0.015748,0.010742,0.016601,-0.024780,-0.018799,267.333000,6.585640,-36.835000,-0.055542,-0.020264,0.998169,-0.543335,0.839355,-0.013184,-0.837769,-0.543091,-0.057495,1036.000000,577.056000,-20.003000,304.236000,3.117000,0.039000,3.141000,0
-1.897000,3.170042,0.111600,-0.010254,-0.020752,-0.000732,-0.025635,-0.015870,0.010742,0.016724,-0.024902,-0.019043,267.333000,6.585640,-36.835000,-0.055664,-0.020386,0.998047,-0.543457,0.839233,-0.013184,-0.837646,-0.543213,-0.057739,1048.000000,577.368000,-20.002000,304.248000,3.117000,0.039000,3.141000,0
-2.009000,3.192368,0.111600,-0.010376,-0.020996,-0.000732,-0.025879,-0.015992,0.010864,0.016846,-0.025146,-0.019287,267.221000,6.585640,-36.835000,-0.055786,-0.020630,0.998047,-0.543701,0.839111,-0.013062,-0.837524,-0.543457,-0.057983,1064.000000,577.685000,-20.000000,304.255000,3.116000,0.039000,3.141000,0
-2.009000,3.214694,0.111600,-0.010498,-0.021118,-0.000732,-0.025879,-0.015992,0.010864,0.016968,-0.025268,-0.019409,267.221000,6.585640,-36.835000,-0.055908,-0.020752,0.998047,-0.543701,0.839111,-0.013062,-0.837402,-0.543579,-0.058105,1076.000000,578.035000,-19.999000,304.273000,3.116000,0.039000,3.141000,0
-2.009000,3.237020,0.111600,-0.010620,-0.021240,-0.000732,-0.026123,-0.016114,0.010864,0.017090,-0.025390,-0.019653,267.221000,6.697270,-36.835000,-0.056030,-0.020874,0.998047,-0.543945,0.838989,-0.013062,-0.837280,-0.543701,-0.058350,1096.000000,578.321000,-19.998000,304.284000,3.116000,0.039000,3.141000,0
-2.121000,3.242335,0.111600,-0.010742,-0.021362,-0.000732,-0.026123,-0.016236,0.010986,0.017090,-0.025390,-0.019775,267.109000,6.697270,-36.835000,-0.056152,-0.020996,0.998047,-0.543945,0.838867,-0.012939,-0.837280,-0.543701,-0.058472,1104.000000,578.637000,-19.997000,304.290000,3.116000,0.039000,3.141000,0
