Dif_X,Dif_Y,Dif_Z,Dif_X1,Dif_X2,Dif_X3,Dif_Y1,Dif_Y2,Dif_Y3,Dif_Z1,Dif_Z2,Dif_Z3,NDI_X,NDI_Y,NDI_Z,NDI_Rot_X1,NDI_Rot_X2,NDI_Rot_X3,NDI_Rot_Y1,NDI_Rot_Y2,NDI_Rot_Y3,NDI_Rot_Z1,NDI_Rot_Z2,NDI_Rot_Z3,NDI_Quality,Kuka_X,Kuka_Y,Kuka_Z,Kuka_A,Kuka_B,Kuka_C,Kuka_TSL
-3.572000,3.683500,-0.334900,-0.018188,-0.026123,-0.001342,-0.027343,-0.017090,0.010620,0.018554,-0.026367,-0.028686,265.323000,-21.542900,-37.393100,-0.065063,-0.026733,0.997437,-0.547363,0.836670,-0.013306,-0.834351,-0.546875,-0.068970,1900.000000,557.640000,-19.956000,303.813000,3.116000,0.039000,3.141000,0
-3.572000,3.681859,-0.334900,-0.018066,-0.026123,-0.001342,-0.027465,-0.017090,0.010742,0.018554,-0.026489,-0.028686,265.323000,-21.542900,-37.393100,-0.064941,-0.026733,0.997437,-0.547485,0.836670,-0.013184,-0.834351,-0.546997,-0.068970,1900.000000,557.640000,-19.956000,303.813000,3.116000,0.039000,3.141000,0
-3.572000,3.680218,-0.334900,-0.018066,-0.026123,-0.001342,-0.027465,-0.017090,0.010742,0.018554,-0.026489,-0.028686,265.323000,-21.542900,-37.393100,-0.064941,-0.026733,0.997437,-0.547485,0.836670,-0.013184,-0.834351,-0.546997,-0.068970,1900.000000,557.640000,-19.956000,303.813000,3.116000,0.039000,3.141000,0
-3.572000,3.678576,-0.334900,-0.018066,-0.026123,-0.001342,-0.027465,-0.017090,0.010742,0.018554,-0.026489,-0.028686,265.323000,-21.542900,-37.393100,-0.064941,-0.026733,0.997437,-0.547485,0.836670,-0.013184,-0.834351,-0.546997,-0.068970,1900.000000,557.640000,-19.956000,303.813000,3.116000,0.039000,3.141000,0
-3.572000,3.676935,-0.334900,-0.018066,-0.026123,-0.001342,-0.027465,-0.017090,0.010742,0.018554,-0.026489,-0.028686,265.323000,-21.542900,-37.393100,-0.064941,-0.026733,0.997437,-0.547485,0.836670,-0.013184,-0.834351,-0.546997,-0.068970,1900.000000,557.640000,-19.956000,303.813000,3.116000,0.039000,3.141000,0
-3.572000,3.675294,-0.334900,-0.018188,-0.026123,-0.001342,-0.027465,-0.017090,0.010742,0.018554,-0.026489,-0.028809,265.323000,-21.542900,-37.393100,-0.065063,-0.026733,0.997437,-0.547485,0.836670,-0.013184,-0.834351,-0.546997,-0.069092,1900.000000,557.640000,-19.956000,303.813000,3.116000,0.039000,3.141000,0
-3.572000,3.673653,-0.334900,-0.018188,-0.026123,-0.001342,-0.027465,-0.017090,0.010742,0.018554,-0.026489,-0.028809,265.323000,-21.542900,-37.393100,-0.065063,-0.026733,0.997437,-0.547485,0.836670,-0.013184,-0.834351,-0.546997,-0.069092,1900.000000,557.640000,-19.956000,303.813000,3.116000,0.039000,3.141000,0
-3.572000,3.672012,-0.334900,-0.018188,-0.026245,-0.001342,-0.027465,-0.017090,0.010742,0.018554,-0.026489,-0.028809,265.323000,-21.542900,-37.393100,-0.065063,-0.026856,0.997437,-0.547485,0.836670,-0.013184,-0.834351,-0.546997,-0.069092,1900.000000,557.640000,-19.956000,303.813000,3.116000,0.039000,3.141000,0
-3.572000,3.670371,-0.334900,-0.018188,-0.026245,-0.001342,-0.027465,-0.017090,0.010742,0.018554,-0.026489,-0.028809,265.323000,-21.542900,-37.393100,-0.065063,-0.026856,0.997437,-0.547485,0.836670,-0.013184,-0.834351,-0.546997,-0.069092,1900.000000,557.640000,-19.956000,303.813000,3.116000,0.039000,3.141000,0
-3.572000,3.668729,-0.334900,-0.018188,-0.026245,-0.001342,-0.027465,-0.017090,0.010742,0.018676,-0.026489,-0.028809,265.323000,-21.542900,-37.393100,-0.065063,-0.026856,0.997437,-0.547485,0.836670,-0.013184,-0.834229,-0.546997,-0.069092,1904.000000,557.638000,-19.953000,303.794000,3.116000,0.039000,3.141000,0
-3.572000,3.667088,-0.334900,-0.018188,-0.026245,-0.001342,-0.027587,-0.017090,0.010742,0.018676,-0.026489,-0.028809,265.323000,-21.542900,-37.393100,-0.065063,-0.026856,0.997437,-0.547607,0.836670,-0.013184,-0.834229,-0.546997,-0.069092,1904.000000,557.638000,-19.953000,303.794000,3.116000,0.039000,3.141000,0
-3.572000,3.665447,-0.334900,-0.018188,-0.026245,-0.001342,-0.027587,-0.017212,0.010742,0.018676,-0.026611,-0.028809,265.323000,-21.542900,-37.393100,-0.065063,-0.026856,0.997437,-0.547607,0.836548,-0.013184,-0.834229,-0.547119,-0.069092,1904.000000,557.638000,-19.953000,303.794000,3.116000,0.039000,3.141000,0
-3.572000,3.663806,-0.334900,-0.018066,-0.026245,-0.001342,-0.027587,-0.017212,0.010742,0.018676,-0.026611,-0.028809,265.323000,-21.542900,-37.393100,-0.064941,-0.026856,0.997437,-0.547607,0.836548,-0.013184,-0.834229,-0.547119,-0.069092,1904.000000,557.638000,-19.953000,303.794000,3.116000,0.039000,3.141000,0
-3.572000,3.662165,-0.334900,-0.018066,-0.026245,-0.001342,-0.027587,-0.017212,0.010742,0.018676,-0.026611,-0.028809,265.323000,-21.542900,-37.393100,-0.064941,-0.026856,0.997437,-0.547607,0.836548,-0.013184,-0.834229,-0.547119,-0.069092,1904.000000,557.638000,-19.953000,303.794000,3.116000,0.039000,3.141000,0
-3.572000,3.660524,-0.334900,-0.018066,-0.026245,-0.001342,-0.027587,-0.017212,0.010742,0.018676,-0.026611,-0.028809,265.323000,-21.542900,-37.393100,-0.064941,-0.026856,0.997437,-0.547607,0.836548,-0.013184,-0.834229,-0.547119,-0.069092,1904.000000,557.638000,-19.953000,303.794000,3.116000,0.039000,3.141000,0
-3.572000,3.658882,-0.334900,-0.018066,-0.026245,-0.001342,-0.027587,-0.017212,0.010864,0.018676,-0.026611,-0.028809,265.323000,-21.542900,-37.393100,-0.064941,-0.026856,0.997437,-0.547607,0.836548,-0.013062,-0.834229,-0.547119,-0.069092,1904.000000,557.638000,-19.953000,303.794000,3.116000,0.039000,3.141000,0
-3.572000,3.657241,-0.334900,-0.018066,-0.026245,-0.001342,-0.027709,-0.017212,0.010864,0.018676,-0.026733,-0.028809,265.323000,-21.542900,-37.393100,-0.064941,-0.026856,0.997437,-0.547729,0.836548,-0.013062,-0.834229,-0.547241,-0.069092,1904.000000,557.638000,-19.953000,303.794000,3.116000,0.039000,3.141000,0
-3.572000,3.655600,-0.334900,-0.018066,-0.026245,-0.001342,-0.027709,-0.017212,0.010864,0.018676,-0.026733,-0.028809,265.323000,-21.542900,-37.393100,-0.064941,-0.026856,0.997437,-0.547729,0.836548,-0.013062,-0.834229,-0.547241,-0.069092,1904.000000,557.638000,-19.953000,303.794000,3.116000,0.039000,3.141000,0
-3.572000,3.653959,-0.334900,-0.018066,-0.026245,-0.001342,-0.027709,-0.017212,0.010742,0.018676,-0.026733,-0.028809,265.323000,-21.542900,-37.393100,-0.064941,-0.026856,0.997437,-0.547729,0.836548,-0.013184,-0.834229,-0.547241,-0.069092,1904.000000,557.638000,-19.953000,303.794000,3.116000,0.039000,3.141000,0
-3.572000,3.652318,-0.334900,-0.018066,-0.026245,-0.001342,-0.027709,-0.017212,0.010742,0.018676,-0.026733,-0.028809,265.323000,-21.542900,-37.393100,-0.064941,-0.026856,0.997437,-0.547729,0.836548,-0.013184,-0.834229,-0.547241,-0.069092,1904.000000,557.638000,-19.953000,303.794000,3.116000,0.039000,3.141000,0
-3.572000,3.650676,-0.334900,-0.018066,-0.026245,-0.001342,-0.027709,-0.017212,0.010742,0.018676,-0.026733,-0.028686,265.323000,-21.542900,-37.393100,-0.064941,-0.026856,0.997437,-0.547729,0.836548,-0.013184,-0.834229,-0.547241,-0.068970,1904.000000,557.638000,-19.953000,303.794000,3.116000,0.039000,3.141000,0
-3.572000,3.649035,-0.334900,-0.018066,-0.026245,-0.001342,-0.027709,-0.017212,0.010742,0.018676,-0.026733,-0.028686,265.323000,-21.542900,-37.393100,-0.064941,-0.026856,0.997437,-0.547729,0.836548,-0.013184,-0.834229,-0.547241,-0.068970,1904.000000,557.638000,-19.953000,303.794000,3.116000,0.039000,3.141000,0
-3.572000,3.647394,-0.334900,-0.018066,-0.026245,-0.001342,-0.027587,-0.017212,0.010742,0.018676,-0.026611,-0.028686,265.323000,-21.542900,-37.393100,-0.064941,-0.026856,0.997437,-0.547607,0.836548,-0.013184,-0.834229,-0.547119,-0.068970,1904.000000,557.638000,-19.953000,303.794000,3.116000,0.039000,3.141000,0
-3.572000,3.645753,-0.334900,-0.018066,-0.026245,-0.001342,-0.027587,-0.017212,0.010742,0.018676,-0.026611,-0.028686,265.323000,-21.542900,-37.393100,-0.064941,-0.026856,0.997437,-0.547607,0.836548,-0.013184,-0.834229,-0.547119,-0.068970,1904.000000,557.638000,-19.953000,303.794000,3.116000,0.039000,3.141000,0
-3.572000,3.644112,-0.334900,-0.018066,-0.026123,-0.001342,-0.027587,-0.017212,0.010742,0.018676,-0.026611,-0.028686,265.323000,-21.542900,-37.393100,-0.064941,-0.026733,0.997437,-0.547607,0.836548,-0.013184,-0.834229,-0.547119,-0.068970,1904.000000,557.638000,-19.953000,303.794000,3.116000,0.039000,3.141000,0
-3.572000,3.642471,-0.334900,-0.018066,-0.026123,-0.001342,-0.027465,-0.017090,0.010742,0.018676,-0.026489,-0.028686,265.323000,-21.542900,-37.393100,-0.064941,-0.026733,0.997437,-0.547485,0.836670,-0.013184,-0.834229,-0.546997,-0.068970,1904.000000,557.638000,-19.953000,303.794000,3.116000,0.039000,3.141000,0
-3.572000,3.640829,-0.334900,-0.018066,-0.026123,-0.001342,-0.027465,-0.017090,0.010742,0.018554,-0.026489,-0.028686,265.323000,-21.542900,-37.393100,-0.064941,-0.026733,0.997437,-0.547485,0.836670,-0.013184,-0.834351,-0.546997,-0.068970,1904.000000,557.638000,-19.953000,303.794000,3.116000,0.039000,3.141000,0
-3.572000,3.639188,-0.334900,-0.018066,-0.026123,-0.001342,-0.027465,-0.017090,0.010620,0.018554,-0.026489,-0.028686,265.323000,-21.542900,-37.393100,-0.064941,-0.026733,0.997437,-0.547485,0.836670,-0.013306,-0.834351,-0.546997,-0.068970,1904.000000,557.638000,-19.953000,303.794000,3.116000,0.039000,3.141000,0
-3.572000,3.637547,-0.334900,-0.018188,-0.026123,-0.001342,-0.027465,-0.017090,0.010620,0.018554,-0.026489,-0.028686,265.323000,-21.542900,-37.393100,-0.065063,-0.026733,0.997437,-0.547485,0.836670,-0.013306,-0.834351,-0.546997,-0.068970,1904.000000,557.638000,-19.953000,303.794000,3.116000,0.039000,3.141000,0
-3.572000,3.635906,-0.334900,-0.018188,-0.026123,-0.001342,-0.027465,-0.017090,0.010620,0.018554,-0.026489,-0.028686,265.323000,-21.542900,-37.393100,-0.065063,-0.026733,0.997437,-0.547485,0.836670,-0.013306,-0.834351,-0.546997,-0.068970,1904.000000,557.638000,-19.953000,303.794000,3.116000,0.039000,3.141000,0
-3.572000,3.634265,-0.334900,-0.018188,-0.026123,-0.001342,-0.027465,-0.017090,0.010620,0.018676,-0.026489,-0.028809,265.323000,-21.542900,-37.393100,-0.065063,-0.026733,0.997437,-0.547485,0.836670,-0.013306,-0.834229,-0.546997,-0.069092,1904.000000,557.638000,-19.953000,303.794000,3.116000,0.039000,3.141000,0
-3.572000,3.632624,-0.334900,-0.018188,-0.026123,-0.001342,-0.027465,-0.017090,0.010620,0.018676,-0.026489,-0.028809,265.323000,-21.542900,-37.393100,-0.065063,-0.026733,0.997437,-0.547485,0.836670,-0.013306,-0.834229,-0.546997,-0.069092,1904.000000,557.638000,-19.953000,303.794000,3.116000,0.039000,3.141000,0
-3.572000,3.630982,-0.334900,-0.018188,-0.026123,-0.001342,-0.027587,-0.017090,0.010620,0.018676,-0.026611,-0.028809,265.323000,-21.542900,-37.393100,-0.065063,-0.026733,0.997437,-0.547607,0.836670,-0.013306,-0.834229,-0.547119,-0.069092,1904.000000,557.638000,-19.953000,303.794000,3.116000,0.039000,3.141000,0
-3.572000,3.629341,-0.334900,-0.018188,-0.026245,-0.001342,-0.027587,-0.017212,0.010620,0.018676,-0.026611,-0.028809,265.323000,-21.542900,-37.393100,-0.065063,-0.026856,0.997437,-0.547607,0.836548,-0.013306,-0.834229,-0.547119,-0.069092,1904.000000,557.638000,-19.953000,303.794000,3.116000,0.039000,3.141000,0
-3.572000,3.627700,-0.334900,-0.018310,-0.026123,-0.001465,-0.027465,-0.017090,0.010498,0.018676,-0.026489,-0.028931,265.323000,-21.542900,-37.393100,-0.065185,-0.026733,0.997314,-0.547485,0.836670,-0.013428,-0.834229,-0.546997,-0.069214,1908.000000,557.642000,-19.956000,303.812000,3.116000,0.039000,3.141000,0
-3.572000,3.626059,-0.334900,-0.018310,-0.026123,-0.001342,-0.027465,-0.017090,0.010498,0.018554,-0.026489,-0.028809,265.323000,-21.542900,-37.393100,-0.065185,-0.026733,0.997437,-0.547485,0.836670,-0.013428,-0.834351,-0.546997,-0.069092,1908.000000,557.642000,-19.956000,303.812000,3.116000,0.039000,3.141000,0
-3.572000,3.624418,-0.334900,-0.018188,-0.026123,-0.001342,-0.027465,-0.017090,0.010620,0.018554,-0.026489,-0.028809,265.323000,-21.542900,-37.393100,-0.065063,-0.026733,0.997437,-0.547485,0.836670,-0.013306,-0.834351,-0.546997,-0.069092,1908.000000,557.642000,-19.956000,303.812000,3.116000,0.039000,3.141000,0
-3.572000,3.622776,-0.334900,-0.018188,-0.026123,-0.001342,-0.027465,-0.017090,0.010620,0.018676,-0.026489,-0.028809,265.323000,-21.542900,-37.393100,-0.065063,-0.026733,0.997437,-0.547485,0.836670,-0.013306,-0.834229,-0.546997,-0.069092,1908.000000,557.642000,-19.956000,303.812000,3.116000,0.039000,3.141000,0
-3.572000,3.621135,-0.334900,-0.018188,-0.026123,-0.001342,-0.027465,-0.017090,0.010620,0.018676,-0.026489,-0.028809,265.323000,-21.542900,-37.393100,-0.065063,-0.026733,0.997437,-0.547485,0.836670,-0.013306,-0.834229,-0.546997,-0.069092,1904.000000,557.642000,-19.956000,303.812000,3.116000,0.039000,3.141000,0
-3.572000,3.619494,-0.334900,-0.018188,-0.026123,-0.001342,-0.027587,-0.017212,0.010620,0.018676,-0.026611,-0.028809,265.323000,-21.542900,-37.393100,-0.065063,-0.026733,0.997437,-0.547607,0.836548,-0.013306,-0.834229,-0.547119,-0.069092,1904.000000,557.642000,-19.956000,303.812000,3.116000,0.039000,3.141000,0
-3.572000,3.617853,-0.334900,-0.018188,-0.026123,-0.001342,-0.027587,-0.017212,0.010620,0.018676,-0.026611,-0.028809,265.323000,-21.542900,-37.393100,-0.065063,-0.026733,0.997437,-0.547607,0.836548,-0.013306,-0.834229,-0.547119,-0.069092,1904.000000,557.643000,-19.956000,303.812000,3.116000,0.039000,3.141000,0
-3.572000,3.616212,-0.334900,-0.018188,-0.026123,-0.001342,-0.027587,-0.017212,0.010620,0.018676,-0.026611,-0.028809,265.323000,-21.542900,-37.393100,-0.065063,-0.026733,0.997437,-0.547607,0.836548,-0.013306,-0.834229,-0.547119,-0.069092,1904.000000,557.643000,-19.956000,303.812000,3.116000,0.039000,3.141000,0
-3.572000,3.614571,-0.334900,-0.017944,-0.026245,-0.001342,-0.027465,-0.017090,0.010864,0.018554,-0.026489,-0.028686,265.323000,-21.542900,-37.393100,-0.064819,-0.026856,0.997437,-0.547485,0.836670,-0.013062,-0.834351,-0.546997,-0.068970,1904.000000,557.643000,-19.956000,303.813000,3.116000,0.039000,3.141000,0
-3.572000,3.612929,-0.334900,-0.018066,-0.026245,-0.001342,-0.027465,-0.017090,0.010864,0.018554,-0.026367,-0.028686,265.323000,-21.542900,-37.393100,-0.064941,-0.026856,0.997437,-0.547485,0.836670,-0.013062,-0.834351,-0.546875,-0.068970,1904.000000,557.756000,-19.967000,303.857000,3.116000,0.039000,3.141000,0
-3.572000,3.611288,-0.334900,-0.018066,-0.026245,-0.001342,-0.027343,-0.017090,0.010742,0.018554,-0.026367,-0.028686,265.323000,-21.542900,-37.393100,-0.064941,-0.026856,0.997437,-0.547363,0.836670,-0.013184,-0.834351,-0.546875,-0.068970,1904.000000,557.830000,-19.972000,303.828000,3.116000,0.039000,3.141000,0
-3.572000,3.609647,-0.334900,-0.018066,-0.026245,-0.001342,-0.027343,-0.017090,0.010742,0.018554,-0.026367,-0.028686,265.323000,-21.542900,-37.393100,-0.064941,-0.026856,0.997437,-0.547363,0.836670,-0.013184,-0.834351,-0.546875,-0.068970,1904.000000,557.983000,-19.979000,303.838000,3.116000,0.039000,3.141000,0
-3.572000,3.608006,-0.334900,-0.018066,-0.026245,-0.001342,-0.027343,-0.017090,0.010742,0.018554,-0.026367,-0.028686,265.323000,-21.542900,-37.393100,-0.064941,-0.026856,0.997437,-0.547363,0.836670,-0.013184,-0.834351,-0.546875,-0.068970,1904.000000,558.135000,-19.974000,303.862000,3.116000,0.039000,3.141000,0
-3.572000,3.606365,-0.334900,-0.017944,-0.026245,-0.001342,-0.027343,-0.016968,0.010742,0.018554,-0.026367,-0.028686,265.323000,-21.542900,-37.393100,-0.064819,-0.026856,0.997437,-0.547363,0.836792,-0.013184,-0.834351,-0.546875,-0.068970,1904.000000,558.402000,-19.964000,303.879000,3.116000,0.039000,3.141000,0
-3.572000,3.604724,-0.334900,-0.017944,-0.026245,-0.001342,-0.027343,-0.016968,0.010742,0.018432,-0.026367,-0.028686,265.323000,-21.542900,-37.393100,-0.064819,-0.026856,0.997437,-0.547363,0.836792,-0.013184,-0.834473,-0.546875,-0.068970,1904.000000,558.460000,-19.963000,303.883000,3.116000,0.039000,3.141000,0
-3.572000,3.603082,-0.334900,-0.017944,-0.026123,-0.001342,-0.027343,-0.016968,0.010864,0.018432,-0.026367,-0.028564,265.323000,-21.542900,-37.393100,-0.064819,-0.026733,0.997437,-0.547363,0.836792,-0.013062,-0.834473,-0.546875,-0.068848,1904.000000,558.569000,-19.963000,303.882000,3.116000,0.039000,3.141000,0
-3.572000,3.601441,-0.446500,-0.017944,-0.026123,-0.001342,-0.027343,-0.016968,0.010864,0.018432,-0.026367,-0.028564,265.323000,-21.542900,-37.504700,-0.064819,-0.026733,0.997437,-0.547363,0.836792,-0.013062,-0.834473,-0.546875,-0.068848,1908.000000,558.680000,-19.965000,303.881000,3.116000,0.039000,3.141000,0
-3.572000,3.599800,-0.446500,-0.017944,-0.026123,-0.001342,-0.027343,-0.016968,0.010742,0.018432,-0.026245,-0.028564,265.323000,-21.542900,-37.504700,-0.064819,-0.026733,0.997437,-0.547363,0.836792,-0.013184,-0.834473,-0.546753,-0.068848,1908.000000,558.762000,-19.965000,303.876000,3.116000,0.039000,3.141000,0
-3.683000,3.598159,-0.446500,-0.017944,-0.026123,-0.001342,-0.027221,-0.016968,0.010742,0.018432,-0.026245,-0.028564,265.212000,-21.542900,-37.504700,-0.064819,-0.026733,0.997437,-0.547241,0.836792,-0.013184,-0.834473,-0.546753,-0.068848,1908.000000,558.864000,-19.966000,303.863000,3.116000,0.039000,3.141000,0
-3.683000,3.596518,-0.446500,-0.017944,-0.026123,-0.001342,-0.027221,-0.016968,0.010742,0.018432,-0.026245,-0.028564,265.212000,-21.542900,-37.504700,-0.064819,-0.026733,0.997437,-0.547241,0.836792,-0.013184,-0.834473,-0.546753,-0.068848,1908.000000,558.970000,-19.965000,303.860000,3.116000,0.039000,3.141000,0
-3.683000,3.594876,-0.446500,-0.017822,-0.026123,-0.001342,-0.027099,-0.016846,0.010864,0.018310,-0.026123,-0.028442,265.212000,-21.542900,-37.504700,-0.064697,-0.026733,0.997437,-0.547119,0.836914,-0.013062,-0.834595,-0.546631,-0.068726,1920.000000,559.908000,-19.970000,303.925000,3.116000,0.039000,3.141000,0
-3.795000,3.593235,-0.446500,-0.017700,-0.026123,-0.001342,-0.027099,-0.016846,0.010864,0.018310,-0.026123,-0.028442,265.100000,-21.542900,-37.504700,-0.064575,-0.026733,0.997437,-0.547119,0.836914,-0.013062,-0.834595,-0.546631,-0.068726,1924.000000,560.049000,-19.970000,303.925000,3.116000,0.039000,3.141000,0
-3.795000,3.591594,-0.558100,-0.017700,-0.026123,-0.001342,-0.027099,-0.016846,0.010864,0.018310,-0.026123,-0.028442,265.100000,-21.542900,-37.616300,-0.064575,-0.026733,0.997437,-0.547119,0.836914,-0.013062,-0.834595,-0.546631,-0.068726,1924.000000,560.534000,-19.972000,303.921000,3.116000,0.039000,3.141000,0
-3.795000,3.589953,-0.558100,-0.017700,-0.026123,-0.001342,-0.027099,-0.016846,0.010986,0.018310,-0.026123,-0.028320,265.100000,-21.542900,-37.616300,-0.064575,-0.026733,0.997437,-0.547119,0.836914,-0.012939,-0.834595,-0.546631,-0.068603,1928.000000,560.786000,-19.977000,303.922000,3.116000,0.039000,3.141000,0
-3.795000,3.588312,-0.558100,-0.017578,-0.026123,-0.001342,-0.027099,-0.016846,0.010986,0.018310,-0.026123,-0.028320,265.100000,-21.542900,-37.616300,-0.064453,-0.026733,0.997437,-0.547119,0.836914,-0.012939,-0.834595,-0.546631,-0.068603,1932.000000,560.972000,-19.981000,303.927000,3.116000,0.039000,3.141000,0
-3.795000,3.586671,-0.558100,-0.017578,-0.026123,-0.001342,-0.027099,-0.016846,0.011108,0.018310,-0.026001,-0.028198,265.100000,-21.542900,-37.616300,-0.064453,-0.026733,0.997437,-0.547119,0.836914,-0.012817,-0.834595,-0.546509,-0.068481,1936.000000,561.361000,-19.985000,303.951000,3.116000,0.039000,3.141000,0
-3.907000,3.585029,-0.558100,-0.017456,-0.026123,-0.001342,-0.026977,-0.016846,0.011108,0.018188,-0.026001,-0.028198,264.988000,-21.542900,-37.616300,-0.064331,-0.026733,0.997437,-0.546997,0.836914,-0.012817,-0.834717,-0.546509,-0.068481,1936.000000,561.603000,-19.986000,303.973000,3.116000,0.039000,3.141000,0
-3.907000,3.583388,-0.558100,-0.017456,-0.026245,-0.001342,-0.026977,-0.016846,0.011108,0.018188,-0.026001,-0.028198,264.988000,-21.542900,-37.616300,-0.064331,-0.026856,0.997437,-0.546997,0.836914,-0.012817,-0.834717,-0.546509,-0.068481,1944.000000,561.840000,-19.987000,303.979000,3.116000,0.039000,3.141000,0
-3.907000,3.581747,-0.669700,-0.017334,-0.026245,-0.001342,-0.026977,-0.016724,0.011231,0.018188,-0.026001,-0.028076,264.988000,-21.542900,-37.727900,-0.064209,-0.026856,0.997437,-0.546997,0.837036,-0.012695,-0.834717,-0.546509,-0.068359,1944.000000,562.082000,-19.989000,303.983000,3.116000,0.039000,3.141000,0
-3.907000,3.580106,-0.669700,-0.017334,-0.026245,-0.001342,-0.026977,-0.016724,0.011231,0.018188,-0.026001,-0.028076,264.988000,-21.542900,-37.727900,-0.064209,-0.026856,0.997437,-0.546997,0.837036,-0.012695,-0.834717,-0.546509,-0.068359,1948.000000,562.320000,-19.991000,303.982000,3.116000,0.039000,3.141000,0
-4.018000,3.578465,-0.669700,-0.017212,-0.026245,-0.001342,-0.026855,-0.016724,0.011231,0.018066,-0.025879,-0.027954,264.877000,-21.542900,-37.727900,-0.064087,-0.026856,0.997437,-0.546875,0.837036,-0.012695,-0.834839,-0.546387,-0.068237,1956.000000,562.556000,-19.993000,303.978000,3.116000,0.039000,3.141000,0
-4.018000,3.576824,-0.781400,-0.017090,-0.026245,-0.001342,-0.026855,-0.016724,0.011353,0.018066,-0.025757,-0.027954,264.877000,-21.542900,-37.839600,-0.063965,-0.026856,0.997437,-0.546875,0.837036,-0.012573,-0.834839,-0.546265,-0.068237,1964.000000,562.809000,-19.994000,303.969000,3.117000,0.039000,3.141000,0
-4.130000,3.575182,-0.781400,-0.016968,-0.026245,-0.001342,-0.026733,-0.016602,0.011353,0.018066,-0.025757,-0.027832,264.765000,-21.542900,-37.839600,-0.063843,-0.026856,0.997437,-0.546753,0.837158,-0.012573,-0.834839,-0.546265,-0.068115,1968.000000,563.078000,-19.994000,303.959000,3.117000,0.039000,3.141000,0
-4.241000,3.573541,-0.781400,-0.016846,-0.026245,-0.001342,-0.026611,-0.016480,0.011475,0.017944,-0.025513,-0.027710,264.654000,-21.542900,-37.839600,-0.063721,-0.026856,0.997437,-0.546631,0.837280,-0.012451,-0.834961,-0.546021,-0.067993,1980.000000,563.348000,-19.995000,303.945000,3.117000,0.039000,3.141000,0
-4.241000,3.571900,-0.893000,-0.016724,-0.026245,-0.001342,-0.026489,-0.016480,0.011597,0.017822,-0.025513,-0.027588,264.654000,-21.654500,-37.951200,-0.063599,-0.026856,0.997437,-0.546509,0.837280,-0.012329,-0.835083,-0.546021,-0.067871,1988.000000,563.653000,-19.996000,303.942000,3.117000,0.039000,3.141000,0
-4.353000,3.553300,-1.004600,-0.016479,-0.026245,-0.001342,-0.026245,-0.016358,0.011719,0.017700,-0.025268,-0.027466,264.542000,-21.654500,-38.062800,-0.063354,-0.026856,0.997437,-0.546265,0.837402,-0.012207,-0.835205,-0.545776,-0.067749,2000.000000,563.905000,-19.997000,303.948000,3.117000,0.039000,3.141000,0
-4.353000,3.534700,-1.004600,-0.016235,-0.026245,-0.001220,-0.026123,-0.016236,0.011841,0.017578,-0.025146,-0.027222,264.542000,-21.654500,-38.062800,-0.063110,-0.026856,0.997559,-0.546143,0.837524,-0.012085,-0.835327,-0.545654,-0.067505,2012.000000,564.191000,-19.999000,303.951000,3.117000,0.039000,3.141000,0
-4.465000,3.516100,-1.116200,-0.015991,-0.026245,-0.001220,-0.025878,-0.015991,0.012085,0.017334,-0.024902,-0.026978,264.430000,-21.654500,-38.174400,-0.062866,-0.026856,0.997559,-0.545898,0.837769,-0.011841,-0.835571,-0.545410,-0.067261,2028.000000,564.479000,-19.999000,303.955000,3.116000,0.039000,3.141000,0
-4.576000,3.497500,-1.227800,-0.015747,-0.026245,-0.001220,-0.025756,-0.015991,0.012207,0.017212,-0.024658,-0.026733,264.319000,-21.654500,-38.286000,-0.062622,-0.026856,0.997559,-0.545776,0.837769,-0.011719,-0.835693,-0.545166,-0.067017,2036.000000,564.767000,-19.998000,303.959000,3.116000,0.039000,3.141000,0
-4.688000,3.478900,-1.227800,-0.015503,-0.026245,-0.001220,-0.025512,-0.015869,0.012329,0.017090,-0.024536,-0.026611,264.207000,-21.654500,-38.286000,-0.062378,-0.026856,0.997559,-0.545532,0.837891,-0.011597,-0.835815,-0.545044,-0.066894,2048.000000,565.070000,-19.996000,303.979000,3.116000,0.039000,3.141000,0
-4.799000,3.460300,-1.451100,-0.015015,-0.026123,-0.001220,-0.025268,-0.015625,0.012573,0.016967,-0.024292,-0.026123,264.096000,-21.766100,-38.509300,-0.061890,-0.026733,0.997559,-0.545288,0.838135,-0.011352,-0.835938,-0.544800,-0.066406,2068.000000,565.375000,-19.996000,303.989000,3.116000,0.039000,3.141000,0
-4.911000,3.441700,-1.451100,-0.014770,-0.026123,-0.001220,-0.025146,-0.015503,0.012695,0.016845,-0.024048,-0.025879,263.984000,-21.766100,-38.509300,-0.061645,-0.026733,0.997559,-0.545166,0.838257,-0.011230,-0.836060,-0.544556,-0.066162,2080.000000,565.682000,-19.998000,303.992000,3.116000,0.039000,3.141000,0
-5.023000,3.423100,-1.562700,-0.014282,-0.026001,-0.001098,-0.024902,-0.015381,0.012817,0.016601,-0.023804,-0.025513,263.872000,-21.766100,-38.620900,-0.061157,-0.026611,0.997681,-0.544922,0.838379,-0.011108,-0.836304,-0.544312,-0.065796,2100.000000,565.982000,-20.000000,304.000000,3.116000,0.039000,3.141000,0
-5.023000,3.404500,-1.674300,-0.013916,-0.025879,-0.001098,-0.024658,-0.015259,0.012940,0.016479,-0.023681,-0.025146,263.872000,-21.766100,-38.732500,-0.060791,-0.026489,0.997681,-0.544678,0.838501,-0.010986,-0.836426,-0.544189,-0.065430,2112.000000,566.288000,-20.002000,304.012000,3.116000,0.039000,3.141000,0
-5.134000,3.385900,-1.785900,-0.013672,-0.025757,-0.001098,-0.024536,-0.015137,0.013062,0.016357,-0.023437,-0.024780,263.761000,-21.766100,-38.844100,-0.060547,-0.026367,0.997681,-0.544556,0.838623,-0.010864,-0.836548,-0.543945,-0.065063,2128.000000,566.602000,-20.001000,304.016000,3.116000,0.039000,3.141000,0
-5.246000,3.367300,-1.897600,-0.013061,-0.025635,-0.001098,-0.024169,-0.014893,0.013184,0.016113,-0.023193,-0.024292,263.649000,-21.766100,-38.955800,-0.059936,-0.026245,0.997681,-0.544189,0.838867,-0.010742,-0.836792,-0.543701,-0.064575,2148.000000,566.919000,-20.000000,304.025000,3.116000,0.039000,3.141000,0
-5.358000,3.348700,-2.009200,-0.012695,-0.025513,-0.001098,-0.023925,-0.014771,0.013306,0.015869,-0.022949,-0.023926,263.537000,-21.877700,-39.067400,-0.059570,-0.026123,0.997681,-0.543945,0.838989,-0.010620,-0.837036,-0.543457,-0.064209,2160.000000,567.237000,-20.000000,304.039000,3.116000,0.039000,3.141000,0
-5.469000,3.320775,-2.120800,-0.012329,-0.025269,-0.000976,-0.023681,-0.014649,0.013428,0.015625,-0.022705,-0.023560,263.426000,-21.877700,-39.179000,-0.059204,-0.025879,0.997803,-0.543701,0.839111,-0.010498,-0.837280,-0.543213,-0.063843,2176.000000,567.553000,-20.002000,304.046000,3.116000,0.039000,3.141000,0
-5.581000,3.292850,-2.232400,-0.011719,-0.025146,-0.000976,-0.023193,-0.014282,0.013672,0.015381,-0.022217,-0.022949,263.314000,-21.877700,-39.290600,-0.058594,-0.025757,0.997803,-0.543213,0.839478,-0.010254,-0.837524,-0.542725,-0.063232,2196.000000,567.876000,-20.002000,304.050000,3.116000,0.039000,3.141000,0
-5.581000,3.264925,-2.344000,-0.011353,-0.024902,-0.000976,-0.022949,-0.014160,0.013672,0.015136,-0.021972,-0.022461,263.314000,-21.877700,-39.402200,-0.058228,-0.025513,0.997803,-0.542969,0.839600,-0.010254,-0.837769,-0.542480,-0.062744,2208.000000,568.198000,-20.001000,304.062000,3.116000,0.039000,3.141000,0
-5.804000,3.237000,-2.455700,-0.010742,-0.024658,-0.000854,-0.022460,-0.013794,0.013916,0.014770,-0.021484,-0.021729,263.091000,-21.989400,-39.513900,-0.057617,-0.025269,0.997925,-0.542480,0.839966,-0.010010,-0.838135,-0.541992,-0.062012,2228.000000,568.515000,-19.999000,304.076000,3.116000,0.039000,3.141000,0
-5.804000,3.181200,-2.567300,-0.010254,-0.024414,-0.000854,-0.022094,-0.013550,0.014038,0.014526,-0.021118,-0.021362,263.091000,-21.989400,-39.625500,-0.057129,-0.025024,0.997925,-0.542114,0.840210,-0.009888,-0.838379,-0.541626,-0.061645,2240.000000,568.830000,-19.998000,304.079000,3.116000,0.039000,3.141000,0
-5.916000,3.125400,-2.678900,-0.009644,-0.024170,-0.000854,-0.021606,-0.013184,0.014038,0.014160,-0.020630,-0.020508,262.979000,-22.101000,-39.737100,-0.056519,-0.024780,0.997925,-0.541626,0.840576,-0.009888,-0.838745,-0.541138,-0.060791,2260.000000,569.149000,-19.998000,304.074000,3.116000,0.039000,3.141000,0
-6.027000,3.069600,-2.790500,-0.009155,-0.023926,-0.000732,-0.021118,-0.012940,0.014160,0.013794,-0.020141,-0.020020,262.868000,-22.101000,-39.848700,-0.056030,-0.024536,0.998047,-0.541138,0.840820,-0.009766,-0.839111,-0.540649,-0.060303,2272.000000,569.470000,-19.999000,304.080000,3.116000,0.039000,3.141000,0
-6.139000,3.013800,-2.902200,-0.008667,-0.023560,-0.000732,-0.020751,-0.012696,0.014160,0.013550,-0.019775,-0.019531,262.756000,-22.212600,-39.960400,-0.055542,-0.024170,0.998047,-0.540771,0.841064,-0.009766,-0.839355,-0.540283,-0.059814,2284.000000,569.781000,-20.000000,304.086000,3.117000,0.039000,3.141000,0
-6.251000,2.958000,-3.013800,-0.008057,-0.023193,-0.000732,-0.020141,-0.012329,0.014282,0.013061,-0.019165,-0.018799,262.644000,-22.212600,-40.072000,-0.054932,-0.023804,0.998047,-0.540161,0.841431,-0.009644,-0.839844,-0.539673,-0.059082,2304.000000,570.110000,-20.003000,304.097000,3.116000,0.039000,3.141000,0
-6.362000,2.902200,-3.125400,-0.007568,-0.022827,-0.000732,-0.019653,-0.011963,0.014282,0.012817,-0.018799,-0.018189,262.533000,-22.324200,-40.183600,-0.054443,-0.023438,0.998047,-0.539673,0.841797,-0.009644,-0.840088,-0.539307,-0.058472,2312.000000,570.452000,-20.007000,304.122000,3.116000,0.039000,3.141000,0
-6.474000,2.846400,-3.237000,-0.007080,-0.022583,-0.000610,-0.019287,-0.011719,0.014282,0.012451,-0.018310,-0.017578,262.421000,-22.324200,-40.295200,-0.053955,-0.023193,0.998169,-0.539307,0.842041,-0.009644,-0.840454,-0.538818,-0.057861,2324.000000,570.787000,-20.012000,304.144000,3.116000,0.039000,3.141000,0
-6.585000,2.790600,-3.460300,-0.006226,-0.021973,-0.000610,-0.018554,-0.011353,0.014282,0.011963,-0.017700,-0.016602,262.310000,-22.435800,-40.518500,-0.053101,-0.022583,0.998169,-0.538574,0.842407,-0.009644,-0.840942,-0.538208,-0.056885,2340.000000,571.119000,-20.015000,304.163000,3.116000,0.039000,3.141000,0
-6.585000,2.734750,-3.571900,-0.005615,-0.021606,-0.000610,-0.018066,-0.010987,0.014404,0.011596,-0.017212,-0.015991,262.310000,-22.435800,-40.630100,-0.052490,-0.022217,0.998169,-0.538086,0.842773,-0.009521,-0.841309,-0.537720,-0.056274,2352.000000,571.445000,-20.016000,304.180000,3.116000,0.039000,3.141000,0
-6.809000,2.678900,-3.795100,-0.004761,-0.020996,-0.000488,-0.017334,-0.010498,0.014404,0.011108,-0.016479,-0.014893,262.086000,-22.547500,-40.853300,-0.051636,-0.021606,0.998291,-0.537354,0.843262,-0.009521,-0.841797,-0.536987,-0.055176,2364.000000,571.769000,-20.016000,304.189000,3.116000,0.039000,3.141000,0
-6.809000,2.567300,-3.906700,-0.004028,-0.020630,-0.000488,-0.016723,-0.010132,0.014404,0.010620,-0.015869,-0.014038,262.086000,-22.659100,-40.964900,-0.050903,-0.021240,0.998291,-0.536743,0.843628,-0.009521,-0.842285,-0.536377,-0.054321,2372.000000,572.100000,-20.016000,304.200000,3.116000,0.039000,3.141000,0
-7.032000,2.455700,-4.130000,-0.003052,-0.019897,-0.000366,-0.015869,-0.009522,0.014526,0.010009,-0.015014,-0.012817,261.863000,-22.770700,-41.188200,-0.049927,-0.020508,0.998413,-0.535889,0.844238,-0.009399,-0.842896,-0.535522,-0.053101,2384.000000,572.419000,-20.017000,304.209000,3.116000,0.039000,3.141000,0
-7.032000,2.399900,-4.241600,-0.002319,-0.019409,-0.000366,-0.015258,-0.009156,0.014526,0.009643,-0.014526,-0.012085,261.863000,-22.770700,-41.299800,-0.049194,-0.020019,0.998413,-0.535278,0.844604,-0.009399,-0.843262,-0.535034,-0.052368,2392.000000,572.734000,-20.017000,304.217000,3.116000,0.039000,3.141000,0
-7.144000,2.344100,-4.353200,-0.001709,-0.018921,-0.000244,-0.014648,-0.008789,0.014526,0.009155,-0.013916,-0.011231,261.751000,-22.882300,-41.411400,-0.048584,-0.019531,0.998535,-0.534668,0.844971,-0.009399,-0.843750,-0.534424,-0.051514,2396.000000,573.050000,-20.016000,304.216000,3.116000,0.039000,3.141000,0
-7.255000,2.232500,-4.576500,-0.000732,-0.018188,-0.000244,-0.013793,-0.008179,0.014404,0.008545,-0.013061,-0.010010,261.640000,-22.993900,-41.634700,-0.047607,-0.018799,0.998535,-0.533813,0.845581,-0.009521,-0.844360,-0.533569,-0.050293,2404.000000,573.434000,-20.018000,304.221000,3.116000,0.039000,3.141000,0
-7.367000,2.176650,-4.688100,-0.000122,-0.017700,-0.000244,-0.013183,-0.007935,0.014282,0.008178,-0.012451,-0.009277,261.528000,-22.993900,-41.746300,-0.046997,-0.018311,0.998535,-0.533203,0.845825,-0.009644,-0.844727,-0.532959,-0.049561,2404.000000,573.689000,-20.019000,304.235000,3.116000,0.039000,3.141000,0
-7.478000,2.120800,-4.799700,0.000366,-0.017212,-0.000122,-0.012695,-0.007569,0.014160,0.007812,-0.011963,-0.008545,261.417000,-23.105600,-41.857900,-0.046509,-0.017822,0.998657,-0.532715,0.846191,-0.009766,-0.845093,-0.532471,-0.048828,2408.000000,574.001000,-20.018000,304.250000,3.116000,0.039000,3.141000,0
-7.590000,2.009200,-5.023000,0.001709,-0.015869,-0.000122,-0.011352,-0.006714,0.013794,0.006958,-0.010742,-0.006714,261.305000,-23.217200,-42.081200,-0.045166,-0.016480,0.998657,-0.531372,0.847046,-0.010132,-0.845947,-0.531250,-0.046997,2408.000000,574.500000,-20.018000,304.256000,3.117000,0.039000,3.141000,0
-7.702000,1.897600,-5.134600,0.002441,-0.015015,0.000000,-0.010742,-0.006348,0.013550,0.006469,-0.010132,-0.005615,261.193000,-23.328800,-42.192800,-0.044434,-0.015625,0.998779,-0.530762,0.847412,-0.010376,-0.846436,-0.530640,-0.045898,2404.000000,574.941000,-20.021000,304.266000,3.117000,0.039000,3.141000,0
-7.813000,1.841800,-5.246200,0.002930,-0.014404,0.000000,-0.010253,-0.006104,0.013306,0.006225,-0.009643,-0.005005,261.082000,-23.328800,-42.304400,-0.043945,-0.015015,0.998779,-0.530273,0.847656,-0.010620,-0.846680,-0.530151,-0.045288,2404.000000,575.248000,-20.024000,304.269000,3.117000,0.039000,3.141000,0
-7.813000,1.786000,-5.246200,0.003296,-0.013916,0.000000,-0.009765,-0.005738,0.013062,0.005859,-0.009155,-0.004272,261.082000,-23.440400,-42.304400,-0.043579,-0.014526,0.998779,-0.529785,0.848022,-0.010864,-0.847046,-0.529663,-0.044556,2400.000000,575.567000,-20.026000,304.277000,3.117000,0.039000,3.141000,0
-7.925000,1.674300,-5.357800,0.003906,-0.012939,0.000122,-0.009033,-0.005249,0.012695,0.005371,-0.008423,-0.003296,260.970000,-23.552100,-42.416000,-0.042969,-0.013550,0.998901,-0.529053,0.848511,-0.011230,-0.847534,-0.528931,-0.043579,2392.000000,575.888000,-20.028000,304.290000,3.117000,0.039000,3.141000,0
-7.925000,1.618500,-5.469400,0.004272,-0.012329,0.000122,-0.008422,-0.004883,0.012329,0.005005,-0.007934,-0.002686,260.970000,-23.552100,-42.527600,-0.042603,-0.012939,0.998901,-0.528442,0.848877,-0.011597,-0.847900,-0.528442,-0.042969,2384.000000,576.203000,-20.029000,304.292000,3.117000,0.039000,3.141000,0
-8.037000,1.562700,-5.581100,0.004883,-0.011353,0.000122,-0.007568,-0.004395,0.011841,0.004394,-0.007080,-0.001709,260.858000,-23.663700,-42.639300,-0.041992,-0.011963,0.998901,-0.527588,0.849365,-0.012085,-0.848511,-0.527588,-0.041992,2376.000000,576.489000,-20.029000,304.288000,3.117000,0.039000,3.141000,0
-8.037000,1.451100,-5.581100,0.005127,-0.010620,0.000122,-0.006835,-0.004029,0.011475,0.004028,-0.006470,-0.001099,260.858000,-23.775300,-42.639300,-0.041748,-0.011230,0.998901,-0.526855,0.849731,-0.012451,-0.848877,-0.526978,-0.041382,2364.000000,576.839000,-20.029000,304.291000,3.117000,0.039000,3.141000,0
-8.148000,1.339500,-5.692700,0.005615,-0.009521,0.000122,-0.005859,-0.003418,0.010742,0.003296,-0.005493,-0.000122,260.747000,-23.886900,-42.750900,-0.041260,-0.010132,0.998901,-0.525879,0.850342,-0.013184,-0.849609,-0.526001,-0.040405,2348.000000,577.156000,-20.027000,304.292000,3.117000,0.039000,3.141000,0
-8.148000,1.227900,-5.692700,0.005859,-0.008667,0.000244,-0.005249,-0.003052,0.010254,0.002929,-0.004883,0.000488,260.747000,-23.998500,-42.750900,-0.041016,-0.009277,0.999023,-0.525269,0.850708,-0.013672,-0.849976,-0.525391,-0.039795,2336.000000,577.469000,-20.025000,304.287000,3.117000,0.039000,3.141000,0
-8.148000,1.172050,-5.692700,0.006103,-0.007935,0.000244,-0.004638,-0.002686,0.009766,0.002563,-0.004272,0.001099,260.747000,-23.998500,-42.750900,-0.040772,-0.008545,0.999023,-0.524658,0.851074,-0.014160,-0.850342,-0.524780,-0.039185,2324.000000,577.781000,-20.024000,304.271000,3.117000,0.039000,3.141000,0
-8.260000,1.116200,-5.804300,0.006470,-0.006836,0.000244,-0.003784,-0.002075,0.009033,0.001953,-0.003418,0.002075,260.635000,-24.110200,-42.862500,-0.040405,-0.007446,0.999023,-0.523804,0.851685,-0.014893,-0.850952,-0.523926,-0.038208,2304.000000,578.097000,-20.022000,304.264000,3.117000,0.039000,3.141000,0
-8.260000,1.004600,-5.804300,0.006836,-0.006104,0.000244,-0.003173,-0.001709,0.008667,0.001587,-0.002807,0.002686,260.635000,-24.221800,-42.862500,-0.040039,-0.006714,0.999023,-0.523193,0.852051,-0.015259,-0.851318,-0.523315,-0.037598,2288.000000,578.415000,-20.021000,304.253000,3.117000,0.039000,3.141000,0
-8.260000,0.893000,-5.915900,0.007202,-0.005005,0.000244,-0.002197,-0.001221,0.007935,0.000976,-0.001953,0.003540,260.635000,-24.333400,-42.974100,-0.039673,-0.005615,0.999023,-0.522217,0.852539,-0.015991,-0.851929,-0.522461,-0.036743,2260.000000,578.729000,-20.020000,304.248000,3.117000,0.039000,3.141000,0
-8.260000,0.837200,-5.915900,0.007446,-0.004272,0.000244,-0.001586,-0.000855,0.007568,0.000610,-0.001343,0.004028,260.635000,-24.333400,-42.974100,-0.039429,-0.004883,0.999023,-0.521606,0.852905,-0.016357,-0.852295,-0.521851,-0.036255,2244.000000,579.045000,-20.019000,304.258000,3.117000,0.039000,3.141000,0
-8.260000,0.781400,-5.915900,0.007690,-0.003662,0.000244,-0.000976,-0.000489,0.007080,0.000244,-0.000732,0.004639,260.635000,-24.445000,-42.974100,-0.039185,-0.004272,0.999023,-0.520996,0.853271,-0.016846,-0.852661,-0.521240,-0.035645,2224.000000,579.366000,-20.020000,304.272000,3.117000,0.039000,3.141000,0
-8.371000,0.669800,-6.027500,0.008057,-0.002686,0.000367,-0.000122,0.000122,0.006470,-0.000366,0.000122,0.005371,260.524000,-24.556600,-43.085700,-0.038818,-0.003296,0.999146,-0.520142,0.853882,-0.017456,-0.853271,-0.520386,-0.034912,2196.000000,579.680000,-20.019000,304.273000,3.117000,0.039000,3.141000,0
-8.371000,0.558100,-6.027500,0.008301,-0.001953,0.000367,0.000489,0.000488,0.006104,-0.000733,0.000733,0.005981,260.524000,-24.668300,-43.085700,-0.038574,-0.002563,0.999146,-0.519531,0.854248,-0.017822,-0.853638,-0.519775,-0.034302,2176.000000,579.988000,-20.019000,304.271000,3.117000,0.039000,3.141000,0
-8.371000,0.446500,-6.027500,0.008545,-0.000977,0.000367,0.001465,0.000976,0.005371,-0.001221,0.001587,0.006714,260.524000,-24.779900,-43.085700,-0.038330,-0.001587,0.999146,-0.518555,0.854736,-0.018555,-0.854126,-0.518921,-0.033569,2144.000000,580.300000,-20.019000,304.277000,3.117000,0.039000,3.141000,0
-8.371000,0.390700,-6.027500,0.008667,-0.000366,0.000367,0.001954,0.001343,0.004883,-0.001587,0.002075,0.007202,260.524000,-24.779900,-43.085700,-0.038208,-0.000977,0.999146,-0.518066,0.855103,-0.019043,-0.854492,-0.518433,-0.033081,2124.000000,580.615000,-20.019000,304.269000,3.117000,0.039000,3.141000,0
-8.371000,0.334900,-6.027500,0.008789,0.000366,0.000367,0.002564,0.001709,0.004394,-0.001953,0.002686,0.007568,260.524000,-24.891500,-43.085700,-0.038086,-0.000244,0.999146,-0.517456,0.855469,-0.019531,-0.854858,-0.517822,-0.032715,2100.000000,580.933000,-20.020000,304.271000,3.117000,0.039000,3.141000,0
-8.371000,0.223300,-6.027500,0.008911,0.001465,0.000367,0.003418,0.002197,0.003540,-0.002442,0.003418,0.008179,260.524000,-25.003100,-43.085700,-0.037964,0.000854,0.999146,-0.516602,0.855957,-0.020386,-0.855347,-0.517090,-0.032105,2068.000000,581.244000,-20.022000,304.275000,3.117000,0.039000,3.141000,0
-8.371000,0.167500,-6.027500,0.008789,0.002197,0.000367,0.003907,0.002441,0.002930,-0.002808,0.004029,0.008545,260.524000,-25.003100,-43.085700,-0.038086,0.001587,0.999146,-0.516113,0.856201,-0.020996,-0.855713,-0.516479,-0.031738,2044.000000,581.557000,-20.024000,304.280000,3.117000,0.039000,3.141000,0
-8.371000,0.111700,-6.027500,0.008667,0.003296,0.000367,0.004761,0.002929,0.001953,-0.003296,0.004883,0.008911,260.524000,-25.114700,-43.085700,-0.038208,0.002686,0.999146,-0.515259,0.856689,-0.021973,-0.856201,-0.515625,-0.031372,2012.000000,581.878000,-20.025000,304.298000,3.117000,0.039000,3.141000,0
-8.260000,0.000000,-5.915900,0.008545,0.004028,0.000367,0.005372,0.003296,0.001221,-0.003662,0.005371,0.009155,260.635000,-25.226400,-42.974100,-0.038330,0.003418,0.999146,-0.514648,0.857056,-0.022705,-0.856567,-0.515137,-0.031128,1996.000000,582.196000,-20.027000,304.314000,3.117000,0.039000,3.141000,0
