Dif_X,Dif_Y,Dif_Z,Dif_X1,Dif_X2,Dif_X3,Dif_Y1,Dif_Y2,Dif_Y3,Dif_Z1,Dif_Z2,Dif_Z3,NDI_X,NDI_Y,NDI_Z,NDI_Rot_X1,NDI_Rot_X2,NDI_Rot_X3,NDI_Rot_Y1,NDI_Rot_Y2,NDI_Rot_Y3,NDI_Rot_Z1,NDI_Rot_Z2,NDI_Rot_Z3,NDI_Quality,Kuka_X,Kuka_Y,Kuka_Z,Kuka_A,Kuka_B,Kuka_C,Kuka_TSL
-0.447000,1.785900,-0.223200,0.000488,-0.010132,0.000000,-0.014405,-0.008789,0.008301,0.008911,-0.013916,-0.004517,269.118000,18.752300,-37.058200,-0.046020,-0.008789,0.998779,-0.532471,0.846191,-0.017090,-0.845215,-0.532593,-0.043579,412.000000,557.628000,-19.953000,303.824000,3.116000,0.039000,3.141000,0
-0.447000,1.785900,-0.223200,0.000488,-0.010132,0.000000,-0.014405,-0.008789,0.008301,0.008911,-0.013916,-0.004517,269.118000,18.752300,-37.058200,-0.046020,-0.008789,0.998779,-0.532471,0.846191,-0.017090,-0.845215,-0.532593,-0.043579,412.000000,557.628000,-19.953000,303.824000,3.116000,0.039000,3.141000,0
-0.447000,1.785900,-0.223200,0.000488,-0.010132,0.000000,-0.014405,-0.008789,0.008179,0.008911,-0.013916,-0.004639,269.118000,18.752300,-37.058200,-0.046020,-0.008789,0.998779,-0.532471,0.846191,-0.017212,-0.845215,-0.532593,-0.043701,412.000000,557.628000,-19.953000,303.824000,3.116000,0.039000,3.141000,0
-0.447000,1.785900,-0.223200,0.000366,-0.010132,0.000000,-0.014405,-0.008789,0.008179,0.008911,-0.013916,-0.004639,269.118000,18.752300,-37.058200,-0.046143,-0.008789,0.998779,-0.532471,0.846191,-0.017212,-0.845215,-0.532593,-0.043701,412.000000,557.628000,-19.953000,303.824000,3.116000,0.039000,3.141000,0
-0.447000,1.785900,-0.223200,0.000366,-0.010132,0.000000,-0.014405,-0.008789,0.008179,0.008911,-0.013916,-0.004639,269.118000,18.752300,-37.058200,-0.046143,-0.008789,0.998779,-0.532471,0.846191,-0.017212,-0.845215,-0.532593,-0.043701,412.000000,557.628000,-19.953000,303.824000,3.116000,0.039000,3.141000,0
-0.447000,1.785900,-0.223200,0.000366,-0.010132,0.000000,-0.014405,-0.008789,0.008179,0.008911,-0.013916,-0.004639,269.118000,18.752300,-37.058200,-0.046143,-0.008789,0.998779,-0.532471,0.846191,-0.017212,-0.845215,-0.532593,-0.043701,412.000000,557.628000,-19.953000,303.824000,3.116000,0.039000,3.141000,0
-0.447000,1.785900,-0.223200,0.000488,-0.010132,0.000000,-0.014405,-0.008789,0.008179,0.008911,-0.013916,-0.004517,269.118000,18.752300,-37.058200,-0.046020,-0.008789,0.998779,-0.532471,0.846191,-0.017212,-0.845215,-0.532593,-0.043579,412.000000,557.628000,-19.953000,303.824000,3.116000,0.039000,3.141000,0
-0.447000,1.785900,-0.223200,0.000488,-0.010132,0.000000,-0.014405,-0.008789,0.008179,0.008911,-0.013916,-0.004517,269.118000,18.752300,-37.058200,-0.046020,-0.008789,0.998779,-0.532471,0.846191,-0.017212,-0.845215,-0.532593,-0.043579,412.000000,557.628000,-19.953000,303.824000,3.116000,0.039000,3.141000,0
-0.447000,1.785900,-0.223200,0.000488,-0.010132,0.000000,-0.014283,-0.008667,0.008179,0.008911,-0.013916,-0.004517,269.118000,18.752300,-37.058200,-0.046020,-0.008789,0.998779,-0.532349,0.846313,-0.017212,-0.845215,-0.532593,-0.043579,412.000000,557.628000,-19.953000,303.824000,3.116000,0.039000,3.141000,0
-0.447000,1.785900,-0.223200,0.000488,-0.010132,0.000000,-0.014283,-0.008667,0.008179,0.008911,-0.013916,-0.004517,269.118000,18.752300,-37.058200,-0.046020,-0.008789,0.998779,-0.532349,0.846313,-0.017212,-0.845215,-0.532593,-0.043579,412.000000,557.628000,-19.953000,303.824000,3.116000,0.039000,3.141000,0
-0.447000,1.785900,-0.223200,0.000488,-0.010132,0.000000,-0.014283,-0.008667,0.008179,0.008911,-0.013916,-0.004517,269.118000,18.752300,-37.058200,-0.046020,-0.008789,0.998779,-0.532349,0.846313,-0.017212,-0.845215,-0.532593,-0.043579,412.000000,557.628000,-19.953000,303.824000,3.116000,0.039000,3.141000,0
-0.447000,1.785900,-0.223200,0.000366,-0.010132,0.000000,-0.014283,-0.008667,0.008179,0.008789,-0.013916,-0.004639,269.118000,18.752300,-37.058200,-0.046143,-0.008789,0.998779,-0.532349,0.846313,-0.017212,-0.845337,-0.532593,-0.043701,412.000000,557.628000,-19.953000,303.824000,3.116000,0.039000,3.141000,0
-0.447000,1.785900,-0.223200,0.000366,-0.010132,0.000000,-0.014283,-0.008667,0.008179,0.008789,-0.013916,-0.004639,269.118000,18.752300,-37.058200,-0.046143,-0.008789,0.998779,-0.532349,0.846313,-0.017212,-0.845337,-0.532593,-0.043701,412.000000,557.628000,-19.953000,303.824000,3.116000,0.039000,3.141000,0
-0.447000,1.785900,-0.223200,0.000366,-0.010132,0.000000,-0.014283,-0.008667,0.008179,0.008789,-0.013916,-0.004639,269.118000,18.752300,-37.058200,-0.046143,-0.008789,0.998779,-0.532349,0.846313,-0.017212,-0.845337,-0.532593,-0.043701,412.000000,557.628000,-19.953000,303.824000,3.116000,0.039000,3.141000,0
-0.447000,1.785900,-0.223200,0.000366,-0.010132,0.000000,-0.014283,-0.008667,0.008179,0.008789,-0.013916,-0.004639,269.118000,18.752300,-37.058200,-0.046143,-0.008789,0.998779,-0.532349,0.846313,-0.017212,-0.845337,-0.532593,-0.043701,412.000000,557.628000,-19.953000,303.824000,3.116000,0.039000,3.141000,0
-0.447000,1.785900,-0.223200,0.000366,-0.010132,0.000000,-0.014283,-0.008667,0.008179,0.008789,-0.013916,-0.004639,269.118000,18.752300,-37.058200,-0.046143,-0.008789,0.998779,-0.532349,0.846313,-0.017212,-0.845337,-0.532593,-0.043701,412.000000,557.628000,-19.953000,303.824000,3.116000,0.039000,3.141000,0
-0.447000,1.785900,-0.223200,0.000366,-0.010010,0.000000,-0.014283,-0.008667,0.008179,0.008789,-0.013916,-0.004639,269.118000,18.752300,-37.058200,-0.046143,-0.008667,0.998779,-0.532349,0.846313,-0.017212,-0.845337,-0.532593,-0.043701,412.000000,557.628000,-19.953000,303.824000,3.116000,0.039000,3.141000,0
-0.447000,1.785900,-0.223200,0.000366,-0.010010,0.000000,-0.014283,-0.008667,0.008179,0.008789,-0.013916,-0.004639,269.118000,18.752300,-37.058200,-0.046143,-0.008667,0.998779,-0.532349,0.846313,-0.017212,-0.845337,-0.532593,-0.043701,412.000000,557.628000,-19.953000,303.824000,3.116000,0.039000,3.141000,0
-0.447000,1.785900,-0.223200,0.000366,-0.010010,0.000000,-0.014283,-0.008667,0.008179,0.008789,-0.013916,-0.004639,269.118000,18.752300,-37.058200,-0.046143,-0.008667,0.998779,-0.532349,0.846313,-0.017212,-0.845337,-0.532593,-0.043701,412.000000,557.628000,-19.953000,303.824000,3.116000,0.039000,3.141000,0
-0.447000,1.785900,-0.223200,0.000366,-0.010010,0.000000,-0.014283,-0.008667,0.008179,0.008789,-0.013916,-0.004639,269.118000,18.752300,-37.058200,-0.046143,-0.008667,0.998779,-0.532349,0.846313,-0.017212,-0.845337,-0.532593,-0.043701,412.000000,557.628000,-19.953000,303.824000,3.116000,0.039000,3.141000,0
-0.447000,1.785900,-0.223200,0.000366,-0.010010,0.000000,-0.014283,-0.008667,0.008179,0.008789,-0.013916,-0.004639,269.118000,18.752300,-37.058200,-0.046143,-0.008667,0.998779,-0.532349,0.846313,-0.017212,-0.845337,-0.532593,-0.043701,412.000000,557.628000,-19.953000,303.824000,3.116000,0.039000,3.141000,0
-0.447000,1.785900,-0.223200,0.000366,-0.010010,0.000000,-0.014283,-0.008667,0.008179,0.008789,-0.013916,-0.004639,269.118000,18.752300,-37.058200,-0.046143,-0.008667,0.998779,-0.532349,0.846313,-0.017212,-0.845337,-0.532593,-0.043701,412.000000,557.628000,-19.953000,303.824000,3.116000,0.039000,3.141000,0
-0.447000,1.785900,-0.223200,0.000366,-0.010010,0.000000,-0.014283,-0.008667,0.008179,0.008789,-0.013916,-0.004639,269.118000,18.752300,-37.058200,-0.046143,-0.008667,0.998779,-0.532349,0.846313,-0.017212,-0.845337,-0.532593,-0.043701,412.000000,557.628000,-19.953000,303.824000,3.116000,0.039000,3.141000,0
-0.447000,1.785900,-0.223200,0.000366,-0.010010,0.000000,-0.014283,-0.008667,0.008179,0.008789,-0.013916,-0.004639,269.118000,18.752300,-37.058200,-0.046143,-0.008667,0.998779,-0.532349,0.846313,-0.017212,-0.845337,-0.532593,-0.043701,412.000000,557.628000,-19.953000,303.824000,3.116000,0.039000,3.141000,0
-0.447000,1.785900,-0.223200,0.000366,-0.010010,0.000000,-0.014283,-0.008667,0.008179,0.008789,-0.013916,-0.004639,269.118000,18.752300,-37.058200,-0.046143,-0.008667,0.998779,-0.532349,0.846313,-0.017212,-0.845337,-0.532593,-0.043701,408.000000,557.628000,-19.953000,303.824000,3.116000,0.039000,3.141000,0
-0.447000,1.785900,-0.223200,0.000366,-0.010010,0.000000,-0.014283,-0.008667,0.008179,0.008789,-0.013916,-0.004639,269.118000,18.752300,-37.058200,-0.046143,-0.008667,0.998779,-0.532349,0.846313,-0.017212,-0.845337,-0.532593,-0.043701,408.000000,557.628000,-19.953000,303.824000,3.116000,0.039000,3.141000,0
-0.447000,1.785900,-0.223200,0.000366,-0.010010,0.000000,-0.014283,-0.008667,0.008179,0.008789,-0.013916,-0.004639,269.118000,18.752300,-37.058200,-0.046143,-0.008667,0.998779,-0.532349,0.846313,-0.017212,-0.845337,-0.532593,-0.043701,408.000000,557.628000,-19.953000,303.824000,3.116000,0.039000,3.141000,0
-0.447000,1.785900,-0.223200,0.000366,-0.010010,0.000000,-0.014283,-0.008667,0.008179,0.008789,-0.013916,-0.004639,269.118000,18.752300,-37.058200,-0.046143,-0.008667,0.998779,-0.532349,0.846313,-0.017212,-0.845337,-0.532593,-0.043701,408.000000,557.628000,-19.953000,303.824000,3.116000,0.039000,3.141000,0
-0.447000,1.785900,-0.223200,0.000366,-0.010010,0.000000,-0.014283,-0.008667,0.008179,0.008789,-0.013916,-0.004639,269.118000,18.752300,-37.058200,-0.046143,-0.008667,0.998779,-0.532349,0.846313,-0.017212,-0.845337,-0.532593,-0.043701,408.000000,557.628000,-19.953000,303.824000,3.116000,0.039000,3.141000,0
-0.447000,1.785900,-0.223200,0.000366,-0.010010,0.000000,-0.014283,-0.008667,0.008179,0.008789,-0.013916,-0.004639,269.118000,18.752300,-37.058200,-0.046143,-0.008667,0.998779,-0.532349,0.846313,-0.017212,-0.845337,-0.532593,-0.043701,408.000000,557.628000,-19.953000,303.824000,3.116000,0.039000,3.141000,0
-0.447000,1.785900,-0.223200,0.000366,-0.010010,0.000000,-0.014283,-0.008667,0.008179,0.008789,-0.013916,-0.004639,269.118000,18.752300,-37.058200,-0.046143,-0.008667,0.998779,-0.532349,0.846313,-0.017212,-0.845337,-0.532593,-0.043701,408.000000,557.628000,-19.953000,303.824000,3.116000,0.039000,3.141000,0
-0.447000,1.785900,-0.223200,0.000366,-0.010010,0.000000,-0.014283,-0.008667,0.008179,0.008789,-0.013916,-0.004639,269.118000,18.752300,-37.058200,-0.046143,-0.008667,0.998779,-0.532349,0.846313,-0.017212,-0.845337,-0.532593,-0.043701,408.000000,557.628000,-19.953000,303.824000,3.116000,0.039000,3.141000,0
-0.447000,1.785900,-0.223200,0.000366,-0.010010,0.000000,-0.014283,-0.008667,0.008179,0.008789,-0.013916,-0.004639,269.118000,18.752300,-37.058200,-0.046143,-0.008667,0.998779,-0.532349,0.846313,-0.017212,-0.845337,-0.532593,-0.043701,408.000000,557.628000,-19.953000,303.824000,3.116000,0.039000,3.141000,0
-0.447000,1.785900,-0.223200,0.000366,-0.010010,0.000000,-0.014283,-0.008667,0.008057,0.008789,-0.013916,-0.004639,269.118000,18.752300,-37.058200,-0.046143,-0.008667,0.998779,-0.532349,0.846313,-0.017334,-0.845337,-0.532593,-0.043701,408.000000,557.628000,-19.953000,303.824000,3.116000,0.039000,3.141000,0
-0.447000,1.785900,-0.223200,0.000366,-0.010010,0.000000,-0.014283,-0.008667,0.008057,0.008789,-0.013916,-0.004639,269.118000,18.752300,-37.058200,-0.046143,-0.008667,0.998779,-0.532349,0.846313,-0.017334,-0.845337,-0.532593,-0.043701,408.000000,557.628000,-19.953000,303.824000,3.116000,0.039000,3.141000,0
-0.447000,1.785900,-0.223200,0.000366,-0.010010,0.000000,-0.014283,-0.008667,0.008179,0.008789,-0.013916,-0.004639,269.118000,18.752300,-37.058200,-0.046143,-0.008667,0.998779,-0.532349,0.846313,-0.017212,-0.845337,-0.532593,-0.043701,408.000000,557.628000,-19.953000,303.824000,3.116000,0.039000,3.141000,0
-0.447000,1.785900,-0.223200,0.000366,-0.010010,0.000000,-0.014283,-0.008667,0.008179,0.008789,-0.013916,-0.004639,269.118000,18.752300,-37.058200,-0.046143,-0.008667,0.998779,-0.532349,0.846313,-0.017212,-0.845337,-0.532593,-0.043701,408.000000,557.628000,-19.953000,303.824000,3.116000,0.039000,3.141000,0
-0.447000,1.785900,-0.223200,0.000366,-0.010010,0.000000,-0.014283,-0.008667,0.008179,0.008789,-0.013916,-0.004639,269.118000,18.752300,-37.058200,-0.046143,-0.008667,0.998779,-0.532349,0.846313,-0.017212,-0.845337,-0.532593,-0.043701,408.000000,557.628000,-19.953000,303.824000,3.116000,0.039000,3.141000,0
-0.447000,1.785900,-0.223200,0.000366,-0.010010,0.000000,-0.014283,-0.008667,0.008179,0.008789,-0.013916,-0.004639,269.118000,18.752300,-37.058200,-0.046143,-0.008667,0.998779,-0.532349,0.846313,-0.017212,-0.845337,-0.532593,-0.043701,408.000000,557.628000,-19.953000,303.824000,3.116000,0.039000,3.141000,0
-0.447000,1.785900,-0.223200,0.000366,-0.010010,0.000000,-0.014283,-0.008667,0.008179,0.008789,-0.013916,-0.004639,269.118000,18.752300,-37.058200,-0.046143,-0.008667,0.998779,-0.532349,0.846313,-0.017212,-0.845337,-0.532593,-0.043701,408.000000,557.628000,-19.953000,303.824000,3.116000,0.039000,3.141000,0
-0.447000,1.785900,-0.223200,0.000366,-0.010132,0.000000,-0.014283,-0.008667,0.008179,0.008789,-0.013916,-0.004639,269.118000,18.752300,-37.058200,-0.046143,-0.008789,0.998779,-0.532349,0.846313,-0.017212,-0.845337,-0.532593,-0.043701,408.000000,557.628000,-19.953000,303.824000,3.116000,0.039000,3.141000,0
-0.447000,1.785900,-0.223200,0.000610,-0.010132,0.000000,-0.014161,-0.008667,0.008423,0.008789,-0.013794,-0.004395,269.118000,18.752300,-37.058200,-0.045898,-0.008789,0.998779,-0.532227,0.846313,-0.016968,-0.845337,-0.532471,-0.043457,412.000000,557.632000,-19.953000,303.827000,3.116000,0.039000,3.141000,0
-0.447000,1.785900,-0.223200,0.000610,-0.010132,0.000000,-0.014161,-0.008667,0.008423,0.008789,-0.013794,-0.004395,269.118000,18.752300,-37.058200,-0.045898,-0.008789,0.998779,-0.532227,0.846313,-0.016968,-0.845337,-0.532471,-0.043457,412.000000,557.633000,-19.953000,303.828000,3.116000,0.039000,3.141000,0
-0.447000,1.785900,-0.223200,0.000610,-0.010132,0.000000,-0.014161,-0.008667,0.008423,0.008789,-0.013794,-0.004517,269.118000,18.752300,-37.058200,-0.045898,-0.008789,0.998779,-0.532227,0.846313,-0.016968,-0.845337,-0.532471,-0.043579,412.000000,557.636000,-19.953000,303.830000,3.116000,0.039000,3.141000,0
-0.447000,1.674300,-0.223200,0.000366,-0.010132,0.000000,-0.014161,-0.008544,0.008179,0.008667,-0.013672,-0.004639,269.118000,18.640700,-37.058200,-0.046143,-0.008789,0.998779,-0.532227,0.846436,-0.017212,-0.845459,-0.532349,-0.043701,416.000000,557.640000,-19.954000,303.834000,3.116000,0.039000,3.141000,0
-0.447000,1.674300,-0.223200,0.000366,-0.010132,0.000000,-0.014161,-0.008544,0.008179,0.008667,-0.013672,-0.004639,269.118000,18.640700,-37.058200,-0.046143,-0.008789,0.998779,-0.532227,0.846436,-0.017212,-0.845459,-0.532349,-0.043701,416.000000,557.687000,-19.954000,303.885000,3.116000,0.039000,3.141000,0
-0.447000,1.674300,-0.223200,0.000366,-0.010132,0.000000,-0.014161,-0.008544,0.008179,0.008667,-0.013672,-0.004639,269.118000,18.640700,-37.058200,-0.046143,-0.008789,0.998779,-0.532227,0.846436,-0.017212,-0.845459,-0.532349,-0.043701,416.000000,557.710000,-19.955000,303.908000,3.116000,0.039000,3.141000,0
-0.447000,1.674300,-0.223200,0.000366,-0.010132,0.000000,-0.014161,-0.008544,0.008179,0.008667,-0.013672,-0.004639,269.118000,18.640700,-37.058200,-0.046143,-0.008789,0.998779,-0.532227,0.846436,-0.017212,-0.845459,-0.532349,-0.043701,416.000000,557.729000,-19.955000,303.927000,3.116000,0.039000,3.141000,0
-0.447000,1.674300,-0.223200,0.000366,-0.010132,0.000000,-0.014161,-0.008544,0.008179,0.008667,-0.013672,-0.004639,269.118000,18.640700,-37.058200,-0.046143,-0.008789,0.998779,-0.532227,0.846436,-0.017212,-0.845459,-0.532349,-0.043701,416.000000,557.741000,-19.955000,303.942000,3.116000,0.039000,3.141000,0
-0.447000,1.674300,-0.223200,0.000366,-0.010132,0.000000,-0.014161,-0.008544,0.008179,0.008667,-0.013672,-0.004639,269.118000,18.640700,-37.058200,-0.046143,-0.008789,0.998779,-0.532227,0.846436,-0.017212,-0.845459,-0.532349,-0.043701,416.000000,557.754000,-19.956000,303.961000,3.116000,0.039000,3.141000,0
-0.447000,1.785900,-0.223200,0.000244,-0.010132,0.000000,-0.014283,-0.008667,0.008179,0.008789,-0.013916,-0.004761,269.118000,18.752300,-37.058200,-0.046265,-0.008789,0.998779,-0.532349,0.846313,-0.017212,-0.845337,-0.532593,-0.043823,416.000000,557.761000,-19.956000,303.971000,3.116000,0.039000,3.141000,0
-0.447000,1.785900,-0.223200,0.000244,-0.010132,0.000000,-0.014283,-0.008667,0.008301,0.008789,-0.013916,-0.004761,269.118000,18.752300,-37.058200,-0.046265,-0.008789,0.998779,-0.532349,0.846313,-0.017090,-0.845337,-0.532593,-0.043823,416.000000,558.793000,-19.955000,303.894000,3.116000,0.039000,3.141000,0
-0.447000,1.785900,-0.223200,0.000244,-0.010254,0.000000,-0.014283,-0.008667,0.008301,0.008911,-0.013916,-0.004761,269.118000,18.752300,-37.058200,-0.046265,-0.008911,0.998779,-0.532349,0.846313,-0.017090,-0.845215,-0.532593,-0.043823,416.000000,558.900000,-19.955000,303.894000,3.116000,0.039000,3.141000,0
-0.447000,1.785900,-0.223200,0.000244,-0.010254,0.000000,-0.014283,-0.008667,0.008301,0.008911,-0.013916,-0.004761,269.118000,18.752300,-37.058200,-0.046265,-0.008911,0.998779,-0.532349,0.846313,-0.017090,-0.845215,-0.532593,-0.043823,420.000000,559.138000,-19.952000,303.894000,3.116000,0.039000,3.141000,0
-0.447000,1.785900,-0.223200,0.000244,-0.010376,0.000000,-0.014405,-0.008789,0.008301,0.008911,-0.013916,-0.004883,269.118000,18.752300,-37.058200,-0.046265,-0.009033,0.998779,-0.532471,0.846191,-0.017090,-0.845215,-0.532593,-0.043945,420.000000,559.435000,-19.950000,303.905000,3.116000,0.039000,3.141000,0
-0.447000,1.785900,-0.223200,0.000244,-0.010376,0.000000,-0.014405,-0.008789,0.008423,0.008911,-0.013916,-0.004883,269.118000,18.752300,-37.058200,-0.046265,-0.009033,0.998779,-0.532471,0.846191,-0.016968,-0.845215,-0.532593,-0.043945,420.000000,559.976000,-19.954000,303.904000,3.116000,0.039000,3.141000,0
-0.447000,1.785900,-0.223200,0.000244,-0.010376,0.000000,-0.014405,-0.008789,0.008423,0.008911,-0.013916,-0.004883,269.118000,18.752300,-37.058200,-0.046265,-0.009033,0.998779,-0.532471,0.846191,-0.016968,-0.845215,-0.532593,-0.043945,420.000000,560.177000,-19.955000,303.905000,3.116000,0.039000,3.141000,0
-0.447000,1.785900,-0.223200,0.000244,-0.010376,0.000000,-0.014405,-0.008789,0.008423,0.008911,-0.014038,-0.004883,269.118000,18.752300,-37.058200,-0.046265,-0.009033,0.998779,-0.532471,0.846191,-0.016968,-0.845215,-0.532715,-0.043945,424.000000,560.375000,-19.954000,303.916000,3.116000,0.039000,3.141000,0
-0.447000,1.785900,-0.223200,0.000244,-0.010498,0.000000,-0.014405,-0.008789,0.008423,0.008911,-0.014038,-0.004883,269.118000,18.752300,-37.058200,-0.046265,-0.009155,0.998779,-0.532471,0.846191,-0.016968,-0.845215,-0.532715,-0.043945,424.000000,560.559000,-19.954000,303.935000,3.116000,0.039000,3.141000,0
-0.447000,1.785900,-0.223200,0.000244,-0.010498,0.000000,-0.014405,-0.008789,0.008423,0.008911,-0.014038,-0.004883,269.118000,18.752300,-37.058200,-0.046265,-0.009155,0.998779,-0.532471,0.846191,-0.016968,-0.845215,-0.532715,-0.043945,424.000000,560.803000,-19.957000,303.949000,3.116000,0.039000,3.141000,0
-0.447000,1.785900,-0.223200,0.000244,-0.010498,0.000000,-0.014527,-0.008789,0.008423,0.008911,-0.014038,-0.005005,269.118000,18.752300,-37.058200,-0.046265,-0.009155,0.998779,-0.532593,0.846191,-0.016968,-0.845215,-0.532715,-0.044067,424.000000,560.950000,-19.960000,303.948000,3.116000,0.039000,3.141000,0
-0.447000,1.785900,-0.223200,0.000244,-0.010498,0.000000,-0.014527,-0.008789,0.008423,0.009033,-0.014160,-0.005005,269.118000,18.752300,-37.058200,-0.046265,-0.009155,0.998779,-0.532593,0.846191,-0.016968,-0.845093,-0.532837,-0.044067,424.000000,561.208000,-19.963000,303.941000,3.116000,0.039000,3.141000,0
-0.447000,1.785900,-0.223200,0.000244,-0.010620,0.000000,-0.014527,-0.008911,0.008423,0.009033,-0.014160,-0.005005,269.118000,18.752300,-37.058200,-0.046265,-0.009277,0.998779,-0.532593,0.846069,-0.016968,-0.845093,-0.532837,-0.044067,428.000000,561.385000,-19.962000,303.941000,3.116000,0.039000,3.141000,0
-0.447000,1.785900,-0.223200,0.000000,-0.010742,0.000000,-0.014893,-0.009033,0.008545,0.009155,-0.014404,-0.005249,269.118000,18.752300,-37.058200,-0.046509,-0.009399,0.998779,-0.532959,0.845947,-0.016846,-0.844971,-0.533081,-0.044311,432.000000,561.590000,-19.961000,303.947000,3.116000,0.039000,3.141000,0
-0.558000,1.785900,-0.223200,0.000000,-0.010864,0.000000,-0.014893,-0.009033,0.008545,0.009277,-0.014526,-0.005249,269.007000,18.752300,-37.058200,-0.046509,-0.009521,0.998779,-0.532959,0.845947,-0.016846,-0.844849,-0.533203,-0.044311,436.000000,563.451000,-19.977000,304.009000,3.116000,0.039000,3.141000,0
-0.558000,1.785900,-0.223200,0.000000,-0.010864,0.000000,-0.015015,-0.009155,0.008545,0.009277,-0.014526,-0.005371,269.007000,18.752300,-37.058200,-0.046509,-0.009521,0.998779,-0.533081,0.845825,-0.016846,-0.844849,-0.533203,-0.044434,436.000000,563.741000,-19.976000,304.012000,3.116000,0.039000,3.141000,0
-0.558000,1.785900,-0.223200,0.000000,-0.010864,0.000000,-0.015015,-0.009155,0.008545,0.009277,-0.014648,-0.005371,269.007000,18.752300,-37.058200,-0.046509,-0.009521,0.998779,-0.533081,0.845825,-0.016846,-0.844849,-0.533325,-0.044434,440.000000,563.978000,-19.975000,304.015000,3.117000,0.039000,3.141000,0
-0.558000,1.897600,-0.223200,-0.000122,-0.010864,0.000000,-0.015137,-0.009155,0.008545,0.009399,-0.014648,-0.005371,269.007000,18.864000,-37.058200,-0.046631,-0.009521,0.998779,-0.533203,0.845825,-0.016846,-0.844727,-0.533325,-0.044434,440.000000,564.172000,-19.975000,304.016000,3.117000,0.039000,3.141000,0
-0.558000,1.897600,-0.223200,-0.000122,-0.010986,0.000000,-0.015137,-0.009277,0.008545,0.009399,-0.014770,-0.005493,269.007000,18.864000,-37.058200,-0.046631,-0.009644,0.998779,-0.533203,0.845703,-0.016846,-0.844727,-0.533447,-0.044556,440.000000,564.520000,-19.979000,304.012000,3.117000,0.039000,3.141000,0
-0.558000,1.897600,-0.223200,-0.000122,-0.010986,0.000000,-0.015259,-0.009277,0.008667,0.009522,-0.014770,-0.005493,269.007000,18.864000,-37.058200,-0.046631,-0.009644,0.998779,-0.533325,0.845703,-0.016724,-0.844604,-0.533447,-0.044556,444.000000,565.093000,-19.981000,304.020000,3.117000,0.039000,3.141000,0
-0.558000,1.897600,-0.223200,-0.000244,-0.010986,0.000000,-0.015259,-0.009277,0.008667,0.009522,-0.014892,-0.005615,269.007000,18.864000,-37.058200,-0.046753,-0.009644,0.998779,-0.533325,0.845703,-0.016724,-0.844604,-0.533569,-0.044678,444.000000,565.401000,-19.980000,304.031000,3.117000,0.039000,3.141000,0
-0.558000,1.897600,-0.223200,-0.000244,-0.011108,-0.000122,-0.015381,-0.009399,0.008667,0.009522,-0.015014,-0.005615,269.007000,18.864000,-37.058200,-0.046753,-0.009766,0.998657,-0.533447,0.845581,-0.016724,-0.844604,-0.533691,-0.044678,448.000000,565.707000,-19.981000,304.036000,3.117000,0.039000,3.141000,0
-0.558000,1.897600,-0.223200,-0.000366,-0.011108,-0.000122,-0.015503,-0.009399,0.008667,0.009644,-0.015014,-0.005737,269.007000,18.864000,-37.058200,-0.046875,-0.009766,0.998657,-0.533569,0.845581,-0.016724,-0.844482,-0.533691,-0.044800,448.000000,566.040000,-19.983000,304.044000,3.117000,0.039000,3.141000,0
-0.558000,1.897600,-0.223200,-0.000366,-0.011230,-0.000122,-0.015503,-0.009399,0.008667,0.009644,-0.015136,-0.005737,269.007000,18.864000,-37.058200,-0.046875,-0.009888,0.998657,-0.533569,0.845581,-0.016724,-0.844482,-0.533813,-0.044800,452.000000,566.315000,-19.982000,304.051000,3.117000,0.039000,3.141000,0
-0.558000,1.897600,-0.223200,-0.000366,-0.011230,-0.000122,-0.015625,-0.009521,0.008667,0.009644,-0.015136,-0.005859,269.007000,18.864000,-37.058200,-0.046875,-0.009888,0.998657,-0.533691,0.845459,-0.016724,-0.844482,-0.533813,-0.044922,452.000000,566.625000,-19.979000,304.052000,3.117000,0.039000,3.141000,0
-0.558000,1.897600,-0.223200,-0.000488,-0.011353,-0.000122,-0.015625,-0.009521,0.008667,0.009766,-0.015259,-0.005981,269.007000,18.864000,-37.058200,-0.046997,-0.010010,0.998657,-0.533691,0.845459,-0.016724,-0.844360,-0.533936,-0.045044,456.000000,566.937000,-19.977000,304.056000,3.117000,0.039000,3.141000,0
-0.558000,1.897600,-0.223200,-0.000488,-0.011475,-0.000122,-0.015870,-0.009643,0.008789,0.009888,-0.015381,-0.006103,269.007000,18.864000,-37.058200,-0.046997,-0.010132,0.998657,-0.533936,0.845337,-0.016602,-0.844238,-0.534058,-0.045166,460.000000,567.250000,-19.977000,304.066000,3.117000,0.039000,3.141000,0
-0.558000,1.897600,-0.223200,-0.000610,-0.011475,-0.000122,-0.015870,-0.009643,0.008789,0.009888,-0.015381,-0.006103,269.007000,18.864000,-37.058200,-0.047119,-0.010132,0.998657,-0.533936,0.845337,-0.016602,-0.844238,-0.534058,-0.045166,464.000000,567.928000,-19.977000,304.088000,3.117000,0.039000,3.141000,0
-0.558000,2.009200,-0.223200,-0.000610,-0.011597,-0.000122,-0.015992,-0.009765,0.008911,0.010010,-0.015625,-0.006226,269.007000,18.975600,-37.058200,-0.047119,-0.010254,0.998657,-0.534058,0.845215,-0.016480,-0.844116,-0.534302,-0.045288,468.000000,568.231000,-19.978000,304.108000,3.117000,0.039000,3.141000,0
-0.558000,2.009200,-0.223200,-0.000610,-0.011719,-0.000122,-0.016114,-0.009887,0.008911,0.010010,-0.015625,-0.006348,269.007000,18.975600,-37.058200,-0.047119,-0.010376,0.998657,-0.534180,0.845093,-0.016480,-0.844116,-0.534302,-0.045410,472.000000,568.887000,-19.980000,304.148000,3.117000,0.039000,3.141000,0
-0.670000,2.009200,-0.223200,-0.000610,-0.011719,-0.000122,-0.016114,-0.009887,0.008911,0.010132,-0.015747,-0.006348,268.895000,18.975600,-37.058200,-0.047119,-0.010376,0.998657,-0.534180,0.845093,-0.016480,-0.843994,-0.534424,-0.045410,476.000000,569.218000,-19.980000,304.155000,3.117000,0.039000,3.141000,0
-0.670000,2.009200,-0.223200,-0.000732,-0.011841,-0.000122,-0.016236,-0.009887,0.008911,0.010132,-0.015747,-0.006348,268.895000,18.975600,-37.058200,-0.047241,-0.010498,0.998657,-0.534302,0.845093,-0.016480,-0.843994,-0.534424,-0.045410,480.000000,569.546000,-19.980000,304.169000,3.117000,0.039000,3.141000,0
-0.670000,2.009200,-0.223200,-0.000732,-0.011841,-0.000122,-0.016358,-0.010009,0.009033,0.010132,-0.015869,-0.006470,268.895000,18.975600,-37.058200,-0.047241,-0.010498,0.998657,-0.534424,0.844971,-0.016357,-0.843994,-0.534546,-0.045532,484.000000,569.884000,-19.979000,304.177000,3.117000,0.039000,3.141000,0
-0.670000,2.009200,-0.223200,-0.000854,-0.011963,-0.000122,-0.016358,-0.010009,0.009033,0.010254,-0.015869,-0.006592,268.895000,18.975600,-37.058200,-0.047363,-0.010620,0.998657,-0.534424,0.844971,-0.016357,-0.843872,-0.534546,-0.045654,488.000000,570.163000,-19.981000,304.169000,3.117000,0.039000,3.141000,0
-0.670000,2.009200,-0.223200,-0.000854,-0.012085,-0.000122,-0.016480,-0.010009,0.009033,0.010254,-0.015991,-0.006714,268.895000,18.975600,-37.058200,-0.047363,-0.010742,0.998657,-0.534546,0.844971,-0.016357,-0.843872,-0.534668,-0.045776,492.000000,570.485000,-19.985000,304.174000,3.117000,0.039000,3.141000,0
-0.670000,2.009200,-0.223200,-0.000977,-0.012085,-0.000122,-0.016480,-0.010131,0.009033,0.010376,-0.016113,-0.006714,268.895000,18.975600,-37.058200,-0.047485,-0.010742,0.998657,-0.534546,0.844849,-0.016357,-0.843750,-0.534790,-0.045776,496.000000,570.799000,-19.989000,304.175000,3.117000,0.039000,3.141000,0
-0.670000,2.009200,-0.223200,-0.000977,-0.012207,-0.000122,-0.016602,-0.010131,0.009155,0.010376,-0.016113,-0.006836,268.895000,18.975600,-37.058200,-0.047485,-0.010864,0.998657,-0.534668,0.844849,-0.016235,-0.843750,-0.534790,-0.045898,496.000000,571.145000,-19.992000,304.176000,3.117000,0.039000,3.141000,0
-0.670000,2.009200,-0.223200,-0.001099,-0.012329,-0.000122,-0.016724,-0.010253,0.009155,0.010376,-0.016235,-0.006958,268.895000,18.975600,-37.058200,-0.047607,-0.010986,0.998657,-0.534790,0.844727,-0.016235,-0.843750,-0.534912,-0.046020,504.000000,571.436000,-19.993000,304.180000,3.117000,0.039000,3.141000,0
-0.781000,2.009200,-0.111600,-0.001221,-0.012451,-0.000122,-0.016846,-0.010376,0.009277,0.010620,-0.016357,-0.007202,268.784000,18.975600,-36.946600,-0.047730,-0.011108,0.998657,-0.534912,0.844604,-0.016113,-0.843506,-0.535034,-0.046265,512.000000,571.789000,-19.993000,304.175000,3.117000,0.039000,3.141000,0
-0.781000,2.009200,-0.111600,-0.001221,-0.012573,-0.000122,-0.016968,-0.010376,0.009277,0.010620,-0.016479,-0.007324,268.784000,18.975600,-36.946600,-0.047730,-0.011230,0.998657,-0.535034,0.844604,-0.016113,-0.843506,-0.535156,-0.046387,516.000000,572.394000,-19.996000,304.170000,3.117000,0.039000,3.141000,0
-0.781000,2.120800,-0.111600,-0.001343,-0.012695,-0.000122,-0.017090,-0.010498,0.009277,0.010742,-0.016601,-0.007446,268.784000,19.087200,-36.946600,-0.047852,-0.011352,0.998657,-0.535156,0.844482,-0.016113,-0.843384,-0.535278,-0.046509,520.000000,572.717000,-19.997000,304.168000,3.117000,0.039000,3.141000,0
-0.781000,2.120800,-0.111600,-0.001465,-0.012817,-0.000122,-0.017212,-0.010498,0.009399,0.010864,-0.016723,-0.007568,268.784000,19.087200,-36.946600,-0.047974,-0.011475,0.998657,-0.535278,0.844482,-0.015991,-0.843262,-0.535400,-0.046631,528.000000,573.046000,-19.999000,304.162000,3.117000,0.039000,3.141000,0
-0.781000,2.120800,-0.111600,-0.001465,-0.012939,-0.000122,-0.017456,-0.010620,0.009399,0.010864,-0.016845,-0.007690,268.784000,19.087200,-36.946600,-0.047974,-0.011597,0.998657,-0.535522,0.844360,-0.015991,-0.843262,-0.535522,-0.046753,532.000000,573.376000,-20.003000,304.172000,3.117000,0.039000,3.141000,0
-0.781000,2.120800,-0.111600,-0.001587,-0.013062,-0.000122,-0.017579,-0.010742,0.009521,0.010986,-0.017090,-0.007813,268.784000,19.087200,-36.946600,-0.048096,-0.011719,0.998657,-0.535645,0.844238,-0.015869,-0.843140,-0.535767,-0.046875,540.000000,573.791000,-20.005000,304.194000,3.117000,0.039000,3.141000,0
-0.781000,2.120800,-0.111600,-0.001709,-0.013184,-0.000122,-0.017701,-0.010864,0.009521,0.011108,-0.017212,-0.007935,268.784000,19.087200,-36.946600,-0.048218,-0.011841,0.998657,-0.535767,0.844116,-0.015869,-0.843018,-0.535889,-0.046997,544.000000,574.013000,-20.005000,304.201000,3.117000,0.039000,3.141000,0
-0.781000,2.120800,-0.111600,-0.001709,-0.013306,-0.000122,-0.017823,-0.010864,0.009643,0.011230,-0.017334,-0.008057,268.784000,19.087200,-36.946600,-0.048218,-0.011963,0.998657,-0.535889,0.844116,-0.015747,-0.842896,-0.536011,-0.047119,548.000000,574.331000,-20.005000,304.206000,3.117000,0.039000,3.141000,0
-0.893000,2.232400,-0.111600,-0.001831,-0.013550,-0.000122,-0.018067,-0.010986,0.009643,0.011353,-0.017578,-0.008179,268.672000,19.198800,-36.946600,-0.048340,-0.012207,0.998657,-0.536133,0.843994,-0.015747,-0.842773,-0.536255,-0.047241,556.000000,574.645000,-20.004000,304.205000,3.117000,0.039000,3.141000,0
-0.893000,2.232400,-0.111600,-0.001953,-0.013672,-0.000122,-0.018189,-0.011108,0.009766,0.011353,-0.017578,-0.008301,268.672000,19.198800,-36.946600,-0.048462,-0.012329,0.998657,-0.536255,0.843872,-0.015625,-0.842773,-0.536255,-0.047363,564.000000,574.961000,-20.005000,304.215000,3.116000,0.039000,3.141000,0
-0.893000,2.232400,-0.111600,-0.001953,-0.013794,-0.000122,-0.018311,-0.011230,0.009888,0.011475,-0.017822,-0.008545,268.672000,19.198800,-36.946600,-0.048462,-0.012451,0.998657,-0.536377,0.843750,-0.015503,-0.842651,-0.536499,-0.047607,572.000000,575.270000,-20.005000,304.219000,3.116000,0.039000,3.141000,0
-0.893000,2.232400,-0.111600,-0.002075,-0.013916,-0.000122,-0.018433,-0.011230,0.009888,0.011597,-0.017944,-0.008667,268.672000,19.198800,-36.946600,-0.048584,-0.012573,0.998657,-0.536499,0.843750,-0.015503,-0.842529,-0.536621,-0.047730,576.000000,575.621000,-20.006000,304.232000,3.116000,0.039000,3.141000,0
-0.893000,2.232400,-0.223200,-0.002075,-0.014038,-0.000244,-0.018555,-0.011352,0.010010,0.011719,-0.017944,-0.008789,268.672000,19.198800,-37.058200,-0.048584,-0.012695,0.998535,-0.536621,0.843628,-0.015381,-0.842407,-0.536621,-0.047852,584.000000,575.910000,-20.005000,304.253000,3.117000,0.039000,3.141000,0
-0.893000,2.232400,-0.223200,-0.002197,-0.014282,-0.000244,-0.018677,-0.011474,0.010010,0.011841,-0.018188,-0.008911,268.672000,19.198800,-37.058200,-0.048706,-0.012939,0.998535,-0.536743,0.843506,-0.015381,-0.842285,-0.536865,-0.047974,592.000000,576.225000,-20.004000,304.268000,3.117000,0.039000,3.141000,0
-1.005000,2.232400,-0.223200,-0.002319,-0.014404,-0.000244,-0.018799,-0.011596,0.010132,0.011841,-0.018310,-0.009033,268.560000,19.198800,-37.058200,-0.048828,-0.013062,0.998535,-0.536865,0.843384,-0.015259,-0.842285,-0.536987,-0.048096,600.000000,576.543000,-20.004000,304.278000,3.117000,0.039000,3.141000,0
-1.005000,2.232400,-0.223200,-0.002441,-0.014526,-0.000244,-0.019043,-0.011718,0.010254,0.011963,-0.018432,-0.009277,268.560000,19.198800,-37.058200,-0.048950,-0.013184,0.998535,-0.537109,0.843262,-0.015137,-0.842163,-0.537109,-0.048340,608.000000,576.862000,-20.005000,304.291000,3.117000,0.039000,3.141000,0
-1.005000,2.344000,-0.223200,-0.002441,-0.014648,-0.000244,-0.019165,-0.011718,0.010254,0.012085,-0.018554,-0.009399,268.560000,19.310400,-37.058200,-0.048950,-0.013306,0.998535,-0.537231,0.843262,-0.015137,-0.842041,-0.537231,-0.048462,616.000000,577.179000,-20.004000,304.303000,3.117000,0.039000,3.141000,0
-1.005000,2.344000,-0.223200,-0.002563,-0.014770,-0.000244,-0.019288,-0.011840,0.010254,0.012207,-0.018799,-0.009522,268.560000,19.310400,-37.058200,-0.049072,-0.013428,0.998535,-0.537354,0.843140,-0.015137,-0.841919,-0.537476,-0.048584,620.000000,577.527000,-20.002000,304.313000,3.117000,0.039000,3.141000,0
-1.005000,2.344000,-0.223200,-0.002686,-0.015015,-0.000244,-0.019532,-0.011962,0.010376,0.012329,-0.018921,-0.009766,268.560000,19.310400,-37.058200,-0.049194,-0.013672,0.998535,-0.537598,0.843018,-0.015015,-0.841797,-0.537598,-0.048828,632.000000,577.809000,-20.000000,304.313000,3.117000,0.039000,3.141000,0
-1.116000,2.344000,-0.111600,-0.002808,-0.015137,-0.000244,-0.019654,-0.012084,0.010376,0.012451,-0.019043,-0.009888,268.449000,19.310400,-36.946600,-0.049316,-0.013794,0.998535,-0.537720,0.842896,-0.015015,-0.841675,-0.537720,-0.048950,640.000000,578.127000,-20.001000,304.320000,3.117000,0.039000,3.141000,0
-1.116000,2.344000,-0.111600,-0.002930,-0.015259,-0.000244,-0.019898,-0.012207,0.010498,0.012573,-0.019287,-0.010132,268.449000,19.310400,-36.946600,-0.049439,-0.013916,0.998535,-0.537964,0.842773,-0.014893,-0.841553,-0.537964,-0.049194,648.000000,578.443000,-20.001000,304.321000,3.117000,0.039000,3.141000,0
-1.116000,2.344000,-0.111600,-0.003052,-0.015381,-0.000244,-0.020020,-0.012207,0.010498,0.012695,-0.019409,-0.010254,268.449000,19.310400,-36.946600,-0.049561,-0.014038,0.998535,-0.538086,0.842773,-0.014893,-0.841431,-0.538086,-0.049316,656.000000,578.757000,-20.002000,304.318000,3.117000,0.039000,3.141000,0
-1.116000,2.455700,-0.111600,-0.003174,-0.015503,-0.000244,-0.020142,-0.012329,0.010620,0.012695,-0.019531,-0.010376,268.449000,19.422100,-36.946600,-0.049683,-0.014160,0.998535,-0.538208,0.842651,-0.014771,-0.841431,-0.538208,-0.049439,664.000000,579.073000,-20.002000,304.325000,3.117000,0.039000,3.141000,0
-1.228000,2.455700,-0.111600,-0.003418,-0.015747,-0.000244,-0.020386,-0.012451,0.010620,0.012817,-0.019775,-0.010742,268.337000,19.422100,-36.946600,-0.049927,-0.014404,0.998535,-0.538452,0.842529,-0.014771,-0.841309,-0.538452,-0.049805,676.000000,579.427000,-20.002000,304.342000,3.117000,0.039000,3.141000,0
-1.228000,2.455700,-0.111600,-0.003540,-0.015869,-0.000244,-0.020508,-0.012573,0.010742,0.012939,-0.019897,-0.010864,268.337000,19.422100,-36.946600,-0.050049,-0.014526,0.998535,-0.538574,0.842407,-0.014648,-0.841187,-0.538574,-0.049927,680.000000,579.707000,-20.002000,304.342000,3.117000,0.039000,3.141000,0
-1.228000,2.455700,-0.111600,-0.003662,-0.016113,-0.000244,-0.020630,-0.012695,0.010742,0.013062,-0.020019,-0.011108,268.337000,19.422100,-36.946600,-0.050171,-0.014771,0.998535,-0.538696,0.842285,-0.014648,-0.841064,-0.538696,-0.050171,692.000000,580.014000,-20.001000,304.336000,3.117000,0.039000,3.141000,0
-1.228000,2.455700,-0.111600,-0.003784,-0.016235,-0.000244,-0.020752,-0.012695,0.010742,0.013184,-0.020141,-0.011353,268.337000,19.422100,-36.946600,-0.050293,-0.014893,0.998535,-0.538818,0.842285,-0.014648,-0.840942,-0.538818,-0.050415,700.000000,580.326000,-20.001000,304.341000,3.117000,0.039000,3.141000,0
-1.228000,2.455700,-0.111600,-0.003906,-0.016357,-0.000366,-0.020874,-0.012817,0.010864,0.013306,-0.020263,-0.011475,268.337000,19.422100,-36.946600,-0.050415,-0.015015,0.998413,-0.538940,0.842163,-0.014526,-0.840820,-0.538940,-0.050537,708.000000,580.638000,-20.001000,304.334000,3.117000,0.039000,3.141000,0
-1.228000,2.567300,-0.111600,-0.004028,-0.016479,-0.000366,-0.020997,-0.012939,0.010864,0.013306,-0.020386,-0.011719,268.337000,19.533700,-36.946600,-0.050537,-0.015137,0.998413,-0.539063,0.842041,-0.014526,-0.840820,-0.539063,-0.050781,720.000000,580.953000,-20.002000,304.333000,3.117000,0.039000,3.141000,0
-1.340000,2.567300,-0.111600,-0.004150,-0.016602,-0.000366,-0.021119,-0.012939,0.010986,0.013428,-0.020508,-0.011841,268.225000,19.533700,-36.946600,-0.050659,-0.015259,0.998413,-0.539185,0.842041,-0.014404,-0.840698,-0.539185,-0.050903,728.000000,581.296000,-20.004000,304.336000,3.117000,0.039000,3.141000,0
-1.340000,2.567300,-0.111600,-0.004272,-0.016846,-0.000366,-0.021241,-0.013061,0.010986,0.013550,-0.020630,-0.012085,268.225000,19.533700,-36.946600,-0.050781,-0.015503,0.998413,-0.539307,0.841919,-0.014404,-0.840576,-0.539307,-0.051147,736.000000,581.576000,-20.006000,304.337000,3.117000,0.039000,3.141000,0
-1.340000,2.567300,-0.111600,-0.004394,-0.016968,-0.000366,-0.021363,-0.013061,0.010986,0.013550,-0.020752,-0.012207,268.225000,19.533700,-36.946600,-0.050903,-0.015625,0.998413,-0.539429,0.841919,-0.014404,-0.840576,-0.539429,-0.051270,744.000000,581.899000,-20.007000,304.349000,3.117000,0.039000,3.141000,0
-1.340000,2.567300,-0.111600,-0.004517,-0.017090,-0.000366,-0.021485,-0.013183,0.011108,0.013672,-0.020752,-0.012329,268.225000,19.533700,-36.946600,-0.051025,-0.015747,0.998413,-0.539551,0.841797,-0.014282,-0.840454,-0.539429,-0.051392,752.000000,582.217000,-20.008000,304.362000,3.117000,0.039000,3.141000,0
-1.451000,2.567300,-0.111600,-0.004639,-0.017212,-0.000366,-0.021607,-0.013305,0.011108,0.013794,-0.020996,-0.012573,268.114000,19.533700,-36.946600,-0.051147,-0.015869,0.998413,-0.539673,0.841675,-0.014282,-0.840332,-0.539673,-0.051636,764.000000,582.520000,-20.006000,304.358000,3.117000,0.039000,3.141000,0
-1.451000,2.567300,-0.111600,-0.004761,-0.017334,-0.000366,-0.021729,-0.013305,0.011230,0.013794,-0.020996,-0.012695,268.114000,19.533700,-36.946600,-0.051270,-0.015991,0.998413,-0.539795,0.841675,-0.014160,-0.840332,-0.539673,-0.051758,772.000000,582.833000,-20.005000,304.349000,3.117000,0.039000,3.141000,0
-1.451000,2.567300,-0.111600,-0.004883,-0.017700,-0.000366,-0.021973,-0.013549,0.011352,0.014038,-0.021240,-0.013061,268.114000,19.533700,-36.946600,-0.051392,-0.016357,0.998413,-0.540039,0.841431,-0.014038,-0.840088,-0.539917,-0.052124,792.000000,583.249000,-20.002000,304.348000,3.117000,0.039000,3.141000,0
-1.451000,2.678900,-0.111600,-0.005005,-0.017822,-0.000366,-0.022095,-0.013549,0.011352,0.014038,-0.021362,-0.013184,268.114000,19.645300,-36.946600,-0.051514,-0.016480,0.998413,-0.540161,0.841431,-0.014038,-0.840088,-0.540039,-0.052246,800.000000,583.784000,-19.995000,304.346000,3.117000,0.039000,3.141000,0
-1.563000,2.678900,-0.111600,-0.005127,-0.017944,-0.000366,-0.022217,-0.013671,0.011475,0.014160,-0.021484,-0.013428,268.002000,19.645300,-36.946600,-0.051636,-0.016602,0.998413,-0.540283,0.841309,-0.013916,-0.839966,-0.540161,-0.052490,816.000000,584.093000,-19.993000,304.341000,3.117000,0.039000,3.141000,0
-1.563000,2.678900,-0.111600,-0.005249,-0.018066,-0.000366,-0.022339,-0.013671,0.011475,0.014282,-0.021606,-0.013550,268.002000,19.645300,-36.946600,-0.051758,-0.016724,0.998413,-0.540405,0.841309,-0.013916,-0.839844,-0.540283,-0.052612,824.000000,584.405000,-19.994000,304.337000,3.117000,0.039000,3.141000,0
-1.563000,2.678900,-0.111600,-0.005371,-0.018311,-0.000366,-0.022461,-0.013793,0.011597,0.014404,-0.021728,-0.013794,268.002000,19.645300,-36.946600,-0.051880,-0.016968,0.998413,-0.540527,0.841187,-0.013794,-0.839722,-0.540405,-0.052856,836.000000,584.724000,-19.995000,304.339000,3.117000,0.039000,3.141000,0
