Dif_X,Dif_Y,Dif_Z,Dif_X1,Dif_X2,Dif_X3,Dif_Y1,Dif_Y2,Dif_Y3,Dif_Z1,Dif_Z2,Dif_Z3,NDI_X,NDI_Y,NDI_Z,NDI_Rot_X1,NDI_Rot_X2,NDI_Rot_X3,NDI_Rot_Y1,NDI_Rot_Y2,NDI_Rot_Y3,NDI_Rot_Z1,NDI_Rot_Z2,NDI_Rot_Z3,NDI_Quality,Kuka_X,Kuka_Y,Kuka_Z,Kuka_A,Kuka_B,Kuka_C,Kuka_TSL
-1.116000,3.348590,1.227800,-0.017334,-0.022095,-0.001465,-0.008667,-0.029785,-0.011230,0.031372,-0.008789,-0.024658,262.421000,-7.478610,-35.830400,-0.065063,-0.033447,0.997192,-0.957764,0.282471,-0.052978,-0.280029,-0.958740,-0.050415,1144.000000,557.656000,-19.956000,303.814000,3.116000,0.039000,3.141000,0
-1.116000,3.350162,1.227800,-0.017334,-0.022095,-0.001465,-0.008667,-0.029785,-0.011230,0.031372,-0.008789,-0.024658,262.421000,-7.478610,-35.830400,-0.065063,-0.033447,0.997192,-0.957764,0.282471,-0.052978,-0.280029,-0.958740,-0.050415,1144.000000,557.656000,-19.956000,303.814000,3.116000,0.039000,3.141000,0
-1.116000,3.351734,1.227800,-0.017334,-0.022095,-0.001465,-0.008667,-0.029785,-0.011230,0.031372,-0.008789,-0.024658,262.421000,-7.478610,-35.830400,-0.065063,-0.033447,0.997192,-0.957764,0.282471,-0.052978,-0.280029,-0.958740,-0.050415,1144.000000,557.656000,-19.956000,303.814000,3.116000,0.039000,3.141000,0
-1.116000,3.353306,1.227800,-0.017334,-0.022095,-0.001465,-0.008667,-0.029785,-0.011230,0.031372,-0.008789,-0.024658,262.421000,-7.478610,-35.830400,-0.065063,-0.033447,0.997192,-0.957764,0.282471,-0.052978,-0.280029,-0.958740,-0.050415,1144.000000,557.656000,-19.956000,303.814000,3.116000,0.039000,3.141000,0
-1.116000,3.354878,1.227800,-0.017212,-0.022095,-0.001465,-0.008667,-0.029785,-0.011230,0.031372,-0.008789,-0.024658,262.421000,-7.478610,-35.830400,-0.064941,-0.033447,0.997192,-0.957764,0.282471,-0.052978,-0.280029,-0.958740,-0.050415,1144.000000,557.656000,-19.956000,303.814000,3.116000,0.039000,3.141000,0
-1.116000,3.356451,1.227800,-0.017212,-0.022095,-0.001465,-0.008667,-0.029785,-0.011108,0.031372,-0.008789,-0.024658,262.421000,-7.478610,-35.830400,-0.064941,-0.033447,0.997192,-0.957764,0.282471,-0.052856,-0.280029,-0.958740,-0.050415,1144.000000,557.656000,-19.956000,303.814000,3.116000,0.039000,3.141000,0
-1.116000,3.358023,1.227800,-0.017212,-0.022095,-0.001465,-0.008667,-0.029785,-0.011108,0.031372,-0.008789,-0.024658,262.421000,-7.478610,-35.830400,-0.064941,-0.033447,0.997192,-0.957764,0.282471,-0.052856,-0.280029,-0.958740,-0.050415,1144.000000,557.656000,-19.956000,303.814000,3.116000,0.039000,3.141000,0
-1.116000,3.359595,1.227800,-0.017212,-0.022095,-0.001465,-0.008667,-0.029785,-0.011108,0.031372,-0.008789,-0.024658,262.421000,-7.478610,-35.830400,-0.064941,-0.033447,0.997192,-0.957764,0.282471,-0.052856,-0.280029,-0.958740,-0.050415,1144.000000,557.656000,-19.956000,303.814000,3.116000,0.039000,3.141000,0
-1.116000,3.361167,1.227800,-0.017212,-0.022095,-0.001465,-0.008667,-0.029785,-0.011108,0.031372,-0.008789,-0.024658,262.421000,-7.478610,-35.830400,-0.064941,-0.033447,0.997192,-0.957764,0.282471,-0.052856,-0.280029,-0.958740,-0.050415,1144.000000,557.656000,-19.956000,303.814000,3.116000,0.039000,3.141000,0
-1.116000,3.362739,1.227800,-0.017212,-0.022095,-0.001465,-0.008667,-0.029785,-0.011108,0.031372,-0.008789,-0.024658,262.421000,-7.478610,-35.830400,-0.064941,-0.033447,0.997192,-0.957764,0.282471,-0.052856,-0.280029,-0.958740,-0.050415,1144.000000,557.656000,-19.956000,303.814000,3.116000,0.039000,3.141000,0
-1.116000,3.364311,1.227800,-0.017212,-0.022095,-0.001465,-0.008667,-0.029785,-0.011230,0.031372,-0.008667,-0.024658,262.421000,-7.478610,-35.830400,-0.064941,-0.033447,0.997192,-0.957764,0.282471,-0.052978,-0.280029,-0.958618,-0.050415,1144.000000,557.656000,-19.956000,303.814000,3.116000,0.039000,3.141000,0
-1.116000,3.365883,1.227800,-0.017212,-0.022095,-0.001465,-0.008667,-0.029785,-0.011230,0.031372,-0.008667,-0.024658,262.421000,-7.478610,-35.830400,-0.064941,-0.033447,0.997192,-0.957764,0.282471,-0.052978,-0.280029,-0.958618,-0.050415,1144.000000,557.656000,-19.956000,303.814000,3.116000,0.039000,3.141000,0
-1.116000,3.367455,1.227800,-0.017334,-0.022095,-0.001465,-0.008667,-0.029663,-0.011230,0.031250,-0.008667,-0.024658,262.421000,-7.478610,-35.830400,-0.065063,-0.033447,0.997192,-0.957764,0.282593,-0.052978,-0.280151,-0.958618,-0.050415,1144.000000,557.656000,-19.956000,303.814000,3.116000,0.039000,3.141000,0
-1.116000,3.369027,1.227800,-0.017334,-0.022095,-0.001465,-0.008667,-0.029663,-0.011230,0.031250,-0.008667,-0.024658,262.421000,-7.478610,-35.830400,-0.065063,-0.033447,0.997192,-0.957764,0.282593,-0.052978,-0.280151,-0.958618,-0.050415,1144.000000,557.656000,-19.956000,303.814000,3.116000,0.039000,3.141000,0
-1.116000,3.370600,1.227800,-0.017334,-0.022095,-0.001465,-0.008667,-0.029663,-0.011230,0.031250,-0.008667,-0.024536,262.421000,-7.478610,-35.830400,-0.065063,-0.033447,0.997192,-0.957764,0.282593,-0.052978,-0.280151,-0.958618,-0.050293,1144.000000,557.656000,-19.956000,303.814000,3.116000,0.039000,3.141000,0
-1.116000,3.372172,1.227800,-0.017334,-0.022095,-0.001465,-0.008667,-0.029663,-0.011230,0.031250,-0.008667,-0.024536,262.421000,-7.478610,-35.830400,-0.065063,-0.033447,0.997192,-0.957764,0.282593,-0.052978,-0.280151,-0.958618,-0.050293,1144.000000,557.656000,-19.956000,303.814000,3.116000,0.039000,3.141000,0
-1.116000,3.373744,1.227800,-0.017212,-0.022095,-0.001465,-0.008667,-0.029663,-0.011230,0.031250,-0.008667,-0.024536,262.421000,-7.478610,-35.830400,-0.064941,-0.033447,0.997192,-0.957764,0.282593,-0.052978,-0.280151,-0.958618,-0.050293,1144.000000,557.656000,-19.956000,303.814000,3.116000,0.039000,3.141000,0
-1.116000,3.375316,1.227800,-0.017212,-0.022095,-0.001465,-0.008667,-0.029663,-0.011230,0.031250,-0.008667,-0.024536,262.421000,-7.478610,-35.830400,-0.064941,-0.033447,0.997192,-0.957764,0.282593,-0.052978,-0.280151,-0.958618,-0.050293,1144.000000,557.656000,-19.956000,303.814000,3.116000,0.039000,3.141000,0
-1.116000,3.376888,1.227800,-0.017212,-0.022095,-0.001465,-0.008667,-0.029663,-0.011230,0.031250,-0.008667,-0.024536,262.421000,-7.478610,-35.830400,-0.064941,-0.033447,0.997192,-0.957764,0.282593,-0.052978,-0.280151,-0.958618,-0.050293,1144.000000,557.656000,-19.956000,303.814000,3.116000,0.039000,3.141000,0
-1.116000,3.378460,1.227800,-0.017212,-0.022095,-0.001465,-0.008667,-0.029663,-0.011108,0.031250,-0.008667,-0.024536,262.421000,-7.478610,-35.830400,-0.064941,-0.033447,0.997192,-0.957764,0.282593,-0.052856,-0.280151,-0.958618,-0.050293,1144.000000,557.656000,-19.956000,303.814000,3.116000,0.039000,3.141000,0
-1.116000,3.380032,1.227800,-0.017212,-0.022095,-0.001465,-0.008667,-0.029663,-0.011108,0.031372,-0.008667,-0.024536,262.421000,-7.478610,-35.830400,-0.064941,-0.033447,0.997192,-0.957764,0.282593,-0.052856,-0.280029,-0.958618,-0.050293,1144.000000,557.656000,-19.956000,303.814000,3.116000,0.039000,3.141000,0
-1.116000,3.381604,1.227800,-0.017212,-0.022095,-0.001465,-0.008667,-0.029785,-0.011108,0.031372,-0.008789,-0.024658,262.421000,-7.478610,-35.830400,-0.064941,-0.033447,0.997192,-0.957764,0.282471,-0.052856,-0.280029,-0.958740,-0.050415,1144.000000,557.656000,-19.956000,303.814000,3.116000,0.039000,3.141000,0
-1.116000,3.383176,1.227800,-0.017212,-0.022095,-0.001465,-0.008667,-0.029785,-0.011230,0.031372,-0.008789,-0.024658,262.421000,-7.478610,-35.830400,-0.064941,-0.033447,0.997192,-0.957764,0.282471,-0.052978,-0.280029,-0.958740,-0.050415,1148.000000,557.656000,-19.956000,303.814000,3.116000,0.039000,3.141000,0
-1.116000,3.384749,1.227800,-0.017212,-0.022095,-0.001465,-0.008667,-0.029785,-0.011230,0.031372,-0.008789,-0.024658,262.421000,-7.478610,-35.830400,-0.064941,-0.033447,0.997192,-0.957764,0.282471,-0.052978,-0.280029,-0.958740,-0.050415,1148.000000,557.656000,-19.956000,303.814000,3.116000,0.039000,3.141000,0
-1.116000,3.386321,1.227800,-0.017334,-0.022095,-0.001465,-0.008667,-0.029785,-0.011230,0.031372,-0.008789,-0.024658,262.421000,-7.478610,-35.830400,-0.065063,-0.033447,0.997192,-0.957764,0.282471,-0.052978,-0.280029,-0.958740,-0.050415,1148.000000,557.656000,-19.956000,303.814000,3.116000,0.039000,3.141000,0
-1.116000,3.387893,1.227800,-0.017334,-0.022095,-0.001465,-0.008789,-0.029785,-0.011230,0.031494,-0.008789,-0.024658,262.421000,-7.478610,-35.830400,-0.065063,-0.033447,0.997192,-0.957886,0.282471,-0.052978,-0.279907,-0.958740,-0.050415,1148.000000,557.656000,-19.956000,303.814000,3.116000,0.039000,3.141000,0
-1.116000,3.389465,1.227800,-0.017334,-0.022095,-0.001465,-0.008789,-0.029785,-0.011230,0.031494,-0.008789,-0.024658,262.421000,-7.478610,-35.830400,-0.065063,-0.033447,0.997192,-0.957886,0.282471,-0.052978,-0.279907,-0.958740,-0.050415,1148.000000,557.656000,-19.956000,303.814000,3.116000,0.039000,3.141000,0
-1.116000,3.391037,1.227800,-0.017334,-0.022095,-0.001465,-0.008667,-0.029785,-0.011353,0.031494,-0.008789,-0.024658,262.421000,-7.478610,-35.830400,-0.065063,-0.033447,0.997192,-0.957764,0.282471,-0.053101,-0.279907,-0.958740,-0.050415,1148.000000,557.656000,-19.956000,303.814000,3.116000,0.039000,3.141000,0
-1.116000,3.392609,1.227800,-0.017456,-0.022095,-0.001465,-0.008667,-0.029785,-0.011353,0.031494,-0.008789,-0.024658,262.421000,-7.478610,-35.830400,-0.065185,-0.033447,0.997192,-0.957764,0.282471,-0.053101,-0.279907,-0.958740,-0.050415,1148.000000,557.656000,-19.956000,303.814000,3.116000,0.039000,3.141000,0
-1.116000,3.394181,1.227800,-0.017456,-0.022095,-0.001465,-0.008667,-0.029785,-0.011353,0.031372,-0.008789,-0.024658,262.421000,-7.478610,-35.830400,-0.065185,-0.033447,0.997192,-0.957764,0.282471,-0.053101,-0.280029,-0.958740,-0.050415,1148.000000,557.656000,-19.956000,303.814000,3.116000,0.039000,3.141000,0
-1.116000,3.395753,1.227800,-0.017456,-0.022095,-0.001465,-0.008667,-0.029785,-0.011353,0.031372,-0.008789,-0.024658,262.421000,-7.478610,-35.830400,-0.065185,-0.033447,0.997192,-0.957764,0.282471,-0.053101,-0.280029,-0.958740,-0.050415,1148.000000,557.656000,-19.956000,303.814000,3.116000,0.039000,3.141000,0
-1.116000,3.397325,1.227800,-0.017456,-0.022095,-0.001465,-0.008667,-0.029785,-0.011353,0.031372,-0.008789,-0.024658,262.421000,-7.478610,-35.830400,-0.065185,-0.033447,0.997192,-0.957764,0.282471,-0.053101,-0.280029,-0.958740,-0.050415,1148.000000,557.656000,-19.956000,303.814000,3.116000,0.039000,3.141000,0
-1.116000,3.398898,1.227800,-0.017334,-0.022095,-0.001465,-0.008667,-0.029785,-0.011353,0.031372,-0.008789,-0.024658,262.421000,-7.478610,-35.830400,-0.065063,-0.033447,0.997192,-0.957764,0.282471,-0.053101,-0.280029,-0.958740,-0.050415,1148.000000,557.656000,-19.956000,303.814000,3.116000,0.039000,3.141000,0
-1.116000,3.400470,1.227800,-0.017334,-0.022095,-0.001465,-0.008667,-0.029785,-0.011353,0.031372,-0.008789,-0.024658,262.421000,-7.478610,-35.830400,-0.065063,-0.033447,0.997192,-0.957764,0.282471,-0.053101,-0.280029,-0.958740,-0.050415,1148.000000,557.656000,-19.956000,303.814000,3.116000,0.039000,3.141000,0
-1.116000,3.402042,1.227800,-0.017334,-0.022095,-0.001465,-0.008667,-0.029785,-0.011230,0.031372,-0.008789,-0.024658,262.421000,-7.478610,-35.830400,-0.065063,-0.033447,0.997192,-0.957764,0.282471,-0.052978,-0.280029,-0.958740,-0.050415,1148.000000,557.656000,-19.956000,303.814000,3.116000,0.039000,3.141000,0
-1.116000,3.403614,1.227800,-0.017334,-0.022095,-0.001465,-0.008667,-0.029785,-0.011230,0.031372,-0.008789,-0.024658,262.421000,-7.478610,-35.830400,-0.065063,-0.033447,0.997192,-0.957764,0.282471,-0.052978,-0.280029,-0.958740,-0.050415,1144.000000,557.656000,-19.956000,303.814000,3.116000,0.039000,3.141000,0
-1.116000,3.405186,1.227800,-0.017334,-0.022095,-0.001465,-0.008667,-0.029785,-0.011230,0.031372,-0.008789,-0.024658,262.421000,-7.478610,-35.830400,-0.065063,-0.033447,0.997192,-0.957764,0.282471,-0.052978,-0.280029,-0.958740,-0.050415,1144.000000,557.656000,-19.956000,303.814000,3.116000,0.039000,3.141000,0
-1.116000,3.406758,1.227800,-0.017334,-0.022095,-0.001465,-0.008789,-0.029785,-0.011230,0.031372,-0.008789,-0.024658,262.421000,-7.478610,-35.830400,-0.065063,-0.033447,0.997192,-0.957886,0.282471,-0.052978,-0.280029,-0.958740,-0.050415,1144.000000,557.656000,-19.956000,303.814000,3.116000,0.039000,3.141000,0
-1.116000,3.408330,1.227800,-0.017334,-0.022095,-0.001465,-0.008789,-0.029785,-0.011230,0.031494,-0.008789,-0.024658,262.421000,-7.478610,-35.830400,-0.065063,-0.033447,0.997192,-0.957886,0.282471,-0.052978,-0.279907,-0.958740,-0.050415,1144.000000,557.656000,-19.956000,303.814000,3.116000,0.039000,3.141000,0
-1.116000,3.409902,1.227800,-0.017334,-0.022095,-0.001465,-0.008789,-0.029785,-0.011230,0.031494,-0.008789,-0.024658,262.421000,-7.478610,-35.830400,-0.065063,-0.033447,0.997192,-0.957886,0.282471,-0.052978,-0.279907,-0.958740,-0.050415,1144.000000,557.656000,-19.956000,303.814000,3.116000,0.039000,3.141000,0
-1.116000,3.411475,1.227800,-0.017334,-0.022095,-0.001465,-0.008789,-0.029785,-0.011230,0.031494,-0.008789,-0.024658,262.421000,-7.478610,-35.830400,-0.065063,-0.033447,0.997192,-0.957886,0.282471,-0.052978,-0.279907,-0.958740,-0.050415,1144.000000,557.656000,-19.956000,303.814000,3.116000,0.039000,3.141000,0
-1.116000,3.413047,1.227800,-0.017334,-0.022095,-0.001465,-0.008789,-0.029907,-0.011230,0.031494,-0.008789,-0.024658,262.421000,-7.478610,-35.830400,-0.065063,-0.033447,0.997192,-0.957886,0.282349,-0.052978,-0.279907,-0.958740,-0.050415,1144.000000,557.656000,-19.956000,303.814000,3.116000,0.039000,3.141000,0
-1.116000,3.414619,1.227800,-0.017212,-0.022095,-0.001465,-0.008789,-0.029907,-0.011230,0.031494,-0.008789,-0.024658,262.421000,-7.478610,-35.830400,-0.064941,-0.033447,0.997192,-0.957886,0.282349,-0.052978,-0.279907,-0.958740,-0.050415,1144.000000,557.656000,-19.956000,303.814000,3.116000,0.039000,3.141000,0
-1.227000,3.416191,1.227800,-0.017212,-0.022095,-0.001465,-0.008789,-0.029907,-0.011108,0.031494,-0.008789,-0.024658,262.310000,-7.478610,-35.830400,-0.064941,-0.033447,0.997192,-0.957886,0.282349,-0.052856,-0.279907,-0.958740,-0.050415,1144.000000,557.659000,-19.960000,303.828000,3.116000,0.039000,3.141000,0
-1.227000,3.417763,1.227800,-0.017212,-0.022095,-0.001465,-0.008789,-0.029907,-0.011108,0.031494,-0.008789,-0.024658,262.310000,-7.478610,-35.830400,-0.064941,-0.033447,0.997192,-0.957886,0.282349,-0.052856,-0.279907,-0.958740,-0.050415,1144.000000,557.659000,-19.960000,303.828000,3.116000,0.039000,3.141000,0
-1.116000,3.419335,1.227800,-0.017212,-0.021973,-0.001465,-0.008667,-0.029663,-0.011108,0.031250,-0.008667,-0.024536,262.421000,-7.478610,-35.830400,-0.064941,-0.033325,0.997192,-0.957764,0.282593,-0.052856,-0.280151,-0.958618,-0.050293,1144.000000,557.659000,-19.961000,303.828000,3.116000,0.039000,3.141000,0
-1.116000,3.420907,1.227800,-0.017212,-0.022095,-0.001465,-0.008667,-0.029663,-0.011108,0.031250,-0.008667,-0.024536,262.421000,-7.478610,-35.830400,-0.064941,-0.033447,0.997192,-0.957764,0.282593,-0.052856,-0.280151,-0.958618,-0.050293,1144.000000,557.659000,-19.961000,303.828000,3.116000,0.039000,3.141000,0
-1.116000,3.422479,1.227800,-0.017334,-0.022095,-0.001465,-0.008667,-0.029663,-0.011230,0.031250,-0.008667,-0.024658,262.421000,-7.478610,-35.830400,-0.065063,-0.033447,0.997192,-0.957764,0.282593,-0.052978,-0.280151,-0.958618,-0.050415,1144.000000,557.661000,-19.961000,303.829000,3.116000,0.039000,3.141000,0
-1.116000,3.424051,1.227800,-0.017334,-0.022095,-0.001465,-0.008667,-0.029785,-0.011230,0.031372,-0.008667,-0.024658,262.421000,-7.478610,-35.830400,-0.065063,-0.033447,0.997192,-0.957764,0.282471,-0.052978,-0.280029,-0.958618,-0.050415,1144.000000,557.665000,-19.961000,303.833000,3.116000,0.039000,3.141000,0
-1.116000,3.425624,1.227800,-0.017334,-0.022095,-0.001465,-0.008667,-0.029785,-0.011353,0.031372,-0.008789,-0.024658,262.421000,-7.478610,-35.830400,-0.065063,-0.033447,0.997192,-0.957764,0.282471,-0.053101,-0.280029,-0.958740,-0.050415,1144.000000,557.697000,-19.963000,303.857000,3.116000,0.039000,3.141000,0
-1.116000,3.427196,1.227800,-0.017334,-0.022095,-0.001465,-0.008667,-0.029785,-0.011353,0.031372,-0.008789,-0.024658,262.421000,-7.478610,-35.830400,-0.065063,-0.033447,0.997192,-0.957764,0.282471,-0.053101,-0.280029,-0.958740,-0.050415,1144.000000,557.705000,-19.964000,303.861000,3.116000,0.039000,3.141000,0
-1.116000,3.428768,1.227800,-0.017334,-0.022095,-0.001465,-0.008667,-0.029785,-0.011353,0.031372,-0.008789,-0.024658,262.421000,-7.478610,-35.830400,-0.065063,-0.033447,0.997192,-0.957764,0.282471,-0.053101,-0.280029,-0.958740,-0.050415,1144.000000,557.733000,-19.966000,303.877000,3.116000,0.039000,3.141000,0
-1.116000,3.430340,1.227800,-0.017334,-0.022095,-0.001465,-0.008667,-0.029785,-0.011353,0.031372,-0.008789,-0.024658,262.421000,-7.478610,-35.830400,-0.065063,-0.033447,0.997192,-0.957764,0.282471,-0.053101,-0.280029,-0.958740,-0.050415,1144.000000,557.741000,-19.967000,303.881000,3.116000,0.039000,3.141000,0
-1.116000,3.431912,1.227800,-0.017334,-0.022095,-0.001465,-0.008667,-0.029785,-0.011230,0.031372,-0.008789,-0.024658,262.421000,-7.478610,-35.830400,-0.065063,-0.033447,0.997192,-0.957764,0.282471,-0.052978,-0.280029,-0.958740,-0.050415,1144.000000,557.760000,-19.969000,303.886000,3.116000,0.039000,3.141000,0
-1.116000,3.433484,1.227800,-0.017334,-0.022095,-0.001465,-0.008789,-0.029785,-0.011230,0.031372,-0.008789,-0.024658,262.421000,-7.478610,-35.830400,-0.065063,-0.033447,0.997192,-0.957886,0.282471,-0.052978,-0.280029,-0.958740,-0.050415,1144.000000,557.778000,-19.971000,303.883000,3.116000,0.039000,3.141000,0
-1.116000,3.435056,1.227800,-0.017334,-0.022095,-0.001465,-0.008789,-0.029785,-0.011230,0.031372,-0.008789,-0.024658,262.421000,-7.478610,-35.830400,-0.065063,-0.033447,0.997192,-0.957886,0.282471,-0.052978,-0.280029,-0.958740,-0.050415,1144.000000,557.792000,-19.972000,303.872000,3.116000,0.039000,3.141000,0
-1.116000,3.436628,1.227800,-0.017334,-0.022095,-0.001465,-0.008789,-0.029785,-0.011230,0.031372,-0.008789,-0.024658,262.421000,-7.478610,-35.830400,-0.065063,-0.033447,0.997192,-0.957886,0.282471,-0.052978,-0.280029,-0.958740,-0.050415,1144.000000,557.802000,-19.973000,303.861000,3.116000,0.039000,3.141000,0
-1.116000,3.438200,1.227800,-0.017212,-0.022217,-0.001465,-0.008789,-0.029785,-0.011230,0.031494,-0.008789,-0.024658,262.421000,-7.478610,-35.830400,-0.064941,-0.033569,0.997192,-0.957886,0.282471,-0.052978,-0.279907,-0.958740,-0.050415,1144.000000,557.819000,-19.974000,303.844000,3.116000,0.039000,3.141000,0
-1.116000,3.439773,1.227800,-0.017334,-0.022095,-0.001465,-0.008789,-0.029907,-0.011230,0.031494,-0.008789,-0.024658,262.421000,-7.478610,-35.830400,-0.065063,-0.033447,0.997192,-0.957886,0.282349,-0.052978,-0.279907,-0.958740,-0.050415,1144.000000,557.826000,-19.975000,303.838000,3.116000,0.039000,3.141000,0
-1.116000,3.441345,1.227800,-0.017334,-0.022095,-0.001465,-0.008789,-0.029907,-0.011353,0.031494,-0.008789,-0.024658,262.421000,-7.478610,-35.830400,-0.065063,-0.033447,0.997192,-0.957886,0.282349,-0.053101,-0.279907,-0.958740,-0.050415,1144.000000,558.208000,-19.972000,303.877000,3.116000,0.039000,3.141000,0
-1.116000,3.442917,1.227800,-0.017456,-0.022095,-0.001465,-0.008789,-0.029907,-0.011353,0.031494,-0.008789,-0.024658,262.421000,-7.478610,-35.830400,-0.065185,-0.033447,0.997192,-0.957886,0.282349,-0.053101,-0.279907,-0.958740,-0.050415,1144.000000,558.250000,-19.970000,303.881000,3.116000,0.039000,3.141000,0
-1.116000,3.444489,1.227800,-0.017456,-0.022095,-0.001465,-0.008789,-0.029907,-0.011353,0.031494,-0.008789,-0.024658,262.421000,-7.478610,-35.830400,-0.065185,-0.033447,0.997192,-0.957886,0.282349,-0.053101,-0.279907,-0.958740,-0.050415,1144.000000,558.340000,-19.967000,303.888000,3.116000,0.039000,3.141000,0
-1.116000,3.446061,1.227800,-0.017578,-0.022095,-0.001465,-0.008789,-0.029907,-0.011475,0.031494,-0.008789,-0.024658,262.421000,-7.478610,-35.830400,-0.065308,-0.033447,0.997192,-0.957886,0.282349,-0.053223,-0.279907,-0.958740,-0.050415,1144.000000,558.520000,-19.965000,303.877000,3.116000,0.039000,3.141000,0
-1.227000,3.447633,1.227800,-0.017578,-0.022095,-0.001465,-0.008789,-0.029907,-0.011475,0.031494,-0.008789,-0.024658,262.310000,-7.478610,-35.830400,-0.065308,-0.033447,0.997192,-0.957886,0.282349,-0.053223,-0.279907,-0.958740,-0.050415,1144.000000,558.774000,-19.966000,303.851000,3.116000,0.039000,3.141000,0
-1.227000,3.449205,1.227800,-0.017578,-0.022095,-0.001465,-0.008789,-0.029907,-0.011475,0.031494,-0.008789,-0.024780,262.310000,-7.478610,-35.830400,-0.065308,-0.033447,0.997192,-0.957886,0.282349,-0.053223,-0.279907,-0.958740,-0.050537,1148.000000,558.929000,-19.965000,303.847000,3.116000,0.039000,3.141000,0
-1.227000,3.450777,1.227800,-0.017578,-0.022095,-0.001465,-0.008789,-0.029907,-0.011475,0.031494,-0.008789,-0.024780,262.310000,-7.478610,-35.830400,-0.065308,-0.033447,0.997192,-0.957886,0.282349,-0.053223,-0.279907,-0.958740,-0.050537,1148.000000,559.050000,-19.964000,303.854000,3.116000,0.039000,3.141000,0
-1.227000,3.452349,1.227800,-0.017578,-0.022095,-0.001465,-0.008789,-0.029907,-0.011597,0.031494,-0.008789,-0.024780,262.310000,-7.478610,-35.830400,-0.065308,-0.033447,0.997192,-0.957886,0.282349,-0.053345,-0.279907,-0.958740,-0.050537,1148.000000,559.171000,-19.965000,303.862000,3.116000,0.039000,3.141000,0
-1.227000,3.453922,1.227800,-0.017700,-0.022217,-0.001465,-0.008789,-0.029907,-0.011597,0.031494,-0.008789,-0.024780,262.310000,-7.478610,-35.830400,-0.065430,-0.033569,0.997192,-0.957886,0.282349,-0.053345,-0.279907,-0.958740,-0.050537,1148.000000,559.272000,-19.967000,303.873000,3.116000,0.039000,3.141000,0
-1.227000,3.455494,1.227800,-0.017700,-0.022217,-0.001465,-0.008789,-0.029907,-0.011597,0.031494,-0.008789,-0.024780,262.310000,-7.478610,-35.830400,-0.065430,-0.033569,0.997192,-0.957886,0.282349,-0.053345,-0.279907,-0.958740,-0.050537,1148.000000,559.450000,-19.970000,303.896000,3.116000,0.039000,3.141000,0
-1.227000,3.457066,1.227800,-0.017700,-0.022217,-0.001465,-0.008789,-0.030029,-0.011597,0.031616,-0.008789,-0.024902,262.310000,-7.478610,-35.830400,-0.065430,-0.033569,0.997192,-0.957886,0.282227,-0.053345,-0.279785,-0.958740,-0.050659,1152.000000,559.903000,-19.973000,303.931000,3.116000,0.039000,3.141000,0
-1.227000,3.458638,1.227800,-0.017700,-0.022339,-0.001465,-0.008789,-0.030029,-0.011597,0.031616,-0.008789,-0.024902,262.310000,-7.478610,-35.830400,-0.065430,-0.033691,0.997192,-0.957886,0.282227,-0.053345,-0.279785,-0.958740,-0.050659,1156.000000,560.032000,-19.973000,303.933000,3.116000,0.039000,3.141000,0
-1.227000,3.460210,1.227800,-0.017944,-0.022461,-0.001587,-0.008789,-0.030152,-0.011719,0.031860,-0.008789,-0.025146,262.310000,-7.366990,-35.830400,-0.065674,-0.033814,0.997070,-0.957886,0.282104,-0.053467,-0.279541,-0.958740,-0.050903,1164.000000,560.729000,-19.983000,303.918000,3.116000,0.039000,3.141000,0
-1.227000,3.468183,1.227800,-0.017944,-0.022583,-0.001587,-0.008789,-0.030274,-0.011841,0.031860,-0.008911,-0.025269,262.310000,-7.366990,-35.830400,-0.065674,-0.033936,0.997070,-0.957886,0.281982,-0.053589,-0.279541,-0.958862,-0.051025,1164.000000,560.979000,-19.987000,303.927000,3.116000,0.039000,3.141000,0
-1.227000,3.476156,1.227800,-0.018066,-0.022583,-0.001587,-0.008789,-0.030274,-0.011841,0.031982,-0.008911,-0.025269,262.310000,-7.366990,-35.830400,-0.065796,-0.033936,0.997070,-0.957886,0.281982,-0.053589,-0.279419,-0.958862,-0.051025,1168.000000,561.209000,-19.988000,303.939000,3.116000,0.039000,3.141000,0
-1.227000,3.484129,1.227800,-0.018189,-0.022705,-0.001587,-0.008789,-0.030274,-0.011841,0.031982,-0.008911,-0.025391,262.310000,-7.366990,-35.830400,-0.065918,-0.034058,0.997070,-0.957886,0.281982,-0.053589,-0.279419,-0.958862,-0.051147,1172.000000,561.453000,-19.989000,303.959000,3.116000,0.039000,3.141000,0
-1.227000,3.492101,1.227800,-0.018189,-0.022705,-0.001587,-0.008911,-0.030396,-0.011963,0.032104,-0.008911,-0.025513,262.310000,-7.366990,-35.830400,-0.065918,-0.034058,0.997070,-0.958008,0.281860,-0.053711,-0.279297,-0.958862,-0.051270,1172.000000,561.696000,-19.991000,303.978000,3.116000,0.039000,3.141000,0
-1.339000,3.500074,1.227800,-0.018311,-0.022827,-0.001587,-0.008911,-0.030518,-0.011963,0.032104,-0.008911,-0.025513,262.198000,-7.366990,-35.830400,-0.066040,-0.034180,0.997070,-0.958008,0.281738,-0.053711,-0.279297,-0.958862,-0.051270,1176.000000,561.938000,-19.994000,303.982000,3.116000,0.039000,3.141000,0
-1.339000,3.508047,1.227800,-0.018311,-0.022827,-0.001587,-0.008911,-0.030518,-0.012085,0.032226,-0.008911,-0.025635,262.198000,-7.366990,-35.830400,-0.066040,-0.034180,0.997070,-0.958008,0.281738,-0.053833,-0.279175,-0.958862,-0.051392,1180.000000,562.208000,-19.998000,303.986000,3.116000,0.039000,3.141000,0
-1.339000,3.516020,1.227800,-0.018433,-0.022949,-0.001587,-0.008911,-0.030518,-0.012085,0.032226,-0.008911,-0.025757,262.198000,-7.366990,-35.830400,-0.066162,-0.034302,0.997070,-0.958008,0.281738,-0.053833,-0.279175,-0.958862,-0.051514,1184.000000,562.457000,-19.999000,303.995000,3.116000,0.039000,3.141000,0
-1.339000,3.523993,1.227800,-0.018555,-0.023071,-0.001587,-0.008911,-0.030640,-0.012207,0.032348,-0.008911,-0.025879,262.198000,-7.366990,-35.830400,-0.066284,-0.034424,0.997070,-0.958008,0.281616,-0.053955,-0.279053,-0.958862,-0.051636,1188.000000,562.683000,-20.000000,303.995000,3.116000,0.039000,3.141000,0
-1.339000,3.531966,1.227800,-0.018677,-0.023071,-0.001587,-0.008911,-0.030762,-0.012329,0.032470,-0.009033,-0.025879,262.198000,-7.366990,-35.830400,-0.066406,-0.034424,0.997070,-0.958008,0.281494,-0.054077,-0.278931,-0.958984,-0.051636,1192.000000,562.931000,-20.000000,303.974000,3.116000,0.039000,3.141000,0
-1.339000,3.539939,1.227800,-0.018799,-0.023193,-0.001587,-0.008911,-0.030762,-0.012451,0.032592,-0.009033,-0.026001,262.198000,-7.366990,-35.830400,-0.066528,-0.034546,0.997070,-0.958008,0.281494,-0.054199,-0.278809,-0.958984,-0.051758,1200.000000,563.194000,-20.000000,303.958000,3.116000,0.039000,3.141000,0
-1.339000,3.547911,1.227800,-0.018921,-0.023315,-0.001587,-0.008911,-0.030884,-0.012451,0.032592,-0.009033,-0.026123,262.198000,-7.366990,-35.830400,-0.066650,-0.034668,0.997070,-0.958008,0.281372,-0.054199,-0.278809,-0.958984,-0.051880,1204.000000,563.471000,-20.001000,303.950000,3.117000,0.039000,3.141000,0
-1.339000,3.555884,1.339400,-0.019043,-0.023315,-0.001587,-0.009033,-0.031006,-0.012573,0.032714,-0.009033,-0.026245,262.198000,-7.366990,-35.718800,-0.066772,-0.034668,0.997070,-0.958130,0.281250,-0.054321,-0.278687,-0.958984,-0.052002,1208.000000,563.758000,-20.001000,303.953000,3.117000,0.039000,3.141000,0
-1.451000,3.563857,1.339400,-0.019287,-0.023560,-0.001709,-0.009033,-0.031128,-0.012817,0.032837,-0.009033,-0.026489,262.086000,-7.366990,-35.718800,-0.067017,-0.034912,0.996948,-0.958130,0.281128,-0.054565,-0.278564,-0.958984,-0.052246,1216.000000,564.046000,-20.001000,303.962000,3.117000,0.039000,3.141000,0
-1.451000,3.571830,1.339400,-0.019409,-0.023682,-0.001709,-0.009033,-0.031250,-0.012939,0.032959,-0.009155,-0.026611,262.086000,-7.255370,-35.718800,-0.067139,-0.035034,0.996948,-0.958130,0.281006,-0.054688,-0.278442,-0.959106,-0.052368,1220.000000,564.346000,-20.002000,303.972000,3.117000,0.039000,3.141000,0
-1.451000,3.590433,1.339400,-0.019653,-0.023926,-0.001709,-0.009033,-0.031372,-0.013184,0.033203,-0.009155,-0.026978,262.086000,-7.255370,-35.718800,-0.067383,-0.035278,0.996948,-0.958130,0.280884,-0.054932,-0.278198,-0.959106,-0.052734,1228.000000,564.635000,-20.003000,303.982000,3.117000,0.039000,3.141000,0
-1.562000,3.609037,1.339400,-0.019898,-0.024048,-0.001709,-0.009155,-0.031494,-0.013306,0.033325,-0.009155,-0.027100,261.975000,-7.255370,-35.718800,-0.067627,-0.035400,0.996948,-0.958252,0.280762,-0.055054,-0.278076,-0.959106,-0.052856,1236.000000,564.958000,-20.004000,304.000000,3.117000,0.039000,3.141000,0
-1.562000,3.627640,1.339400,-0.020142,-0.024170,-0.001709,-0.009155,-0.031616,-0.013428,0.033569,-0.009155,-0.027344,261.975000,-7.255370,-35.718800,-0.067871,-0.035522,0.996948,-0.958252,0.280640,-0.055176,-0.277832,-0.959106,-0.053101,1244.000000,565.219000,-20.002000,304.009000,3.117000,0.039000,3.141000,0
-1.562000,3.646243,1.339400,-0.020386,-0.024536,-0.001709,-0.009155,-0.031860,-0.013672,0.033813,-0.009278,-0.027710,261.975000,-7.255370,-35.718800,-0.068115,-0.035889,0.996948,-0.958252,0.280396,-0.055420,-0.277588,-0.959229,-0.053467,1256.000000,565.516000,-20.001000,304.016000,3.117000,0.039000,3.141000,0
-1.674000,3.664847,1.339400,-0.020630,-0.024658,-0.001831,-0.009277,-0.032105,-0.013794,0.033935,-0.009278,-0.027954,261.863000,-7.255370,-35.718800,-0.068359,-0.036011,0.996826,-0.958374,0.280151,-0.055542,-0.277466,-0.959229,-0.053711,1268.000000,565.814000,-20.001000,304.022000,3.117000,0.039000,3.141000,0
-1.674000,3.683450,1.339400,-0.020996,-0.025024,-0.001831,-0.009277,-0.032349,-0.014038,0.034301,-0.009400,-0.028320,261.863000,-7.143750,-35.718800,-0.068726,-0.036377,0.996826,-0.958374,0.279907,-0.055786,-0.277100,-0.959351,-0.054077,1284.000000,566.114000,-20.001000,304.037000,3.116000,0.039000,3.141000,0
-1.786000,3.711355,1.339400,-0.021240,-0.025146,-0.001831,-0.009277,-0.032471,-0.014282,0.034423,-0.009400,-0.028565,261.751000,-7.143750,-35.718800,-0.068970,-0.036499,0.996826,-0.958374,0.279785,-0.056030,-0.276978,-0.959351,-0.054321,1296.000000,566.416000,-19.999000,304.043000,3.116000,0.039000,3.141000,0
-1.786000,3.739260,1.339400,-0.021362,-0.025391,-0.001831,-0.009399,-0.032715,-0.014404,0.034668,-0.009522,-0.028809,261.751000,-7.143750,-35.718800,-0.069092,-0.036743,0.996826,-0.958496,0.279541,-0.056152,-0.276733,-0.959473,-0.054565,1308.000000,566.727000,-19.997000,304.049000,3.116000,0.039000,3.141000,0
-1.897000,3.767165,1.339400,-0.021729,-0.025635,-0.001953,-0.009399,-0.032959,-0.014649,0.034912,-0.009522,-0.029053,261.640000,-7.143750,-35.718800,-0.069458,-0.036987,0.996704,-0.958496,0.279297,-0.056397,-0.276489,-0.959473,-0.054810,1324.000000,567.052000,-19.997000,304.068000,3.116000,0.039000,3.141000,0
-1.897000,3.795070,1.339400,-0.021973,-0.025879,-0.001953,-0.009521,-0.033081,-0.014893,0.035156,-0.009522,-0.029297,261.640000,-7.032130,-35.718800,-0.069702,-0.037231,0.996704,-0.958618,0.279175,-0.056641,-0.276245,-0.959473,-0.055054,1340.000000,567.379000,-19.998000,304.095000,3.116000,0.039000,3.141000,0
-2.009000,3.813673,1.451100,-0.022339,-0.026123,-0.001953,-0.009521,-0.033325,-0.015137,0.035400,-0.009644,-0.029663,261.528000,-7.032130,-35.607100,-0.070068,-0.037476,0.996704,-0.958618,0.278931,-0.056885,-0.276001,-0.959595,-0.055420,1360.000000,567.715000,-20.000000,304.125000,3.116000,0.039000,3.141000,0
-2.009000,3.832277,1.451100,-0.022583,-0.026245,-0.001953,-0.009521,-0.033447,-0.015259,0.035522,-0.009644,-0.029907,261.528000,-7.032130,-35.607100,-0.070313,-0.037598,0.996704,-0.958618,0.278809,-0.057007,-0.275879,-0.959595,-0.055664,1372.000000,568.048000,-20.000000,304.141000,3.116000,0.039000,3.141000,0
-2.009000,3.850880,1.451100,-0.022705,-0.026489,-0.001953,-0.009521,-0.033569,-0.015503,0.035644,-0.009644,-0.030151,261.528000,-7.032130,-35.607100,-0.070435,-0.037842,0.996704,-0.958618,0.278687,-0.057251,-0.275757,-0.959595,-0.055908,1388.000000,568.379000,-20.001000,304.166000,3.116000,0.039000,3.141000,0
-2.120000,3.869483,1.451100,-0.023071,-0.026733,-0.002075,-0.009643,-0.033692,-0.015747,0.035888,-0.009766,-0.030518,261.417000,-7.032130,-35.607100,-0.070801,-0.038086,0.996582,-0.958740,0.278564,-0.057495,-0.275513,-0.959717,-0.056274,1412.000000,568.703000,-20.002000,304.174000,3.116000,0.039000,3.141000,0
-2.120000,3.888087,1.451100,-0.023315,-0.026978,-0.002075,-0.009643,-0.033814,-0.015869,0.036010,-0.009766,-0.030762,261.417000,-7.032130,-35.607100,-0.071045,-0.038330,0.996582,-0.958740,0.278442,-0.057617,-0.275391,-0.959717,-0.056519,1428.000000,569.022000,-20.003000,304.163000,3.116000,0.039000,3.141000,0
-2.232000,3.906690,1.451100,-0.023682,-0.027222,-0.002075,-0.009643,-0.033936,-0.016113,0.036255,-0.009766,-0.031006,261.305000,-6.920510,-35.607100,-0.071411,-0.038574,0.996582,-0.958740,0.278320,-0.057861,-0.275146,-0.959717,-0.056763,1448.000000,569.353000,-20.003000,304.158000,3.116000,0.039000,3.141000,0
-2.232000,3.934595,1.451100,-0.023926,-0.027344,-0.002075,-0.009643,-0.034058,-0.016357,0.036377,-0.009766,-0.031250,261.305000,-6.920510,-35.607100,-0.071655,-0.038696,0.996582,-0.958740,0.278198,-0.058105,-0.275024,-0.959717,-0.057007,1468.000000,569.669000,-20.004000,304.153000,3.117000,0.039000,3.141000,0
-2.344000,3.962500,1.451100,-0.024414,-0.027954,-0.002197,-0.009765,-0.034424,-0.016724,0.036743,-0.009888,-0.031982,261.193000,-6.920510,-35.607100,-0.072144,-0.039307,0.996460,-0.958862,0.277832,-0.058472,-0.274658,-0.959839,-0.057739,1508.000000,569.982000,-20.005000,304.141000,3.117000,0.039000,3.141000,0
-2.455000,3.990405,1.451100,-0.024658,-0.028076,-0.002197,-0.009765,-0.034546,-0.016846,0.036865,-0.009888,-0.032227,261.082000,-6.920510,-35.607100,-0.072388,-0.039429,0.996460,-0.958862,0.277710,-0.058594,-0.274536,-0.959839,-0.057983,1528.000000,570.633000,-20.010000,304.138000,3.117000,0.039000,3.141000,0
-2.567000,4.018310,1.451100,-0.025024,-0.028442,-0.002197,-0.009887,-0.034790,-0.017090,0.037109,-0.010010,-0.032593,260.970000,-6.808890,-35.607100,-0.072754,-0.039795,0.996460,-0.958984,0.277466,-0.058838,-0.274292,-0.959961,-0.058350,1556.000000,570.956000,-20.012000,304.138000,3.117000,0.039000,3.141000,0
-2.567000,4.046215,1.451100,-0.025146,-0.028687,-0.002319,-0.009887,-0.034912,-0.017212,0.037353,-0.010010,-0.032959,260.970000,-6.808890,-35.607100,-0.072876,-0.040039,0.996338,-0.958984,0.277344,-0.058960,-0.274048,-0.959961,-0.058716,1572.000000,571.309000,-20.014000,304.147000,3.117000,0.039000,3.141000,0
-2.679000,4.074120,1.339400,-0.025391,-0.028931,-0.002319,-0.009887,-0.035156,-0.017334,0.037597,-0.010010,-0.033203,260.858000,-6.808890,-35.718800,-0.073120,-0.040283,0.996338,-0.958984,0.277100,-0.059082,-0.273804,-0.959961,-0.058960,1592.000000,571.593000,-20.015000,304.153000,3.117000,0.039000,3.141000,0
-2.790000,4.102025,1.339400,-0.025635,-0.029297,-0.002319,-0.010009,-0.035401,-0.017578,0.037841,-0.010132,-0.033569,260.747000,-6.808890,-35.718800,-0.073364,-0.040649,0.996338,-0.959106,0.276855,-0.059326,-0.273560,-0.960083,-0.059326,1624.000000,571.915000,-20.016000,304.150000,3.117000,0.039000,3.141000,0
-2.790000,4.129930,1.339400,-0.025757,-0.029541,-0.002319,-0.010009,-0.035645,-0.017700,0.038086,-0.010132,-0.033813,260.747000,-6.697270,-35.718800,-0.073486,-0.040894,0.996338,-0.959106,0.276611,-0.059448,-0.273315,-0.960083,-0.059570,1648.000000,572.241000,-20.018000,304.156000,3.116000,0.039000,3.141000,0
-2.902000,4.142333,1.339400,-0.026001,-0.029907,-0.002319,-0.010132,-0.035889,-0.017822,0.038330,-0.010254,-0.034180,260.635000,-6.697270,-35.718800,-0.073731,-0.041260,0.996338,-0.959229,0.276367,-0.059570,-0.273071,-0.960205,-0.059936,1680.000000,572.556000,-20.019000,304.162000,3.116000,0.039000,3.141000,0
-3.013000,4.154737,1.339400,-0.026123,-0.030151,-0.002441,-0.010132,-0.036011,-0.017944,0.038574,-0.010254,-0.034424,260.524000,-6.697270,-35.718800,-0.073853,-0.041504,0.996216,-0.959229,0.276245,-0.059692,-0.272827,-0.960205,-0.060181,1700.000000,572.874000,-20.020000,304.161000,3.116000,0.039000,3.141000,0
-3.125000,4.167140,1.339400,-0.026245,-0.030274,-0.002441,-0.010132,-0.036133,-0.017944,0.038696,-0.010254,-0.034668,260.412000,-6.697270,-35.718800,-0.073975,-0.041626,0.996216,-0.959229,0.276123,-0.059692,-0.272705,-0.960205,-0.060425,1724.000000,573.204000,-20.021000,304.168000,3.116000,0.039000,3.141000,0
-3.237000,4.179543,1.227800,-0.026489,-0.030640,-0.002441,-0.010254,-0.036255,-0.018066,0.038818,-0.010254,-0.035034,260.300000,-6.697270,-35.830400,-0.074219,-0.041992,0.996216,-0.959351,0.276001,-0.059814,-0.272583,-0.960205,-0.060791,1760.000000,573.523000,-20.022000,304.175000,3.116000,0.039000,3.141000,0
-3.237000,4.191947,1.227800,-0.026611,-0.030884,-0.002441,-0.010254,-0.036255,-0.018066,0.038940,-0.010254,-0.035278,260.300000,-6.697270,-35.830400,-0.074341,-0.042236,0.996216,-0.959351,0.276001,-0.059814,-0.272461,-0.960205,-0.061035,1784.000000,573.838000,-20.023000,304.186000,3.116000,0.039000,3.141000,0
-3.348000,4.204350,1.227800,-0.026733,-0.031128,-0.002441,-0.010254,-0.036377,-0.018188,0.038940,-0.010254,-0.035522,260.189000,-6.697270,-35.830400,-0.074463,-0.042480,0.996216,-0.959351,0.275879,-0.059936,-0.272461,-0.960205,-0.061279,1820.000000,574.150000,-20.023000,304.193000,3.116000,0.039000,3.141000,0
-3.460000,4.216753,1.116200,-0.026855,-0.031372,-0.002441,-0.010254,-0.036377,-0.018188,0.038940,-0.010254,-0.035767,260.077000,-6.697270,-35.942000,-0.074585,-0.042725,0.996216,-0.959351,0.275879,-0.059936,-0.272461,-0.960205,-0.061523,1844.000000,574.492000,-20.024000,304.195000,3.116000,0.039000,3.141000,0
-3.571000,4.229157,1.116200,-0.026855,-0.031616,-0.002563,-0.010254,-0.036377,-0.018188,0.039062,-0.010254,-0.036011,259.966000,-6.697270,-35.942000,-0.074585,-0.042969,0.996094,-0.959351,0.275879,-0.059936,-0.272339,-0.960205,-0.061768,1868.000000,574.778000,-20.024000,304.207000,3.116000,0.039000,3.141000,0
-3.795000,4.241560,1.004600,-0.027100,-0.032105,-0.002563,-0.010254,-0.036377,-0.018311,0.039062,-0.010254,-0.036499,259.742000,-6.585640,-36.053600,-0.074829,-0.043457,0.996094,-0.959351,0.275879,-0.060059,-0.272339,-0.960205,-0.062256,1932.000000,575.087000,-20.024000,304.213000,3.116000,0.039000,3.141000,0
-3.906000,4.225613,1.004600,-0.027100,-0.032349,-0.002563,-0.010254,-0.036377,-0.018188,0.039184,-0.010254,-0.036865,259.631000,-6.585640,-36.053600,-0.074829,-0.043701,0.996094,-0.959351,0.275879,-0.059936,-0.272217,-0.960205,-0.062622,1972.000000,575.716000,-20.026000,304.231000,3.116000,0.039000,3.141000,0
-3.906000,4.209666,1.004600,-0.027100,-0.032593,-0.002563,-0.010254,-0.036499,-0.018188,0.039184,-0.010254,-0.036987,259.631000,-6.585640,-36.053600,-0.074829,-0.043945,0.996094,-0.959351,0.275757,-0.059936,-0.272217,-0.960205,-0.062744,2000.000000,576.035000,-20.027000,304.251000,3.117000,0.039000,3.141000,0
-4.018000,4.193719,0.893000,-0.027100,-0.032837,-0.002563,-0.010254,-0.036499,-0.018066,0.039184,-0.010254,-0.037232,259.519000,-6.585640,-36.165200,-0.074829,-0.044189,0.996094,-0.959351,0.275757,-0.059814,-0.272217,-0.960205,-0.062988,2028.000000,576.347000,-20.027000,304.256000,3.117000,0.039000,3.141000,0
-4.241000,4.177771,0.781300,-0.026977,-0.033081,-0.002563,-0.010254,-0.036377,-0.017822,0.039184,-0.010254,-0.037476,259.296000,-6.585640,-36.276900,-0.074707,-0.044434,0.996094,-0.959351,0.275879,-0.059570,-0.272217,-0.960205,-0.063232,2068.000000,576.663000,-20.028000,304.267000,3.117000,0.039000,3.141000,0
-4.353000,4.161824,0.781300,-0.026855,-0.033203,-0.002563,-0.010254,-0.036377,-0.017700,0.039184,-0.010254,-0.037598,259.184000,-6.585640,-36.276900,-0.074585,-0.044556,0.996094,-0.959351,0.275879,-0.059448,-0.272217,-0.960205,-0.063354,2096.000000,576.981000,-20.030000,304.280000,3.117000,0.039000,3.141000,0
-4.464000,4.145877,0.669700,-0.026611,-0.033447,-0.002563,-0.010254,-0.036255,-0.017456,0.039062,-0.010132,-0.037842,259.073000,-6.585640,-36.388500,-0.074341,-0.044800,0.996094,-0.959351,0.276001,-0.059204,-0.272339,-0.960083,-0.063599,2140.000000,577.297000,-20.030000,304.290000,3.117000,0.039000,3.141000,0
-4.576000,4.129930,0.558100,-0.026489,-0.033691,-0.002563,-0.010254,-0.036255,-0.017212,0.038940,-0.010132,-0.037842,258.961000,-6.697270,-36.500100,-0.074219,-0.045044,0.996094,-0.959351,0.276001,-0.058960,-0.272461,-0.960083,-0.063599,2172.000000,577.613000,-20.029000,304.294000,3.117000,0.039000,3.141000,0
-4.688000,4.117528,0.558100,-0.026367,-0.033813,-0.002563,-0.010254,-0.036133,-0.017090,0.038940,-0.010132,-0.037964,258.849000,-6.697270,-36.500100,-0.074097,-0.045166,0.996094,-0.959351,0.276123,-0.058838,-0.272461,-0.960083,-0.063721,2200.000000,577.927000,-20.027000,304.296000,3.117000,0.039000,3.141000,0
