Dif_X,Dif_Y,Dif_Z,Dif_X1,Dif_X2,Dif_X3,Dif_Y1,Dif_Y2,Dif_Y3,Dif_Z1,Dif_Z2,Dif_Z3,NDI_X,NDI_Y,NDI_Z,NDI_Rot_X1,NDI_Rot_X2,NDI_Rot_X3,NDI_Rot_Y1,NDI_Rot_Y2,NDI_Rot_Y3,NDI_Rot_Z1,NDI_Rot_Z2,NDI_Rot_Z3,NDI_Quality,Kuka_X,Kuka_Y,Kuka_Z,Kuka_A,Kuka_B,Kuka_C,Kuka_TSL
-1.227000,3.237010,1.116200,-0.016235,-0.021973,-0.001709,-0.032104,0.005127,0.023315,-0.005493,-0.030518,-0.013306,262.310000,-7.366990,-35.718800,-0.054810,-0.052856,0.996948,0.174683,0.982666,0.061523,-0.983154,0.177490,-0.044556,1160.000000,557.648000,-19.949000,303.807000,3.116000,0.039000,3.141000,0
-1.227000,3.237010,1.116200,-0.016235,-0.021973,-0.001709,-0.032104,0.005127,0.023315,-0.005493,-0.030518,-0.013306,262.310000,-7.366990,-35.718800,-0.054810,-0.052856,0.996948,0.174683,0.982666,0.061523,-0.983154,0.177490,-0.044556,1160.000000,557.648000,-19.948000,303.807000,3.116000,0.039000,3.141000,0
-1.227000,3.237010,1.116200,-0.016235,-0.021973,-0.001709,-0.032104,0.005127,0.023315,-0.005493,-0.030518,-0.013428,262.310000,-7.366990,-35.718800,-0.054810,-0.052856,0.996948,0.174683,0.982666,0.061523,-0.983154,0.177490,-0.044678,1160.000000,557.648000,-19.948000,303.807000,3.116000,0.039000,3.141000,0
-1.227000,3.237010,1.116200,-0.016235,-0.021973,-0.001709,-0.032104,0.005127,0.023315,-0.005493,-0.030518,-0.013428,262.310000,-7.366990,-35.718800,-0.054810,-0.052856,0.996948,0.174683,0.982666,0.061523,-0.983154,0.177490,-0.044678,1160.000000,557.648000,-19.948000,303.807000,3.116000,0.039000,3.141000,0
-1.227000,3.237010,1.116200,-0.016235,-0.021851,-0.001709,-0.032104,0.005005,0.023315,-0.005493,-0.030518,-0.013428,262.310000,-7.366990,-35.718800,-0.054810,-0.052734,0.996948,0.174683,0.982544,0.061523,-0.983154,0.177490,-0.044678,1160.000000,557.648000,-19.948000,303.807000,3.116000,0.039000,3.141000,0
-1.227000,3.237010,1.116200,-0.016235,-0.021851,-0.001709,-0.032104,0.005005,0.023315,-0.005493,-0.030518,-0.013428,262.310000,-7.366990,-35.718800,-0.054810,-0.052734,0.996948,0.174683,0.982544,0.061523,-0.983154,0.177490,-0.044678,1160.000000,557.648000,-19.948000,303.807000,3.116000,0.039000,3.141000,0
-1.227000,3.237010,1.116200,-0.016357,-0.021851,-0.001709,-0.032104,0.005005,0.023315,-0.005493,-0.030518,-0.013428,262.310000,-7.366990,-35.718800,-0.054932,-0.052734,0.996948,0.174683,0.982544,0.061523,-0.983154,0.177490,-0.044678,1160.000000,557.648000,-19.948000,303.807000,3.116000,0.039000,3.141000,0
-1.227000,3.237010,1.116200,-0.016357,-0.021851,-0.001709,-0.032104,0.005005,0.023315,-0.005493,-0.030518,-0.013428,262.310000,-7.366990,-35.718800,-0.054932,-0.052734,0.996948,0.174683,0.982544,0.061523,-0.983154,0.177490,-0.044678,1160.000000,557.648000,-19.948000,303.807000,3.116000,0.039000,3.141000,0
-1.227000,3.237010,1.116200,-0.016235,-0.021851,-0.001709,-0.032104,0.005005,0.023315,-0.005493,-0.030518,-0.013428,262.310000,-7.366990,-35.718800,-0.054810,-0.052734,0.996948,0.174683,0.982544,0.061523,-0.983154,0.177490,-0.044678,1160.000000,557.648000,-19.948000,303.807000,3.116000,0.039000,3.141000,0
-1.227000,3.237010,1.116200,-0.016235,-0.021851,-0.001709,-0.032104,0.005005,0.023315,-0.005493,-0.030518,-0.013428,262.310000,-7.366990,-35.718800,-0.054810,-0.052734,0.996948,0.174683,0.982544,0.061523,-0.983154,0.177490,-0.044678,1160.000000,557.648000,-19.948000,303.807000,3.116000,0.039000,3.141000,0
-1.227000,3.237010,1.116200,-0.016235,-0.021851,-0.001709,-0.032104,0.005005,0.023315,-0.005493,-0.030518,-0.013428,262.310000,-7.366990,-35.718800,-0.054810,-0.052734,0.996948,0.174683,0.982544,0.061523,-0.983154,0.177490,-0.044678,1160.000000,557.648000,-19.948000,303.807000,3.116000,0.039000,3.141000,0
-1.227000,3.237010,1.116200,-0.016235,-0.021851,-0.001709,-0.032104,0.005005,0.023315,-0.005493,-0.030518,-0.013428,262.310000,-7.366990,-35.718800,-0.054810,-0.052734,0.996948,0.174683,0.982544,0.061523,-0.983154,0.177490,-0.044678,1160.000000,557.648000,-19.948000,303.807000,3.116000,0.039000,3.141000,0
-1.227000,3.237010,1.116200,-0.016235,-0.021851,-0.001709,-0.032104,0.005005,0.023315,-0.005493,-0.030518,-0.013428,262.310000,-7.366990,-35.718800,-0.054810,-0.052734,0.996948,0.174683,0.982544,0.061523,-0.983154,0.177490,-0.044678,1160.000000,557.648000,-19.948000,303.807000,3.116000,0.039000,3.141000,0
-1.227000,3.237010,1.116200,-0.016235,-0.021851,-0.001709,-0.032104,0.005005,0.023315,-0.005493,-0.030518,-0.013428,262.310000,-7.366990,-35.718800,-0.054810,-0.052734,0.996948,0.174683,0.982544,0.061523,-0.983154,0.177490,-0.044678,1160.000000,557.648000,-19.948000,303.807000,3.116000,0.039000,3.141000,0
-1.227000,3.237010,1.116200,-0.016235,-0.021851,-0.001709,-0.032104,0.005005,0.023315,-0.005493,-0.030518,-0.013428,262.310000,-7.366990,-35.718800,-0.054810,-0.052734,0.996948,0.174683,0.982544,0.061523,-0.983154,0.177490,-0.044678,1160.000000,557.648000,-19.948000,303.807000,3.116000,0.039000,3.141000,0
-1.227000,3.237010,1.116200,-0.016235,-0.021851,-0.001709,-0.032104,0.005005,0.023315,-0.005493,-0.030396,-0.013428,262.310000,-7.366990,-35.718800,-0.054810,-0.052734,0.996948,0.174683,0.982544,0.061523,-0.983154,0.177612,-0.044678,1160.000000,557.648000,-19.948000,303.807000,3.116000,0.039000,3.141000,0
-1.227000,3.237010,1.116200,-0.016357,-0.021851,-0.001709,-0.032104,0.005005,0.023315,-0.005493,-0.030396,-0.013428,262.310000,-7.366990,-35.718800,-0.054932,-0.052734,0.996948,0.174683,0.982544,0.061523,-0.983154,0.177612,-0.044678,1160.000000,557.648000,-19.948000,303.807000,3.116000,0.039000,3.141000,0
-1.227000,3.237010,1.116200,-0.016357,-0.021851,-0.001709,-0.032104,0.005005,0.023315,-0.005493,-0.030396,-0.013428,262.310000,-7.366990,-35.718800,-0.054932,-0.052734,0.996948,0.174683,0.982544,0.061523,-0.983154,0.177612,-0.044678,1160.000000,557.648000,-19.948000,303.807000,3.116000,0.039000,3.141000,0
-1.227000,3.237010,1.116200,-0.016357,-0.021851,-0.001709,-0.032104,0.005005,0.023315,-0.005493,-0.030518,-0.013428,262.310000,-7.366990,-35.718800,-0.054932,-0.052734,0.996948,0.174683,0.982544,0.061523,-0.983154,0.177490,-0.044678,1160.000000,557.648000,-19.948000,303.807000,3.116000,0.039000,3.141000,0
-1.227000,3.237010,1.116200,-0.016235,-0.021851,-0.001709,-0.032104,0.005005,0.023315,-0.005493,-0.030518,-0.013428,262.310000,-7.366990,-35.718800,-0.054810,-0.052734,0.996948,0.174683,0.982544,0.061523,-0.983154,0.177490,-0.044678,1164.000000,557.648000,-19.948000,303.807000,3.116000,0.039000,3.141000,0
-1.227000,3.237010,1.116200,-0.016235,-0.021851,-0.001709,-0.032104,0.005127,0.023315,-0.005493,-0.030518,-0.013428,262.310000,-7.366990,-35.718800,-0.054810,-0.052734,0.996948,0.174683,0.982666,0.061523,-0.983154,0.177490,-0.044678,1164.000000,557.648000,-19.948000,303.807000,3.116000,0.039000,3.141000,0
-1.227000,3.237010,1.116200,-0.016235,-0.021851,-0.001709,-0.032104,0.005127,0.023315,-0.005493,-0.030518,-0.013428,262.310000,-7.366990,-35.718800,-0.054810,-0.052734,0.996948,0.174683,0.982666,0.061523,-0.983154,0.177490,-0.044678,1164.000000,557.648000,-19.948000,303.807000,3.116000,0.039000,3.141000,0
-1.227000,3.237010,1.116200,-0.016235,-0.021851,-0.001709,-0.032226,0.005127,0.023315,-0.005493,-0.030518,-0.013428,262.310000,-7.366990,-35.718800,-0.054810,-0.052734,0.996948,0.174561,0.982666,0.061523,-0.983154,0.177490,-0.044678,1164.000000,557.648000,-19.948000,303.807000,3.116000,0.039000,3.141000,0
-1.227000,3.237010,1.116200,-0.016235,-0.021973,-0.001709,-0.032226,0.005127,0.023315,-0.005493,-0.030518,-0.013428,262.310000,-7.366990,-35.718800,-0.054810,-0.052856,0.996948,0.174561,0.982666,0.061523,-0.983154,0.177490,-0.044678,1164.000000,557.648000,-19.948000,303.807000,3.116000,0.039000,3.141000,0
-1.227000,3.237010,1.116200,-0.016235,-0.021973,-0.001709,-0.032226,0.005127,0.023315,-0.005493,-0.030518,-0.013428,262.310000,-7.366990,-35.718800,-0.054810,-0.052856,0.996948,0.174561,0.982666,0.061523,-0.983154,0.177490,-0.044678,1164.000000,557.648000,-19.948000,303.807000,3.116000,0.039000,3.141000,0
-1.227000,3.237010,1.116200,-0.016235,-0.021973,-0.001709,-0.032226,0.005127,0.023438,-0.005493,-0.030518,-0.013428,262.310000,-7.366990,-35.718800,-0.054810,-0.052856,0.996948,0.174561,0.982666,0.061645,-0.983154,0.177490,-0.044678,1164.000000,557.648000,-19.948000,303.807000,3.116000,0.039000,3.141000,0
-1.227000,3.237010,1.116200,-0.016235,-0.021973,-0.001709,-0.032226,0.005127,0.023438,-0.005493,-0.030640,-0.013428,262.310000,-7.366990,-35.718800,-0.054810,-0.052856,0.996948,0.174561,0.982666,0.061645,-0.983154,0.177368,-0.044678,1164.000000,557.648000,-19.948000,303.807000,3.116000,0.039000,3.141000,0
-1.227000,3.237010,1.116200,-0.016235,-0.021973,-0.001709,-0.032226,0.005127,0.023438,-0.005493,-0.030640,-0.013428,262.310000,-7.366990,-35.718800,-0.054810,-0.052856,0.996948,0.174561,0.982666,0.061645,-0.983154,0.177368,-0.044678,1164.000000,557.648000,-19.948000,303.807000,3.116000,0.039000,3.141000,0
-1.227000,3.237010,1.116200,-0.016235,-0.021973,-0.001709,-0.032226,0.005127,0.023438,-0.005493,-0.030640,-0.013428,262.310000,-7.366990,-35.718800,-0.054810,-0.052856,0.996948,0.174561,0.982666,0.061645,-0.983154,0.177368,-0.044678,1164.000000,557.648000,-19.948000,303.807000,3.116000,0.039000,3.141000,0
-1.227000,3.237010,1.116200,-0.016235,-0.021973,-0.001709,-0.032226,0.005127,0.023438,-0.005493,-0.030640,-0.013428,262.310000,-7.366990,-35.718800,-0.054810,-0.052856,0.996948,0.174561,0.982666,0.061645,-0.983154,0.177368,-0.044678,1164.000000,557.648000,-19.948000,303.807000,3.116000,0.039000,3.141000,0
-1.227000,3.237010,1.116200,-0.016235,-0.021973,-0.001709,-0.032226,0.005127,0.023438,-0.005493,-0.030640,-0.013428,262.310000,-7.366990,-35.718800,-0.054810,-0.052856,0.996948,0.174561,0.982666,0.061645,-0.983154,0.177368,-0.044678,1164.000000,557.648000,-19.948000,303.807000,3.116000,0.039000,3.141000,0
-1.227000,3.237010,1.116200,-0.016235,-0.021973,-0.001709,-0.032226,0.005127,0.023315,-0.005493,-0.030640,-0.013428,262.310000,-7.366990,-35.718800,-0.054810,-0.052856,0.996948,0.174561,0.982666,0.061523,-0.983154,0.177368,-0.044678,1164.000000,557.648000,-19.948000,303.807000,3.116000,0.039000,3.141000,0
-1.227000,3.237010,1.116200,-0.016235,-0.021973,-0.001709,-0.032226,0.005127,0.023315,-0.005493,-0.030640,-0.013428,262.310000,-7.366990,-35.718800,-0.054810,-0.052856,0.996948,0.174561,0.982666,0.061523,-0.983154,0.177368,-0.044678,1164.000000,557.648000,-19.948000,303.807000,3.116000,0.039000,3.141000,0
-1.227000,3.237010,1.116200,-0.016235,-0.021973,-0.001709,-0.032226,0.005127,0.023315,-0.005493,-0.030640,-0.013428,262.310000,-7.366990,-35.718800,-0.054810,-0.052856,0.996948,0.174561,0.982666,0.061523,-0.983154,0.177368,-0.044678,1164.000000,557.648000,-19.948000,303.807000,3.116000,0.039000,3.141000,0
-1.227000,3.237010,1.116200,-0.016235,-0.021851,-0.001709,-0.032226,0.005127,0.023315,-0.005493,-0.030640,-0.013428,262.310000,-7.366990,-35.718800,-0.054810,-0.052734,0.996948,0.174561,0.982666,0.061523,-0.983154,0.177368,-0.044678,1164.000000,557.648000,-19.948000,303.807000,3.116000,0.039000,3.141000,0
-1.227000,3.237010,1.116200,-0.016235,-0.021851,-0.001709,-0.032226,0.005127,0.023315,-0.005493,-0.030640,-0.013428,262.310000,-7.366990,-35.718800,-0.054810,-0.052734,0.996948,0.174561,0.982666,0.061523,-0.983154,0.177368,-0.044678,1164.000000,557.648000,-19.948000,303.807000,3.116000,0.039000,3.141000,0
-1.227000,3.237010,1.116200,-0.016235,-0.021851,-0.001709,-0.032226,0.005127,0.023315,-0.005493,-0.030518,-0.013306,262.310000,-7.366990,-35.718800,-0.054810,-0.052734,0.996948,0.174561,0.982666,0.061523,-0.983154,0.177490,-0.044556,1160.000000,557.648000,-19.948000,303.807000,3.116000,0.039000,3.141000,0
-1.227000,3.237010,1.116200,-0.016235,-0.021851,-0.001709,-0.032226,0.005127,0.023315,-0.005493,-0.030518,-0.013306,262.310000,-7.366990,-35.718800,-0.054810,-0.052734,0.996948,0.174561,0.982666,0.061523,-0.983154,0.177490,-0.044556,1160.000000,557.648000,-19.948000,303.807000,3.116000,0.039000,3.141000,0
-1.227000,3.237010,1.116200,-0.016235,-0.021973,-0.001709,-0.032226,0.005127,0.023315,-0.005493,-0.030518,-0.013306,262.310000,-7.366990,-35.718800,-0.054810,-0.052856,0.996948,0.174561,0.982666,0.061523,-0.983154,0.177490,-0.044556,1160.000000,557.648000,-19.948000,303.807000,3.116000,0.039000,3.141000,0
-1.227000,3.237010,1.116200,-0.016113,-0.021973,-0.001709,-0.032226,0.005127,0.023315,-0.005493,-0.030518,-0.013306,262.310000,-7.366990,-35.718800,-0.054688,-0.052856,0.996948,0.174561,0.982666,0.061523,-0.983154,0.177490,-0.044556,1160.000000,557.648000,-19.948000,303.807000,3.116000,0.039000,3.141000,0
-1.227000,3.237010,1.116200,-0.016113,-0.021973,-0.001709,-0.032104,0.005127,0.023315,-0.005493,-0.030518,-0.013306,262.310000,-7.366990,-35.718800,-0.054688,-0.052856,0.996948,0.174683,0.982666,0.061523,-0.983154,0.177490,-0.044556,1160.000000,557.648000,-19.948000,303.807000,3.116000,0.039000,3.141000,0
-1.227000,3.237010,1.004600,-0.016113,-0.021973,-0.001709,-0.032104,0.005127,0.023315,-0.005493,-0.030518,-0.013306,262.310000,-7.366990,-35.830400,-0.054688,-0.052856,0.996948,0.174683,0.982666,0.061523,-0.983154,0.177490,-0.044556,1160.000000,557.648000,-19.948000,303.807000,3.116000,0.039000,3.141000,0
-1.227000,3.237010,1.004600,-0.016113,-0.021973,-0.001709,-0.032104,0.005005,0.023315,-0.005493,-0.030518,-0.013306,262.310000,-7.366990,-35.830400,-0.054688,-0.052856,0.996948,0.174683,0.982544,0.061523,-0.983154,0.177490,-0.044556,1160.000000,557.648000,-19.948000,303.807000,3.116000,0.039000,3.141000,0
-1.227000,3.237010,1.004600,-0.016113,-0.021973,-0.001709,-0.032104,0.005005,0.023315,-0.005493,-0.030518,-0.013306,262.310000,-7.366990,-35.830400,-0.054688,-0.052856,0.996948,0.174683,0.982544,0.061523,-0.983154,0.177490,-0.044556,1160.000000,557.648000,-19.948000,303.807000,3.116000,0.039000,3.141000,0
-1.227000,3.237010,1.116200,-0.016235,-0.021851,-0.001709,-0.031982,0.005005,0.023315,-0.005371,-0.030274,-0.013306,262.310000,-7.366990,-35.718800,-0.054810,-0.052734,0.996948,0.174805,0.982544,0.061523,-0.983032,0.177734,-0.044556,1160.000000,557.653000,-19.951000,303.821000,3.116000,0.039000,3.141000,0
-1.227000,3.237010,1.116200,-0.016113,-0.021851,-0.001709,-0.031982,0.005005,0.023315,-0.005371,-0.030274,-0.013306,262.310000,-7.366990,-35.718800,-0.054688,-0.052734,0.996948,0.174805,0.982544,0.061523,-0.983032,0.177734,-0.044556,1160.000000,557.653000,-19.951000,303.821000,3.116000,0.039000,3.141000,0
-1.227000,3.237010,1.004600,-0.016113,-0.021851,-0.001709,-0.031860,0.005005,0.023315,-0.005371,-0.030274,-0.013306,262.310000,-7.366990,-35.830400,-0.054688,-0.052734,0.996948,0.174927,0.982544,0.061523,-0.983032,0.177734,-0.044556,1160.000000,557.653000,-19.951000,303.821000,3.116000,0.039000,3.141000,0
-1.227000,3.237010,1.004600,-0.016113,-0.021851,-0.001709,-0.031860,0.005005,0.023193,-0.005371,-0.030274,-0.013306,262.310000,-7.366990,-35.830400,-0.054688,-0.052734,0.996948,0.174927,0.982544,0.061401,-0.983032,0.177734,-0.044556,1160.000000,557.653000,-19.951000,303.821000,3.116000,0.039000,3.141000,0
-1.227000,3.237010,1.004600,-0.016113,-0.021851,-0.001709,-0.031860,0.005005,0.023193,-0.005371,-0.030274,-0.013306,262.310000,-7.366990,-35.830400,-0.054688,-0.052734,0.996948,0.174927,0.982544,0.061401,-0.983032,0.177734,-0.044556,1160.000000,557.653000,-19.951000,303.821000,3.116000,0.039000,3.141000,0
-1.227000,3.237010,1.004600,-0.016113,-0.021851,-0.001709,-0.031860,0.005005,0.023193,-0.005371,-0.030274,-0.013306,262.310000,-7.366990,-35.830400,-0.054688,-0.052734,0.996948,0.174927,0.982544,0.061401,-0.983032,0.177734,-0.044556,1160.000000,557.653000,-19.951000,303.821000,3.116000,0.039000,3.141000,0
-1.227000,3.237010,1.004600,-0.016113,-0.021851,-0.001709,-0.031860,0.005005,0.023193,-0.005371,-0.030274,-0.013184,262.310000,-7.366990,-35.830400,-0.054688,-0.052734,0.996948,0.174927,0.982544,0.061401,-0.983032,0.177734,-0.044434,1160.000000,557.653000,-19.951000,303.821000,3.116000,0.039000,3.141000,0
-1.227000,3.237010,1.004600,-0.016113,-0.021851,-0.001709,-0.031860,0.005005,0.023193,-0.005371,-0.030152,-0.013306,262.310000,-7.366990,-35.830400,-0.054688,-0.052734,0.996948,0.174927,0.982544,0.061401,-0.983032,0.177856,-0.044556,1156.000000,557.653000,-19.951000,303.821000,3.116000,0.039000,3.141000,0
-1.227000,3.237010,1.116200,-0.016113,-0.021851,-0.001709,-0.031982,0.005005,0.023315,-0.005371,-0.030274,-0.013306,262.310000,-7.366990,-35.718800,-0.054688,-0.052734,0.996948,0.174805,0.982544,0.061523,-0.983032,0.177734,-0.044556,1160.000000,557.653000,-19.951000,303.821000,3.116000,0.039000,3.141000,0
-1.227000,3.237010,1.116200,-0.016113,-0.021851,-0.001709,-0.031982,0.005005,0.023315,-0.005493,-0.030396,-0.013306,262.310000,-7.366990,-35.718800,-0.054688,-0.052734,0.996948,0.174805,0.982544,0.061523,-0.983154,0.177612,-0.044556,1160.000000,557.706000,-19.955000,303.865000,3.116000,0.039000,3.141000,0
-1.227000,3.237010,1.116200,-0.016113,-0.021851,-0.001709,-0.032104,0.005005,0.023315,-0.005493,-0.030396,-0.013306,262.310000,-7.366990,-35.718800,-0.054688,-0.052734,0.996948,0.174683,0.982544,0.061523,-0.983154,0.177612,-0.044556,1160.000000,557.720000,-19.956000,303.876000,3.116000,0.039000,3.141000,0
-1.227000,3.237010,1.116200,-0.016113,-0.021851,-0.001709,-0.032104,0.005005,0.023315,-0.005493,-0.030518,-0.013306,262.310000,-7.366990,-35.718800,-0.054688,-0.052734,0.996948,0.174683,0.982544,0.061523,-0.983154,0.177490,-0.044556,1160.000000,557.725000,-19.957000,303.879000,3.116000,0.039000,3.141000,0
-1.227000,3.237010,1.116200,-0.016113,-0.021851,-0.001709,-0.032104,0.005127,0.023315,-0.005493,-0.030518,-0.013306,262.310000,-7.366990,-35.718800,-0.054688,-0.052734,0.996948,0.174683,0.982666,0.061523,-0.983154,0.177490,-0.044556,1160.000000,557.775000,-19.961000,303.870000,3.116000,0.039000,3.141000,0
-1.227000,3.237010,1.116200,-0.016113,-0.021851,-0.001709,-0.032104,0.005127,0.023315,-0.005493,-0.030518,-0.013306,262.310000,-7.366990,-35.718800,-0.054688,-0.052734,0.996948,0.174683,0.982666,0.061523,-0.983154,0.177490,-0.044556,1164.000000,557.800000,-19.964000,303.836000,3.116000,0.039000,3.141000,0
-1.227000,3.237010,1.004600,-0.016113,-0.021851,-0.001709,-0.032226,0.005127,0.023315,-0.005493,-0.030640,-0.013306,262.310000,-7.366990,-35.830400,-0.054688,-0.052734,0.996948,0.174561,0.982666,0.061523,-0.983154,0.177368,-0.044556,1164.000000,557.880000,-19.968000,303.817000,3.116000,0.039000,3.141000,0
-1.227000,3.237010,1.004600,-0.016113,-0.021851,-0.001709,-0.032226,0.005127,0.023315,-0.005493,-0.030640,-0.013306,262.310000,-7.366990,-35.830400,-0.054688,-0.052734,0.996948,0.174561,0.982666,0.061523,-0.983154,0.177368,-0.044556,1164.000000,558.068000,-19.970000,303.847000,3.116000,0.039000,3.141000,0
-1.227000,3.237010,1.004600,-0.016113,-0.021851,-0.001709,-0.032226,0.005127,0.023315,-0.005493,-0.030640,-0.013306,262.310000,-7.366990,-35.830400,-0.054688,-0.052734,0.996948,0.174561,0.982666,0.061523,-0.983154,0.177368,-0.044556,1164.000000,558.228000,-19.961000,303.875000,3.116000,0.039000,3.141000,0
-1.227000,3.237010,1.004600,-0.016113,-0.021851,-0.001709,-0.032226,0.005127,0.023315,-0.005493,-0.030640,-0.013306,262.310000,-7.366990,-35.830400,-0.054688,-0.052734,0.996948,0.174561,0.982666,0.061523,-0.983154,0.177368,-0.044556,1164.000000,558.279000,-19.960000,303.880000,3.116000,0.039000,3.141000,0
-1.227000,3.237010,1.004600,-0.016113,-0.021851,-0.001709,-0.032226,0.005127,0.023315,-0.005493,-0.030640,-0.013306,262.310000,-7.366990,-35.830400,-0.054688,-0.052734,0.996948,0.174561,0.982666,0.061523,-0.983154,0.177368,-0.044556,1164.000000,558.353000,-19.959000,303.884000,3.116000,0.039000,3.141000,0
-1.227000,3.237010,1.004600,-0.016113,-0.021851,-0.001709,-0.032226,0.005127,0.023315,-0.005493,-0.030640,-0.013306,262.310000,-7.366990,-35.830400,-0.054688,-0.052734,0.996948,0.174561,0.982666,0.061523,-0.983154,0.177368,-0.044556,1164.000000,558.452000,-19.957000,303.882000,3.116000,0.039000,3.141000,0
-1.227000,3.237010,1.116200,-0.016235,-0.021851,-0.001709,-0.032226,0.005127,0.023315,-0.005493,-0.030640,-0.013306,262.310000,-7.366990,-35.718800,-0.054810,-0.052734,0.996948,0.174561,0.982666,0.061523,-0.983154,0.177368,-0.044556,1164.000000,558.545000,-19.957000,303.873000,3.116000,0.039000,3.141000,0
-1.227000,3.237010,1.116200,-0.016235,-0.021851,-0.001709,-0.032226,0.005127,0.023315,-0.005493,-0.030640,-0.013428,262.310000,-7.366990,-35.718800,-0.054810,-0.052734,0.996948,0.174561,0.982666,0.061523,-0.983154,0.177368,-0.044678,1164.000000,558.654000,-19.958000,303.865000,3.116000,0.039000,3.141000,0
-1.227000,3.237010,1.116200,-0.016357,-0.021973,-0.001709,-0.032226,0.005127,0.023315,-0.005493,-0.030640,-0.013428,262.310000,-7.366990,-35.718800,-0.054932,-0.052856,0.996948,0.174561,0.982666,0.061523,-0.983154,0.177368,-0.044678,1168.000000,558.898000,-19.959000,303.854000,3.116000,0.039000,3.141000,0
-1.227000,3.237010,1.116200,-0.016357,-0.021973,-0.001709,-0.032226,0.005127,0.023438,-0.005493,-0.030640,-0.013550,262.310000,-7.366990,-35.718800,-0.054932,-0.052856,0.996948,0.174561,0.982666,0.061645,-0.983154,0.177368,-0.044800,1168.000000,558.921000,-19.959000,303.854000,3.116000,0.039000,3.141000,0
-1.227000,3.237010,1.116200,-0.016357,-0.021973,-0.001709,-0.032349,0.005127,0.023438,-0.005493,-0.030640,-0.013550,262.310000,-7.366990,-35.718800,-0.054932,-0.052856,0.996948,0.174438,0.982666,0.061645,-0.983154,0.177368,-0.044800,1168.000000,559.099000,-19.958000,303.868000,3.116000,0.039000,3.141000,0
-1.339000,3.237010,1.116200,-0.016602,-0.022095,-0.001709,-0.032471,0.005127,0.023560,-0.005493,-0.030762,-0.013672,262.198000,-7.366990,-35.718800,-0.055176,-0.052978,0.996948,0.174316,0.982666,0.061768,-0.983154,0.177246,-0.044922,1172.000000,559.355000,-19.961000,303.900000,3.116000,0.039000,3.141000,0
-1.339000,3.237010,1.116200,-0.016724,-0.022217,-0.001709,-0.032593,0.005127,0.023682,-0.005493,-0.030884,-0.013794,262.198000,-7.366990,-35.718800,-0.055298,-0.053101,0.996948,0.174194,0.982666,0.061890,-0.983154,0.177124,-0.045044,1176.000000,559.810000,-19.964000,303.926000,3.116000,0.039000,3.141000,0
-1.339000,3.348630,1.116200,-0.016846,-0.022217,-0.001709,-0.032715,0.005127,0.023804,-0.005493,-0.031006,-0.013916,262.198000,-7.255370,-35.718800,-0.055420,-0.053101,0.996948,0.174072,0.982666,0.062012,-0.983154,0.177002,-0.045166,1180.000000,560.385000,-19.968000,303.916000,3.116000,0.039000,3.141000,0
-1.339000,3.348630,1.116200,-0.016968,-0.022339,-0.001709,-0.032715,0.005127,0.023804,-0.005493,-0.031006,-0.014038,262.198000,-7.255370,-35.718800,-0.055542,-0.053223,0.996948,0.174072,0.982666,0.062012,-0.983154,0.177002,-0.045288,1184.000000,560.717000,-19.973000,303.914000,3.116000,0.039000,3.141000,0
-1.339000,3.348630,1.116200,-0.016968,-0.022339,-0.001709,-0.032715,0.005127,0.023926,-0.005493,-0.031006,-0.014038,262.198000,-7.255370,-35.718800,-0.055542,-0.053223,0.996948,0.174072,0.982666,0.062134,-0.983154,0.177002,-0.045288,1184.000000,560.963000,-19.976000,303.922000,3.116000,0.039000,3.141000,0
-1.339000,3.348630,1.116200,-0.017090,-0.022461,-0.001831,-0.032837,0.005127,0.023926,-0.005493,-0.031128,-0.014160,262.198000,-7.255370,-35.718800,-0.055664,-0.053345,0.996826,0.173950,0.982666,0.062134,-0.983154,0.176880,-0.045410,1188.000000,561.190000,-19.978000,303.938000,3.116000,0.039000,3.141000,0
-1.339000,3.348630,1.116200,-0.017090,-0.022461,-0.001831,-0.032837,0.005127,0.024048,-0.005493,-0.031128,-0.014282,262.198000,-7.255370,-35.718800,-0.055664,-0.053345,0.996826,0.173950,0.982666,0.062256,-0.983154,0.176880,-0.045532,1188.000000,561.455000,-19.980000,303.955000,3.116000,0.039000,3.141000,0
-1.339000,3.348630,1.116200,-0.017212,-0.022583,-0.001831,-0.032959,0.005127,0.024048,-0.005493,-0.031250,-0.014282,262.198000,-7.255370,-35.718800,-0.055786,-0.053467,0.996826,0.173828,0.982666,0.062256,-0.983154,0.176758,-0.045532,1192.000000,561.673000,-19.983000,303.968000,3.116000,0.039000,3.141000,0
-1.339000,3.348630,1.116200,-0.017334,-0.022583,-0.001831,-0.032959,0.005127,0.024170,-0.005493,-0.031250,-0.014404,262.198000,-7.255370,-35.718800,-0.055908,-0.053467,0.996826,0.173828,0.982666,0.062378,-0.983154,0.176758,-0.045654,1196.000000,561.919000,-19.986000,303.982000,3.116000,0.039000,3.141000,0
-1.339000,3.348630,1.116200,-0.017334,-0.022705,-0.001831,-0.033081,0.005127,0.024292,-0.005615,-0.031250,-0.014404,262.198000,-7.255370,-35.718800,-0.055908,-0.053589,0.996826,0.173706,0.982666,0.062500,-0.983276,0.176758,-0.045654,1200.000000,562.164000,-19.989000,303.991000,3.116000,0.039000,3.141000,0
-1.339000,3.348630,1.116200,-0.017456,-0.022705,-0.001831,-0.033081,0.005127,0.024414,-0.005615,-0.031372,-0.014526,262.198000,-7.255370,-35.718800,-0.056030,-0.053589,0.996826,0.173706,0.982666,0.062622,-0.983276,0.176636,-0.045776,1204.000000,562.407000,-19.990000,303.994000,3.116000,0.039000,3.141000,0
-1.451000,3.348630,1.116200,-0.017578,-0.022827,-0.001831,-0.033203,0.005127,0.024414,-0.005615,-0.031372,-0.014526,262.086000,-7.255370,-35.718800,-0.056152,-0.053711,0.996826,0.173584,0.982666,0.062622,-0.983276,0.176636,-0.045776,1208.000000,562.657000,-19.991000,303.984000,3.116000,0.039000,3.141000,0
-1.451000,3.348630,1.116200,-0.017578,-0.022827,-0.001831,-0.033203,0.005127,0.024536,-0.005615,-0.031494,-0.014648,262.086000,-7.255370,-35.718800,-0.056152,-0.053711,0.996826,0.173584,0.982666,0.062744,-0.983276,0.176514,-0.045898,1208.000000,562.935000,-19.991000,303.968000,3.117000,0.039000,3.141000,0
-1.451000,3.348630,1.116200,-0.017700,-0.022949,-0.001831,-0.033325,0.005249,0.024658,-0.005615,-0.031494,-0.014648,262.086000,-7.255370,-35.718800,-0.056274,-0.053833,0.996826,0.173462,0.982788,0.062866,-0.983276,0.176514,-0.045898,1216.000000,563.173000,-19.992000,303.957000,3.117000,0.039000,3.141000,0
-1.451000,3.348630,1.116200,-0.017822,-0.023071,-0.001831,-0.033447,0.005249,0.024780,-0.005615,-0.031616,-0.014770,262.086000,-7.255370,-35.718800,-0.056397,-0.053955,0.996826,0.173340,0.982788,0.062988,-0.983276,0.176392,-0.046020,1220.000000,563.449000,-19.992000,303.950000,3.117000,0.039000,3.141000,0
-1.451000,3.348630,1.116200,-0.017944,-0.023315,-0.001831,-0.033569,0.005249,0.024902,-0.005615,-0.031738,-0.014893,262.086000,-7.255370,-35.718800,-0.056519,-0.054199,0.996826,0.173218,0.982788,0.063110,-0.983276,0.176270,-0.046143,1228.000000,563.741000,-19.992000,303.964000,3.117000,0.039000,3.141000,0
-1.562000,3.348630,1.116200,-0.018066,-0.023438,-0.001831,-0.033691,0.005249,0.025024,-0.005615,-0.031861,-0.015015,261.975000,-7.255370,-35.718800,-0.056641,-0.054321,0.996826,0.173096,0.982788,0.063232,-0.983276,0.176147,-0.046265,1232.000000,564.025000,-19.993000,303.986000,3.117000,0.039000,3.141000,0
-1.562000,3.460250,1.116200,-0.018188,-0.023560,-0.001953,-0.033813,0.005249,0.025146,-0.005615,-0.031983,-0.015137,261.975000,-7.143750,-35.718800,-0.056763,-0.054443,0.996704,0.172974,0.982788,0.063354,-0.983276,0.176025,-0.046387,1240.000000,564.319000,-19.995000,304.011000,3.117000,0.039000,3.141000,0
-1.562000,3.460250,1.227900,-0.018555,-0.023682,-0.001953,-0.034180,0.005249,0.025391,-0.005737,-0.032227,-0.015381,261.975000,-7.143750,-35.607100,-0.057129,-0.054565,0.996704,0.172607,0.982788,0.063599,-0.983398,0.175781,-0.046631,1248.000000,564.642000,-19.997000,304.036000,3.117000,0.039000,3.141000,0
-1.562000,3.460250,1.227900,-0.018677,-0.023926,-0.001953,-0.034302,0.005371,0.025635,-0.005737,-0.032471,-0.015625,261.975000,-7.143750,-35.607100,-0.057251,-0.054810,0.996704,0.172485,0.982910,0.063843,-0.983398,0.175537,-0.046875,1256.000000,564.912000,-19.998000,304.058000,3.116000,0.039000,3.141000,0
-1.674000,3.460250,1.227900,-0.019043,-0.024048,-0.001953,-0.034668,0.005371,0.025879,-0.005737,-0.032715,-0.015869,261.863000,-7.143750,-35.607100,-0.057617,-0.054932,0.996704,0.172119,0.982910,0.064087,-0.983398,0.175293,-0.047119,1268.000000,565.208000,-19.997000,304.080000,3.116000,0.039000,3.141000,0
-1.674000,3.460250,1.227900,-0.019287,-0.024292,-0.001953,-0.034790,0.005371,0.026001,-0.005737,-0.032837,-0.016113,261.863000,-7.143750,-35.607100,-0.057861,-0.055176,0.996704,0.171997,0.982910,0.064209,-0.983398,0.175171,-0.047363,1280.000000,565.512000,-19.996000,304.087000,3.116000,0.039000,3.141000,0
-1.786000,3.571870,1.227900,-0.019409,-0.024414,-0.002075,-0.035034,0.005371,0.026245,-0.005737,-0.033081,-0.016235,261.751000,-7.032130,-35.607100,-0.057983,-0.055298,0.996582,0.171753,0.982910,0.064453,-0.983398,0.174927,-0.047485,1288.000000,565.847000,-19.996000,304.094000,3.116000,0.039000,3.141000,0
-1.786000,3.571870,1.227900,-0.019775,-0.024658,-0.002075,-0.035278,0.005371,0.026489,-0.005860,-0.033203,-0.016602,261.751000,-7.032130,-35.607100,-0.058350,-0.055542,0.996582,0.171509,0.982910,0.064697,-0.983521,0.174805,-0.047852,1304.000000,566.148000,-19.995000,304.096000,3.116000,0.039000,3.141000,0
-1.786000,3.571870,1.227900,-0.020020,-0.024902,-0.002075,-0.035400,0.005371,0.026733,-0.005860,-0.033325,-0.016846,261.751000,-7.032130,-35.607100,-0.058594,-0.055786,0.996582,0.171387,0.982910,0.064941,-0.983521,0.174683,-0.048096,1316.000000,566.450000,-19.994000,304.076000,3.116000,0.039000,3.141000,0
-1.897000,3.571870,1.227900,-0.020386,-0.025146,-0.002075,-0.035644,0.005493,0.027100,-0.005860,-0.033570,-0.017090,261.640000,-7.032130,-35.607100,-0.058960,-0.056030,0.996582,0.171143,0.983032,0.065308,-0.983521,0.174438,-0.048340,1336.000000,566.721000,-19.993000,304.048000,3.116000,0.039000,3.141000,0
-1.897000,3.571870,1.227900,-0.020630,-0.025269,-0.002075,-0.035766,0.005493,0.027344,-0.005860,-0.033692,-0.017334,261.640000,-7.032130,-35.607100,-0.059204,-0.056152,0.996582,0.171021,0.983032,0.065552,-0.983521,0.174316,-0.048584,1348.000000,567.028000,-19.991000,304.026000,3.116000,0.039000,3.141000,0
-2.009000,3.571870,1.227900,-0.020874,-0.025513,-0.002197,-0.035889,0.005493,0.027588,-0.005860,-0.033814,-0.017578,261.528000,-7.032130,-35.607100,-0.059448,-0.056397,0.996460,0.170898,0.983032,0.065796,-0.983521,0.174194,-0.048828,1360.000000,567.343000,-19.991000,304.016000,3.116000,0.039000,3.141000,0
-2.009000,3.571870,1.227900,-0.021240,-0.025879,-0.002197,-0.036133,0.005493,0.027954,-0.005860,-0.033936,-0.017822,261.528000,-7.032130,-35.607100,-0.059814,-0.056763,0.996460,0.170654,0.983032,0.066162,-0.983521,0.174072,-0.049072,1384.000000,567.663000,-19.991000,304.008000,3.116000,0.039000,3.141000,0
-2.120000,3.571870,1.227900,-0.021484,-0.026001,-0.002197,-0.036255,0.005493,0.028076,-0.005860,-0.034180,-0.018066,261.417000,-7.032130,-35.607100,-0.060059,-0.056885,0.996460,0.170532,0.983032,0.066284,-0.983521,0.173828,-0.049316,1400.000000,567.986000,-19.990000,303.996000,3.116000,0.039000,3.141000,0
-2.120000,3.683490,1.227900,-0.021728,-0.026367,-0.002319,-0.036621,0.005493,0.028442,-0.005982,-0.034424,-0.018311,261.417000,-6.920510,-35.607100,-0.060303,-0.057251,0.996338,0.170166,0.983032,0.066650,-0.983643,0.173584,-0.049561,1424.000000,568.346000,-19.991000,304.008000,3.116000,0.039000,3.141000,0
-2.232000,3.683490,1.227900,-0.021973,-0.026611,-0.002319,-0.036865,0.005493,0.028686,-0.005982,-0.034668,-0.018555,261.305000,-6.920510,-35.607100,-0.060547,-0.057495,0.996338,0.169922,0.983032,0.066894,-0.983643,0.173340,-0.049805,1440.000000,568.667000,-19.992000,304.011000,3.116000,0.039000,3.141000,0
-2.232000,3.683490,1.339500,-0.022217,-0.026856,-0.002319,-0.037109,0.005615,0.029053,-0.005982,-0.034790,-0.018677,261.305000,-6.920510,-35.495500,-0.060791,-0.057739,0.996338,0.169678,0.983154,0.067261,-0.983643,0.173218,-0.049927,1456.000000,568.956000,-19.992000,304.015000,3.116000,0.039000,3.141000,0
-2.344000,3.795110,1.339500,-0.022583,-0.027222,-0.002319,-0.037475,0.005615,0.029419,-0.005982,-0.035156,-0.019043,261.193000,-6.808890,-35.495500,-0.061157,-0.058105,0.996338,0.169312,0.983154,0.067627,-0.983643,0.172852,-0.050293,1480.000000,569.286000,-19.991000,304.032000,3.116000,0.039000,3.141000,0
-2.344000,3.795110,1.339500,-0.022827,-0.027466,-0.002441,-0.037598,0.005615,0.029663,-0.005982,-0.035279,-0.019165,261.193000,-6.808890,-35.495500,-0.061401,-0.058350,0.996216,0.169189,0.983154,0.067871,-0.983643,0.172729,-0.050415,1500.000000,569.599000,-19.992000,304.045000,3.116000,0.039000,3.141000,0
-2.455000,3.795110,1.339500,-0.023193,-0.027710,-0.002441,-0.037964,0.005615,0.030029,-0.006104,-0.035645,-0.019531,261.082000,-6.808890,-35.495500,-0.061768,-0.058594,0.996216,0.168823,0.983154,0.068237,-0.983765,0.172363,-0.050781,1524.000000,569.941000,-19.993000,304.055000,3.116000,0.039000,3.141000,0
-2.455000,3.795110,1.339500,-0.023438,-0.027954,-0.002441,-0.038208,0.005615,0.030273,-0.006104,-0.035767,-0.019775,261.082000,-6.808890,-35.495500,-0.062012,-0.058838,0.996216,0.168579,0.983154,0.068481,-0.983765,0.172241,-0.051025,1544.000000,570.257000,-19.996000,304.067000,3.116000,0.039000,3.141000,0
-2.567000,3.906730,1.339500,-0.023682,-0.028076,-0.002441,-0.038452,0.005737,0.030518,-0.006104,-0.036011,-0.020020,260.970000,-6.697270,-35.495500,-0.062256,-0.058960,0.996216,0.168335,0.983276,0.068726,-0.983765,0.171997,-0.051270,1560.000000,570.548000,-19.998000,304.085000,3.116000,0.039000,3.141000,0
-2.679000,3.906730,1.339500,-0.024048,-0.028442,-0.002563,-0.038818,0.005737,0.030762,-0.006104,-0.036255,-0.020386,260.858000,-6.697270,-35.495500,-0.062622,-0.059326,0.996094,0.167969,0.983276,0.068970,-0.983765,0.171753,-0.051636,1588.000000,570.867000,-20.000000,304.098000,3.116000,0.039000,3.141000,0
-2.679000,3.906730,1.339500,-0.024292,-0.028564,-0.002563,-0.038940,0.005737,0.031006,-0.006226,-0.036499,-0.020508,260.858000,-6.697270,-35.495500,-0.062866,-0.059448,0.996094,0.167847,0.983276,0.069214,-0.983887,0.171509,-0.051758,1608.000000,571.182000,-20.002000,304.112000,3.116000,0.039000,3.141000,0
-2.790000,3.906730,1.339500,-0.024536,-0.028931,-0.002563,-0.039307,0.005737,0.031372,-0.006226,-0.036743,-0.020874,260.747000,-6.697270,-35.495500,-0.063110,-0.059814,0.996094,0.167480,0.983276,0.069580,-0.983887,0.171265,-0.052124,1636.000000,571.499000,-20.004000,304.127000,3.116000,0.039000,3.141000,0
-2.790000,3.906730,1.339500,-0.024780,-0.029053,-0.002563,-0.039429,0.005737,0.031494,-0.006226,-0.036865,-0.020996,260.747000,-6.697270,-35.495500,-0.063354,-0.059936,0.996094,0.167358,0.983276,0.069702,-0.983887,0.171143,-0.052246,1656.000000,571.818000,-20.006000,304.127000,3.116000,0.039000,3.141000,0
-2.902000,4.018360,1.339500,-0.024902,-0.029297,-0.002685,-0.039551,0.005737,0.031738,-0.006226,-0.036987,-0.021118,260.635000,-6.585640,-35.495500,-0.063477,-0.060181,0.995972,0.167236,0.983276,0.069946,-0.983887,0.171021,-0.052368,1676.000000,572.167000,-20.008000,304.138000,3.116000,0.039000,3.141000,0
-3.013000,4.018360,1.339500,-0.025147,-0.029663,-0.002685,-0.039673,0.005737,0.032105,-0.006226,-0.036987,-0.021362,260.524000,-6.585640,-35.495500,-0.063721,-0.060547,0.995972,0.167114,0.983276,0.070313,-0.983887,0.171021,-0.052612,1708.000000,572.454000,-20.009000,304.148000,3.116000,0.039000,3.141000,0
-3.013000,4.018360,1.227900,-0.025391,-0.029785,-0.002685,-0.039673,0.005737,0.032349,-0.006226,-0.037110,-0.021484,260.524000,-6.585640,-35.607100,-0.063965,-0.060669,0.995972,0.167114,0.983276,0.070557,-0.983887,0.170898,-0.052734,1728.000000,572.781000,-20.009000,304.149000,3.116000,0.039000,3.141000,0
-3.125000,4.018360,1.227900,-0.025513,-0.030151,-0.002685,-0.039795,0.005737,0.032715,-0.006226,-0.037110,-0.021606,260.412000,-6.585640,-35.607100,-0.064087,-0.061035,0.995972,0.166992,0.983276,0.070923,-0.983887,0.170898,-0.052856,1764.000000,573.111000,-20.010000,304.152000,3.116000,0.039000,3.141000,0
-3.237000,4.018360,1.227900,-0.025635,-0.030396,-0.002807,-0.039795,0.005737,0.032959,-0.006226,-0.037110,-0.021728,260.300000,-6.585640,-35.607100,-0.064209,-0.061279,0.995850,0.166992,0.983276,0.071167,-0.983887,0.170898,-0.052978,1784.000000,573.441000,-20.011000,304.166000,3.116000,0.039000,3.141000,0
-3.348000,4.018360,1.227900,-0.025757,-0.030640,-0.002807,-0.039917,0.005737,0.033203,-0.006226,-0.037232,-0.021728,260.189000,-6.585640,-35.607100,-0.064331,-0.061523,0.995850,0.166870,0.983276,0.071411,-0.983887,0.170776,-0.052978,1808.000000,573.762000,-20.012000,304.185000,3.116000,0.039000,3.141000,0
-3.460000,4.018360,1.116200,-0.025879,-0.031006,-0.002807,-0.039917,0.005737,0.033569,-0.006226,-0.037232,-0.021851,260.077000,-6.585640,-35.718800,-0.064453,-0.061890,0.995850,0.166870,0.983276,0.071777,-0.983887,0.170776,-0.053101,1844.000000,574.108000,-20.012000,304.196000,3.116000,0.039000,3.141000,0
-3.460000,4.018360,1.116200,-0.026001,-0.031250,-0.002807,-0.040039,0.005737,0.033814,-0.006226,-0.037232,-0.021851,260.077000,-6.585640,-35.718800,-0.064575,-0.062134,0.995850,0.166748,0.983276,0.072022,-0.983887,0.170776,-0.053101,1868.000000,574.397000,-20.013000,304.201000,3.116000,0.039000,3.141000,0
-3.683000,4.018360,1.116200,-0.026123,-0.031616,-0.002807,-0.040039,0.005737,0.034180,-0.006226,-0.037232,-0.021851,259.854000,-6.585640,-35.718800,-0.064697,-0.062500,0.995850,0.166748,0.983276,0.072388,-0.983887,0.170776,-0.053101,1904.000000,574.716000,-20.013000,304.206000,3.117000,0.039000,3.141000,0
-3.683000,4.018360,1.004600,-0.026123,-0.031738,-0.002807,-0.040039,0.005737,0.034424,-0.006226,-0.037232,-0.021851,259.854000,-6.585640,-35.830400,-0.064697,-0.062622,0.995850,0.166748,0.983276,0.072632,-0.983887,0.170776,-0.053101,1932.000000,575.032000,-20.016000,304.214000,3.117000,0.039000,3.141000,0
-3.795000,4.018360,1.004600,-0.026123,-0.031982,-0.002929,-0.040039,0.005615,0.034668,-0.006226,-0.037232,-0.021851,259.742000,-6.585640,-35.830400,-0.064697,-0.062866,0.995728,0.166748,0.983154,0.072876,-0.983887,0.170776,-0.053101,1956.000000,575.381000,-20.019000,304.222000,3.117000,0.039000,3.141000,0
-3.906000,4.018360,0.893000,-0.026123,-0.032227,-0.002929,-0.040161,0.005615,0.034912,-0.006226,-0.037232,-0.021851,259.631000,-6.585640,-35.942000,-0.064697,-0.063110,0.995728,0.166626,0.983154,0.073120,-0.983887,0.170776,-0.053101,1996.000000,575.670000,-20.021000,304.228000,3.117000,0.039000,3.141000,0
-4.018000,4.018360,0.893000,-0.026123,-0.032471,-0.002929,-0.040161,0.005615,0.035034,-0.006226,-0.037232,-0.021728,259.519000,-6.585640,-35.942000,-0.064697,-0.063354,0.995728,0.166626,0.983154,0.073242,-0.983887,0.170776,-0.052978,2024.000000,576.026000,-20.020000,304.247000,3.117000,0.039000,3.141000,0
-4.130000,4.018360,0.781400,-0.026001,-0.032715,-0.002929,-0.040161,0.005615,0.035400,-0.006226,-0.037354,-0.021606,259.407000,-6.585640,-36.053600,-0.064575,-0.063599,0.995728,0.166626,0.983154,0.073608,-0.983887,0.170654,-0.052856,2064.000000,576.310000,-20.020000,304.248000,3.117000,0.039000,3.141000,0
-4.241000,4.018360,0.669800,-0.026001,-0.032959,-0.002929,-0.040161,0.005615,0.035523,-0.006226,-0.037232,-0.021606,259.296000,-6.585640,-36.165200,-0.064575,-0.063843,0.995728,0.166626,0.983154,0.073731,-0.983887,0.170776,-0.052856,2092.000000,576.628000,-20.022000,304.252000,3.117000,0.039000,3.141000,0
-4.353000,4.018360,0.669800,-0.025879,-0.033081,-0.002929,-0.040039,0.005615,0.035767,-0.006226,-0.037232,-0.021484,259.184000,-6.585640,-36.165200,-0.064453,-0.063965,0.995728,0.166748,0.983154,0.073975,-0.983887,0.170776,-0.052734,2124.000000,576.946000,-20.024000,304.260000,3.117000,0.039000,3.141000,0
-4.576000,4.018360,0.558100,-0.025879,-0.033447,-0.002929,-0.039917,0.005615,0.036011,-0.006226,-0.037110,-0.021362,258.961000,-6.585640,-36.276900,-0.064453,-0.064331,0.995728,0.166870,0.983154,0.074219,-0.983887,0.170898,-0.052612,2168.000000,577.263000,-20.023000,304.265000,3.117000,0.039000,3.141000,0
-4.688000,4.018360,0.446500,-0.025757,-0.033569,-0.002929,-0.039917,0.005493,0.036133,-0.006226,-0.036987,-0.021240,258.849000,-6.585640,-36.388500,-0.064331,-0.064453,0.995728,0.166870,0.983032,0.074341,-0.983887,0.171021,-0.052490,2200.000000,577.578000,-20.021000,304.264000,3.117000,0.039000,3.141000,0
