Dif_X,Dif_Y,Dif_Z,Dif_X1,Dif_X2,Dif_X3,Dif_Y1,Dif_Y2,Dif_Y3,Dif_Z1,Dif_Z2,Dif_Z3,NDI_X,NDI_Y,NDI_Z,NDI_Rot_X1,NDI_Rot_X2,NDI_Rot_X3,NDI_Rot_Y1,NDI_Rot_Y2,NDI_Rot_Y3,NDI_Rot_Z1,NDI_Rot_Z2,NDI_Rot_Z3,NDI_Quality,Kuka_X,Kuka_Y,Kuka_Z,Kuka_A,Kuka_B,Kuka_C,Kuka_TSL
-1.339000,2.902190,1.116200,-0.015991,-0.020752,-0.001709,0.024658,0.018433,-0.005371,-0.018921,0.022949,0.025879,261.975000,-7.478610,-36.053600,-0.042847,-0.066162,0.996704,0.607544,-0.793823,-0.026611,0.793091,0.604492,0.074097,1216.000000,557.637000,-19.960000,303.827000,3.116000,0.039000,3.141000,0
-1.339000,2.902190,1.116200,-0.015991,-0.020752,-0.001709,0.024658,0.018433,-0.005371,-0.018921,0.022949,0.025879,261.975000,-7.478610,-36.053600,-0.042847,-0.066162,0.996704,0.607544,-0.793823,-0.026611,0.793091,0.604492,0.074097,1216.000000,557.638000,-19.959000,303.827000,3.116000,0.039000,3.141000,0
-1.339000,2.902190,1.116200,-0.015991,-0.020752,-0.001709,0.024658,0.018433,-0.005371,-0.018921,0.022949,0.025879,261.975000,-7.478610,-36.053600,-0.042847,-0.066162,0.996704,0.607544,-0.793823,-0.026611,0.793091,0.604492,0.074097,1216.000000,557.638000,-19.959000,303.827000,3.116000,0.039000,3.141000,0
-1.339000,2.902190,1.116200,-0.015991,-0.020752,-0.001709,0.024658,0.018433,-0.005371,-0.019043,0.022949,0.025879,261.975000,-7.478610,-36.053600,-0.042847,-0.066162,0.996704,0.607544,-0.793823,-0.026611,0.792969,0.604492,0.074097,1216.000000,557.638000,-19.959000,303.827000,3.116000,0.039000,3.141000,0
-1.339000,2.902190,1.116200,-0.015991,-0.020752,-0.001709,0.024658,0.018433,-0.005371,-0.019043,0.022949,0.025879,261.975000,-7.478610,-36.053600,-0.042847,-0.066162,0.996704,0.607544,-0.793823,-0.026611,0.792969,0.604492,0.074097,1216.000000,557.638000,-19.959000,303.827000,3.116000,0.039000,3.141000,0
-1.339000,2.902190,1.116200,-0.015991,-0.020752,-0.001709,0.024658,0.018433,-0.005371,-0.019043,0.022949,0.025879,261.975000,-7.478610,-36.053600,-0.042847,-0.066162,0.996704,0.607544,-0.793823,-0.026611,0.792969,0.604492,0.074097,1216.000000,557.637000,-19.959000,303.827000,3.116000,0.039000,3.141000,0
-1.339000,2.902190,1.116200,-0.015991,-0.020752,-0.001709,0.024658,0.018433,-0.005371,-0.019043,0.022949,0.025879,261.975000,-7.478610,-36.053600,-0.042847,-0.066162,0.996704,0.607544,-0.793823,-0.026611,0.792969,0.604492,0.074097,1216.000000,557.637000,-19.960000,303.827000,3.116000,0.039000,3.141000,0
-1.339000,2.902190,1.116200,-0.015991,-0.020752,-0.001709,0.024658,0.018433,-0.005371,-0.019043,0.022949,0.026001,261.975000,-7.478610,-36.053600,-0.042847,-0.066162,0.996704,0.607544,-0.793823,-0.026611,0.792969,0.604492,0.074219,1216.000000,557.637000,-19.960000,303.827000,3.116000,0.039000,3.141000,0
-1.339000,3.013810,1.116200,-0.015991,-0.020752,-0.001709,0.024658,0.018433,-0.005371,-0.019043,0.022949,0.026001,261.975000,-7.366990,-36.053600,-0.042847,-0.066162,0.996704,0.607544,-0.793823,-0.026611,0.792969,0.604492,0.074219,1216.000000,557.637000,-19.960000,303.827000,3.116000,0.039000,3.141000,0
-1.339000,3.013810,1.116200,-0.015991,-0.020752,-0.001709,0.024658,0.018433,-0.005371,-0.019043,0.022949,0.026001,261.975000,-7.366990,-36.053600,-0.042847,-0.066162,0.996704,0.607544,-0.793823,-0.026611,0.792969,0.604492,0.074219,1216.000000,557.637000,-19.959000,303.827000,3.116000,0.039000,3.141000,0
-1.339000,3.013810,1.116200,-0.015991,-0.020874,-0.001709,0.024658,0.018433,-0.005371,-0.019043,0.022949,0.026001,261.975000,-7.366990,-36.053600,-0.042847,-0.066284,0.996704,0.607544,-0.793823,-0.026611,0.792969,0.604492,0.074219,1216.000000,557.638000,-19.959000,303.827000,3.116000,0.039000,3.141000,0
-1.339000,3.013810,1.116200,-0.016113,-0.020874,-0.001709,0.024658,0.018433,-0.005371,-0.019043,0.022949,0.026001,261.975000,-7.366990,-36.053600,-0.042969,-0.066284,0.996704,0.607544,-0.793823,-0.026611,0.792969,0.604492,0.074219,1216.000000,557.637000,-19.959000,303.827000,3.116000,0.039000,3.141000,0
-1.339000,3.013810,1.116200,-0.016113,-0.020874,-0.001709,0.024658,0.018433,-0.005371,-0.019043,0.022949,0.026001,261.975000,-7.366990,-36.053600,-0.042969,-0.066284,0.996704,0.607544,-0.793823,-0.026611,0.792969,0.604492,0.074219,1216.000000,557.637000,-19.959000,303.827000,3.116000,0.039000,3.141000,0
-1.339000,3.013810,1.116200,-0.016113,-0.020874,-0.001709,0.024658,0.018433,-0.005371,-0.019043,0.023071,0.026001,261.975000,-7.366990,-36.053600,-0.042969,-0.066284,0.996704,0.607544,-0.793823,-0.026611,0.792969,0.604614,0.074219,1216.000000,557.638000,-19.959000,303.827000,3.116000,0.039000,3.141000,0
-1.339000,3.013810,1.116200,-0.016113,-0.020874,-0.001709,0.024658,0.018433,-0.005371,-0.019043,0.023071,0.026001,261.975000,-7.366990,-36.053600,-0.042969,-0.066284,0.996704,0.607544,-0.793823,-0.026611,0.792969,0.604614,0.074219,1216.000000,557.637000,-19.959000,303.827000,3.116000,0.039000,3.141000,0
-1.339000,3.013810,1.116200,-0.015991,-0.020874,-0.001709,0.024658,0.018433,-0.005371,-0.019043,0.023071,0.026001,261.975000,-7.366990,-36.053600,-0.042847,-0.066284,0.996704,0.607544,-0.793823,-0.026611,0.792969,0.604614,0.074219,1216.000000,557.637000,-19.959000,303.827000,3.116000,0.039000,3.141000,0
-1.339000,3.013810,1.116200,-0.015991,-0.020874,-0.001709,0.024658,0.018433,-0.005371,-0.019043,0.023071,0.026001,261.975000,-7.366990,-36.053600,-0.042847,-0.066284,0.996704,0.607544,-0.793823,-0.026611,0.792969,0.604614,0.074219,1220.000000,557.638000,-19.959000,303.827000,3.116000,0.039000,3.141000,0
-1.339000,3.013810,1.116200,-0.015991,-0.020752,-0.001709,0.024658,0.018433,-0.005371,-0.019043,0.023071,0.026001,261.975000,-7.366990,-36.053600,-0.042847,-0.066162,0.996704,0.607544,-0.793823,-0.026611,0.792969,0.604614,0.074219,1220.000000,557.638000,-19.959000,303.827000,3.116000,0.039000,3.141000,0
-1.339000,3.013810,1.116200,-0.015991,-0.020752,-0.001709,0.024658,0.018433,-0.005371,-0.019043,0.023071,0.026001,261.975000,-7.366990,-36.053600,-0.042847,-0.066162,0.996704,0.607544,-0.793823,-0.026611,0.792969,0.604614,0.074219,1220.000000,557.638000,-19.959000,303.827000,3.116000,0.039000,3.141000,0
-1.339000,3.013810,1.116200,-0.015991,-0.020752,-0.001709,0.024658,0.018433,-0.005371,-0.019043,0.023071,0.025879,261.975000,-7.366990,-36.053600,-0.042847,-0.066162,0.996704,0.607544,-0.793823,-0.026611,0.792969,0.604614,0.074097,1216.000000,557.638000,-19.959000,303.827000,3.116000,0.039000,3.141000,0
-1.339000,3.013810,1.116200,-0.015991,-0.020752,-0.001709,0.024658,0.018433,-0.005371,-0.019043,0.023071,0.025879,261.975000,-7.366990,-36.053600,-0.042847,-0.066162,0.996704,0.607544,-0.793823,-0.026611,0.792969,0.604614,0.074097,1216.000000,557.638000,-19.959000,303.827000,3.116000,0.039000,3.141000,0
-1.339000,3.013810,1.116200,-0.015991,-0.020752,-0.001709,0.024658,0.018433,-0.005371,-0.019043,0.023071,0.025879,261.975000,-7.366990,-36.053600,-0.042847,-0.066162,0.996704,0.607544,-0.793823,-0.026611,0.792969,0.604614,0.074097,1216.000000,557.637000,-19.959000,303.827000,3.116000,0.039000,3.141000,0
-1.339000,3.013810,1.116200,-0.015991,-0.020752,-0.001709,0.024658,0.018433,-0.005371,-0.019043,0.023071,0.025879,261.975000,-7.366990,-36.053600,-0.042847,-0.066162,0.996704,0.607544,-0.793823,-0.026611,0.792969,0.604614,0.074097,1216.000000,557.637000,-19.959000,303.827000,3.116000,0.039000,3.141000,0
-1.339000,3.013810,1.116200,-0.015991,-0.020752,-0.001709,0.024658,0.018433,-0.005371,-0.019043,0.022949,0.025879,261.975000,-7.366990,-36.053600,-0.042847,-0.066162,0.996704,0.607544,-0.793823,-0.026611,0.792969,0.604492,0.074097,1216.000000,557.637000,-19.959000,303.827000,3.116000,0.039000,3.141000,0
-1.339000,3.013810,1.116200,-0.015991,-0.020752,-0.001709,0.024658,0.018433,-0.005371,-0.019043,0.022949,0.025879,261.975000,-7.366990,-36.053600,-0.042847,-0.066162,0.996704,0.607544,-0.793823,-0.026611,0.792969,0.604492,0.074097,1216.000000,557.637000,-19.959000,303.827000,3.116000,0.039000,3.141000,0
-1.339000,2.902190,1.116200,-0.015991,-0.020752,-0.001709,0.024658,0.018433,-0.005249,-0.019043,0.022949,0.025879,261.975000,-7.478610,-36.053600,-0.042847,-0.066162,0.996704,0.607544,-0.793823,-0.026489,0.792969,0.604492,0.074097,1216.000000,557.638000,-19.959000,303.827000,3.116000,0.039000,3.141000,0
-1.339000,2.902190,1.116200,-0.015991,-0.020752,-0.001709,0.024658,0.018433,-0.005249,-0.019043,0.022949,0.025879,261.975000,-7.478610,-36.053600,-0.042847,-0.066162,0.996704,0.607544,-0.793823,-0.026489,0.792969,0.604492,0.074097,1216.000000,557.637000,-19.959000,303.827000,3.116000,0.039000,3.141000,0
-1.339000,2.902190,1.116200,-0.015991,-0.020752,-0.001709,0.024658,0.018433,-0.005249,-0.019043,0.022949,0.025879,261.975000,-7.478610,-36.053600,-0.042847,-0.066162,0.996704,0.607544,-0.793823,-0.026489,0.792969,0.604492,0.074097,1216.000000,557.637000,-19.959000,303.827000,3.116000,0.039000,3.141000,0
-1.339000,2.902190,1.116200,-0.015991,-0.020752,-0.001709,0.024658,0.018433,-0.005249,-0.019043,0.022949,0.025879,261.975000,-7.478610,-36.053600,-0.042847,-0.066162,0.996704,0.607544,-0.793823,-0.026489,0.792969,0.604492,0.074097,1216.000000,557.638000,-19.959000,303.827000,3.116000,0.039000,3.141000,0
-1.339000,2.902190,1.116200,-0.015991,-0.020752,-0.001709,0.024658,0.018433,-0.005371,-0.019043,0.022949,0.025879,261.975000,-7.478610,-36.053600,-0.042847,-0.066162,0.996704,0.607544,-0.793823,-0.026611,0.792969,0.604492,0.074097,1216.000000,557.637000,-19.959000,303.827000,3.116000,0.039000,3.141000,0
-1.339000,2.902190,1.116200,-0.015991,-0.020752,-0.001709,0.024658,0.018433,-0.005371,-0.019043,0.022949,0.025879,261.975000,-7.478610,-36.053600,-0.042847,-0.066162,0.996704,0.607544,-0.793823,-0.026611,0.792969,0.604492,0.074097,1216.000000,557.638000,-19.959000,303.827000,3.116000,0.039000,3.141000,0
-1.339000,2.902190,1.116200,-0.015991,-0.020752,-0.001709,0.024658,0.018433,-0.005371,-0.019043,0.023071,0.025879,261.975000,-7.478610,-36.053600,-0.042847,-0.066162,0.996704,0.607544,-0.793823,-0.026611,0.792969,0.604614,0.074097,1216.000000,557.637000,-19.959000,303.827000,3.116000,0.039000,3.141000,0
-1.339000,2.902190,1.116200,-0.015991,-0.020752,-0.001709,0.024658,0.018433,-0.005371,-0.019043,0.023071,0.025879,261.975000,-7.478610,-36.053600,-0.042847,-0.066162,0.996704,0.607544,-0.793823,-0.026611,0.792969,0.604614,0.074097,1216.000000,557.637000,-19.959000,303.827000,3.116000,0.039000,3.141000,0
-1.339000,2.902190,1.116200,-0.015869,-0.020752,-0.001709,0.024658,0.018433,-0.005371,-0.019043,0.023071,0.025879,261.975000,-7.478610,-36.053600,-0.042725,-0.066162,0.996704,0.607544,-0.793823,-0.026611,0.792969,0.604614,0.074097,1216.000000,557.638000,-19.959000,303.827000,3.116000,0.039000,3.141000,0
-1.339000,2.902190,1.116200,-0.015869,-0.020752,-0.001709,0.024658,0.018433,-0.005371,-0.019043,0.022949,0.025879,261.975000,-7.478610,-36.053600,-0.042725,-0.066162,0.996704,0.607544,-0.793823,-0.026611,0.792969,0.604492,0.074097,1216.000000,557.637000,-19.959000,303.827000,3.116000,0.039000,3.141000,0
-1.339000,2.902190,1.116200,-0.015869,-0.020752,-0.001709,0.024658,0.018433,-0.005371,-0.019043,0.022949,0.025757,261.975000,-7.478610,-36.053600,-0.042725,-0.066162,0.996704,0.607544,-0.793823,-0.026611,0.792969,0.604492,0.073975,1216.000000,557.638000,-19.959000,303.827000,3.116000,0.039000,3.141000,0
-1.339000,2.902190,1.116200,-0.015869,-0.020752,-0.001709,0.024658,0.018433,-0.005371,-0.019043,0.022949,0.025757,261.975000,-7.478610,-36.053600,-0.042725,-0.066162,0.996704,0.607544,-0.793823,-0.026611,0.792969,0.604492,0.073975,1216.000000,557.638000,-19.959000,303.827000,3.116000,0.039000,3.141000,0
-1.339000,2.902190,1.116200,-0.015869,-0.020752,-0.001709,0.024658,0.018433,-0.005371,-0.019043,0.022949,0.025757,261.975000,-7.478610,-36.053600,-0.042725,-0.066162,0.996704,0.607544,-0.793823,-0.026611,0.792969,0.604492,0.073975,1216.000000,557.637000,-19.959000,303.827000,3.116000,0.039000,3.141000,0
-1.339000,2.902190,1.116200,-0.015869,-0.020752,-0.001709,0.024658,0.018433,-0.005371,-0.019043,0.022949,0.025757,261.975000,-7.478610,-36.053600,-0.042725,-0.066162,0.996704,0.607544,-0.793823,-0.026611,0.792969,0.604492,0.073975,1216.000000,557.637000,-19.959000,303.827000,3.116000,0.039000,3.141000,0
-1.339000,2.902190,1.116200,-0.015869,-0.020752,-0.001709,0.024658,0.018433,-0.005371,-0.018921,0.022949,0.025757,261.975000,-7.478610,-36.053600,-0.042725,-0.066162,0.996704,0.607544,-0.793823,-0.026611,0.793091,0.604492,0.073975,1216.000000,557.637000,-19.959000,303.827000,3.116000,0.039000,3.141000,0
-1.339000,2.902190,1.116200,-0.015869,-0.020752,-0.001709,0.024658,0.018433,-0.005371,-0.018921,0.022949,0.025757,261.975000,-7.478610,-36.053600,-0.042725,-0.066162,0.996704,0.607544,-0.793823,-0.026611,0.793091,0.604492,0.073975,1216.000000,557.638000,-19.959000,303.827000,3.116000,0.039000,3.141000,0
-1.339000,2.902190,1.116200,-0.015869,-0.020752,-0.001709,0.024658,0.018433,-0.005371,-0.018921,0.022949,0.025757,261.975000,-7.478610,-36.053600,-0.042725,-0.066162,0.996704,0.607544,-0.793823,-0.026611,0.793091,0.604492,0.073975,1216.000000,557.637000,-19.959000,303.827000,3.116000,0.039000,3.141000,0
-1.339000,2.902190,1.116200,-0.015869,-0.020752,-0.001709,0.024658,0.018433,-0.005371,-0.018921,0.022949,0.025757,261.975000,-7.478610,-36.053600,-0.042725,-0.066162,0.996704,0.607544,-0.793823,-0.026611,0.793091,0.604492,0.073975,1216.000000,557.638000,-19.959000,303.827000,3.116000,0.039000,3.141000,0
-1.339000,2.902190,1.116200,-0.015869,-0.020752,-0.001709,0.024658,0.018433,-0.005371,-0.019043,0.022949,0.025879,261.975000,-7.478610,-36.053600,-0.042725,-0.066162,0.996704,0.607544,-0.793823,-0.026611,0.792969,0.604492,0.074097,1216.000000,557.638000,-19.959000,303.827000,3.116000,0.039000,3.141000,0
-1.339000,2.902190,1.116200,-0.015991,-0.020752,-0.001709,0.024658,0.018433,-0.005371,-0.019043,0.022949,0.025879,261.975000,-7.478610,-36.053600,-0.042847,-0.066162,0.996704,0.607544,-0.793823,-0.026611,0.792969,0.604492,0.074097,1216.000000,557.637000,-19.959000,303.827000,3.116000,0.039000,3.141000,0
-1.339000,2.902190,1.116200,-0.015991,-0.020752,-0.001709,0.024658,0.018433,-0.005371,-0.019043,0.022949,0.025879,261.975000,-7.478610,-36.053600,-0.042847,-0.066162,0.996704,0.607544,-0.793823,-0.026611,0.792969,0.604492,0.074097,1216.000000,557.638000,-19.959000,303.827000,3.116000,0.039000,3.141000,0
-1.339000,2.902190,1.116200,-0.015991,-0.020752,-0.001709,0.024658,0.018433,-0.005371,-0.019043,0.022949,0.025879,261.975000,-7.478610,-36.053600,-0.042847,-0.066162,0.996704,0.607544,-0.793823,-0.026611,0.792969,0.604492,0.074097,1216.000000,557.637000,-19.959000,303.827000,3.116000,0.039000,3.141000,0
-1.339000,2.902190,1.116200,-0.015991,-0.020752,-0.001709,0.024658,0.018433,-0.005371,-0.019043,0.022949,0.025879,261.975000,-7.478610,-36.053600,-0.042847,-0.066162,0.996704,0.607544,-0.793823,-0.026611,0.792969,0.604492,0.074097,1216.000000,557.637000,-19.959000,303.827000,3.116000,0.039000,3.141000,0
-1.339000,2.902190,1.116200,-0.015991,-0.020752,-0.001709,0.024658,0.018433,-0.005371,-0.019043,0.022949,0.025879,261.975000,-7.478610,-36.053600,-0.042847,-0.066162,0.996704,0.607544,-0.793823,-0.026611,0.792969,0.604492,0.074097,1216.000000,557.637000,-19.959000,303.827000,3.116000,0.039000,3.141000,0
-1.339000,2.902190,1.116200,-0.015991,-0.020752,-0.001709,0.024658,0.018433,-0.005371,-0.019043,0.022949,0.025879,261.975000,-7.478610,-36.053600,-0.042847,-0.066162,0.996704,0.607544,-0.793823,-0.026611,0.792969,0.604492,0.074097,1216.000000,557.637000,-19.959000,303.827000,3.116000,0.039000,3.141000,0
-1.339000,3.013810,1.116200,-0.015869,-0.020752,-0.001709,0.024780,0.018555,-0.005371,-0.019043,0.023071,0.025879,261.975000,-7.366990,-36.053600,-0.042725,-0.066162,0.996704,0.607666,-0.793701,-0.026611,0.792969,0.604614,0.074097,1216.000000,557.637000,-19.959000,303.827000,3.116000,0.039000,3.141000,0
-1.339000,3.013810,1.116200,-0.015869,-0.020752,-0.001709,0.024780,0.018555,-0.005371,-0.019043,0.023071,0.025879,261.975000,-7.366990,-36.053600,-0.042725,-0.066162,0.996704,0.607666,-0.793701,-0.026611,0.792969,0.604614,0.074097,1216.000000,557.637000,-19.959000,303.827000,3.116000,0.039000,3.141000,0
-1.339000,3.013810,1.116200,-0.015991,-0.020752,-0.001709,0.024780,0.018555,-0.005371,-0.019043,0.023071,0.025879,261.975000,-7.366990,-36.053600,-0.042847,-0.066162,0.996704,0.607666,-0.793701,-0.026611,0.792969,0.604614,0.074097,1216.000000,557.637000,-19.959000,303.827000,3.116000,0.039000,3.141000,0
-1.339000,3.013810,1.116200,-0.015991,-0.020752,-0.001709,0.024780,0.018555,-0.005371,-0.019043,0.023071,0.025879,261.975000,-7.366990,-36.053600,-0.042847,-0.066162,0.996704,0.607666,-0.793701,-0.026611,0.792969,0.604614,0.074097,1216.000000,557.637000,-19.959000,303.827000,3.116000,0.039000,3.141000,0
-1.339000,3.013810,1.116200,-0.015991,-0.020752,-0.001709,0.024658,0.018555,-0.005371,-0.019043,0.023071,0.025879,261.975000,-7.366990,-36.053600,-0.042847,-0.066162,0.996704,0.607544,-0.793701,-0.026611,0.792969,0.604614,0.074097,1216.000000,557.638000,-19.959000,303.827000,3.116000,0.039000,3.141000,0
-1.339000,3.013810,1.116200,-0.015869,-0.020752,-0.001709,0.024658,0.018433,-0.005371,-0.019043,0.023071,0.025879,261.975000,-7.366990,-36.053600,-0.042725,-0.066162,0.996704,0.607544,-0.793823,-0.026611,0.792969,0.604614,0.074097,1220.000000,557.637000,-19.959000,303.827000,3.116000,0.039000,3.141000,0
-1.339000,3.013810,1.116200,-0.015869,-0.020752,-0.001709,0.024658,0.018433,-0.005371,-0.019043,0.023071,0.025879,261.975000,-7.366990,-36.053600,-0.042725,-0.066162,0.996704,0.607544,-0.793823,-0.026611,0.792969,0.604614,0.074097,1220.000000,557.638000,-19.959000,303.827000,3.116000,0.039000,3.141000,0
-1.339000,3.013810,1.116200,-0.015869,-0.020752,-0.001709,0.024658,0.018433,-0.005371,-0.019043,0.022949,0.025879,261.975000,-7.366990,-36.053600,-0.042725,-0.066162,0.996704,0.607544,-0.793823,-0.026611,0.792969,0.604492,0.074097,1220.000000,557.638000,-19.958000,303.827000,3.116000,0.039000,3.141000,0
-1.339000,2.902190,1.116200,-0.015869,-0.020752,-0.001709,0.024658,0.018433,-0.005371,-0.019043,0.022949,0.025757,261.975000,-7.478610,-36.053600,-0.042725,-0.066162,0.996704,0.607544,-0.793823,-0.026611,0.792969,0.604492,0.073975,1220.000000,557.638000,-19.958000,303.827000,3.116000,0.039000,3.141000,0
-1.339000,2.902190,1.116200,-0.015869,-0.020752,-0.001709,0.024658,0.018433,-0.005371,-0.019043,0.022949,0.025757,261.975000,-7.478610,-36.053600,-0.042725,-0.066162,0.996704,0.607544,-0.793823,-0.026611,0.792969,0.604492,0.073975,1220.000000,557.642000,-19.958000,303.831000,3.116000,0.039000,3.141000,0
-1.339000,2.902190,1.116200,-0.015869,-0.020752,-0.001709,0.024658,0.018433,-0.005371,-0.019043,0.022949,0.025757,261.975000,-7.478610,-36.053600,-0.042725,-0.066162,0.996704,0.607544,-0.793823,-0.026611,0.792969,0.604492,0.073975,1220.000000,557.649000,-19.958000,303.837000,3.116000,0.039000,3.141000,0
-1.339000,2.902190,1.116200,-0.015869,-0.020752,-0.001709,0.024658,0.018433,-0.005371,-0.018921,0.022949,0.025757,261.975000,-7.478610,-36.053600,-0.042725,-0.066162,0.996704,0.607544,-0.793823,-0.026611,0.793091,0.604492,0.073975,1220.000000,557.655000,-19.958000,303.842000,3.116000,0.039000,3.141000,0
-1.339000,2.902190,1.116200,-0.015869,-0.020752,-0.001709,0.024536,0.018311,-0.005371,-0.018921,0.022827,0.025879,261.975000,-7.478610,-36.053600,-0.042725,-0.066162,0.996704,0.607422,-0.793945,-0.026611,0.793091,0.604370,0.074097,1220.000000,557.662000,-19.958000,303.849000,3.116000,0.039000,3.141000,0
-1.339000,2.902190,1.116200,-0.015869,-0.020752,-0.001709,0.024536,0.018433,-0.005371,-0.018921,0.022827,0.025879,261.975000,-7.478610,-36.053600,-0.042725,-0.066162,0.996704,0.607422,-0.793823,-0.026611,0.793091,0.604370,0.074097,1220.000000,557.750000,-19.959000,303.966000,3.116000,0.039000,3.141000,0
-1.339000,2.902190,1.116200,-0.015991,-0.020752,-0.001709,0.024536,0.018433,-0.005371,-0.018921,0.022827,0.025879,261.975000,-7.478610,-36.053600,-0.042847,-0.066162,0.996704,0.607422,-0.793823,-0.026611,0.793091,0.604370,0.074097,1220.000000,557.779000,-19.960000,303.977000,3.116000,0.039000,3.141000,0
-1.339000,2.902190,1.116200,-0.015991,-0.020752,-0.001709,0.024536,0.018433,-0.005371,-0.018921,0.022949,0.025879,261.975000,-7.478610,-36.053600,-0.042847,-0.066162,0.996704,0.607422,-0.793823,-0.026611,0.793091,0.604492,0.074097,1220.000000,557.852000,-19.958000,303.960000,3.116000,0.039000,3.141000,0
-1.339000,2.902190,1.116200,-0.015991,-0.020752,-0.001709,0.024536,0.018433,-0.005371,-0.018921,0.022949,0.025879,261.975000,-7.478610,-36.053600,-0.042847,-0.066162,0.996704,0.607422,-0.793823,-0.026611,0.793091,0.604492,0.074097,1216.000000,557.922000,-19.956000,303.943000,3.116000,0.039000,3.141000,0
-1.339000,2.902190,1.116200,-0.015991,-0.020752,-0.001709,0.024536,0.018433,-0.005371,-0.018921,0.022949,0.026001,261.975000,-7.478610,-36.053600,-0.042847,-0.066162,0.996704,0.607422,-0.793823,-0.026611,0.793091,0.604492,0.074219,1216.000000,557.966000,-19.956000,303.934000,3.116000,0.039000,3.141000,0
-1.339000,2.902190,1.116200,-0.016113,-0.020752,-0.001709,0.024536,0.018433,-0.005371,-0.018921,0.022949,0.026001,261.975000,-7.478610,-36.053600,-0.042969,-0.066162,0.996704,0.607422,-0.793823,-0.026611,0.793091,0.604492,0.074219,1216.000000,558.011000,-19.956000,303.924000,3.116000,0.039000,3.141000,0
-1.339000,2.902190,1.116200,-0.016113,-0.020752,-0.001709,0.024658,0.018433,-0.005371,-0.018921,0.022949,0.026001,261.975000,-7.478610,-36.053600,-0.042969,-0.066162,0.996704,0.607544,-0.793823,-0.026611,0.793091,0.604492,0.074219,1216.000000,558.065000,-19.956000,303.908000,3.116000,0.039000,3.141000,0
-1.339000,2.902190,1.227800,-0.016113,-0.020874,-0.001709,0.024658,0.018433,-0.005371,-0.019043,0.022949,0.026001,261.975000,-7.478610,-35.942000,-0.042969,-0.066284,0.996704,0.607544,-0.793823,-0.026611,0.792969,0.604492,0.074219,1216.000000,558.130000,-19.957000,303.889000,3.116000,0.039000,3.141000,0
-1.339000,2.902190,1.227800,-0.016113,-0.020874,-0.001709,0.024658,0.018433,-0.005371,-0.019043,0.022949,0.026001,261.975000,-7.478610,-35.942000,-0.042969,-0.066284,0.996704,0.607544,-0.793823,-0.026611,0.792969,0.604492,0.074219,1216.000000,558.191000,-19.956000,303.876000,3.116000,0.039000,3.141000,0
-1.339000,2.902190,1.227800,-0.016113,-0.020874,-0.001709,0.024658,0.018433,-0.005371,-0.019043,0.022949,0.026123,261.975000,-7.478610,-35.942000,-0.042969,-0.066284,0.996704,0.607544,-0.793823,-0.026611,0.792969,0.604492,0.074341,1216.000000,558.251000,-19.955000,303.872000,3.116000,0.039000,3.141000,0
-1.339000,2.902190,1.227800,-0.016235,-0.020874,-0.001709,0.024658,0.018433,-0.005371,-0.019043,0.022949,0.026123,261.975000,-7.478610,-35.942000,-0.043091,-0.066284,0.996704,0.607544,-0.793823,-0.026611,0.792969,0.604492,0.074341,1216.000000,558.431000,-19.954000,303.873000,3.116000,0.039000,3.141000,0
-1.339000,2.902190,1.227800,-0.016235,-0.020874,-0.001709,0.024658,0.018433,-0.005371,-0.019043,0.022949,0.026123,261.975000,-7.478610,-35.942000,-0.043091,-0.066284,0.996704,0.607544,-0.793823,-0.026611,0.792969,0.604492,0.074341,1216.000000,558.517000,-19.954000,303.872000,3.116000,0.039000,3.141000,0
-1.339000,2.902190,1.227800,-0.016235,-0.020874,-0.001709,0.024658,0.018433,-0.005249,-0.019043,0.022949,0.026245,261.975000,-7.478610,-35.942000,-0.043091,-0.066284,0.996704,0.607544,-0.793823,-0.026489,0.792969,0.604492,0.074463,1220.000000,558.723000,-19.955000,303.872000,3.116000,0.039000,3.141000,0
-1.339000,2.902190,1.227800,-0.016235,-0.020874,-0.001709,0.024658,0.018433,-0.005249,-0.019043,0.022949,0.026245,261.975000,-7.478610,-35.942000,-0.043091,-0.066284,0.996704,0.607544,-0.793823,-0.026489,0.792969,0.604492,0.074463,1220.000000,558.827000,-19.954000,303.866000,3.116000,0.039000,3.141000,0
-1.339000,2.902190,1.227800,-0.016235,-0.020874,-0.001709,0.024780,0.018555,-0.005249,-0.019043,0.023071,0.026245,261.975000,-7.478610,-35.942000,-0.043091,-0.066284,0.996704,0.607666,-0.793701,-0.026489,0.792969,0.604614,0.074463,1220.000000,558.977000,-19.954000,303.872000,3.116000,0.039000,3.141000,0
-1.339000,3.013810,1.227800,-0.016479,-0.020996,-0.001709,0.024902,0.018555,-0.005249,-0.019165,0.023193,0.026489,261.975000,-7.366990,-35.942000,-0.043335,-0.066406,0.996704,0.607788,-0.793701,-0.026489,0.792847,0.604736,0.074707,1224.000000,559.187000,-19.952000,303.900000,3.116000,0.039000,3.141000,0
-1.339000,3.013810,1.227800,-0.016479,-0.021118,-0.001709,0.024902,0.018677,-0.005249,-0.019165,0.023193,0.026489,261.975000,-7.366990,-35.942000,-0.043335,-0.066528,0.996704,0.607788,-0.793579,-0.026489,0.792847,0.604736,0.074707,1224.000000,559.513000,-19.952000,303.923000,3.116000,0.039000,3.141000,0
-1.339000,3.013810,1.227800,-0.016479,-0.021118,-0.001709,0.024902,0.018677,-0.005249,-0.019287,0.023193,0.026489,261.975000,-7.366990,-35.942000,-0.043335,-0.066528,0.996704,0.607788,-0.793579,-0.026489,0.792725,0.604736,0.074707,1228.000000,559.665000,-19.951000,303.926000,3.116000,0.039000,3.141000,0
-1.339000,3.013810,1.227800,-0.016602,-0.021118,-0.001709,0.025024,0.018677,-0.005249,-0.019287,0.023315,0.026611,261.975000,-7.366990,-35.942000,-0.043457,-0.066528,0.996704,0.607910,-0.793579,-0.026489,0.792725,0.604858,0.074829,1228.000000,559.925000,-19.949000,303.927000,3.116000,0.039000,3.141000,0
-1.451000,3.013810,1.227800,-0.016968,-0.021362,-0.001709,0.025146,0.018799,-0.005249,-0.019409,0.023437,0.027100,261.863000,-7.366990,-35.942000,-0.043823,-0.066772,0.996704,0.608032,-0.793457,-0.026489,0.792603,0.604980,0.075317,1240.000000,560.622000,-19.954000,303.930000,3.116000,0.039000,3.141000,0
-1.451000,3.013810,1.227800,-0.016968,-0.021362,-0.001709,0.025268,0.018921,-0.005249,-0.019532,0.023437,0.027100,261.863000,-7.366990,-35.942000,-0.043823,-0.066772,0.996704,0.608154,-0.793335,-0.026489,0.792480,0.604980,0.075317,1244.000000,561.177000,-19.956000,303.937000,3.116000,0.039000,3.141000,0
-1.451000,3.013810,1.227800,-0.017090,-0.021484,-0.001709,0.025268,0.018921,-0.005127,-0.019532,0.023560,0.027222,261.863000,-7.366990,-35.942000,-0.043945,-0.066894,0.996704,0.608154,-0.793335,-0.026367,0.792480,0.605103,0.075440,1248.000000,561.490000,-19.958000,303.955000,3.116000,0.039000,3.141000,0
-1.451000,3.013810,1.227800,-0.017212,-0.021484,-0.001709,0.025390,0.018921,-0.005127,-0.019654,0.023560,0.027344,261.863000,-7.366990,-35.942000,-0.044067,-0.066894,0.996704,0.608276,-0.793335,-0.026367,0.792358,0.605103,0.075562,1252.000000,561.846000,-19.962000,303.975000,3.116000,0.039000,3.141000,0
-1.451000,3.013810,1.227800,-0.017212,-0.021606,-0.001831,0.025390,0.019043,-0.005127,-0.019654,0.023682,0.027466,261.863000,-7.366990,-35.942000,-0.044067,-0.067017,0.996582,0.608276,-0.793213,-0.026367,0.792358,0.605225,0.075684,1256.000000,562.065000,-19.966000,303.983000,3.116000,0.039000,3.141000,0
-1.451000,3.013810,1.227800,-0.017334,-0.021606,-0.001831,0.025512,0.019043,-0.005127,-0.019776,0.023682,0.027466,261.863000,-7.366990,-35.942000,-0.044189,-0.067017,0.996582,0.608398,-0.793213,-0.026367,0.792236,0.605225,0.075684,1256.000000,562.310000,-19.969000,303.986000,3.116000,0.039000,3.141000,0
-1.451000,3.125430,1.227800,-0.017456,-0.021728,-0.001831,0.025635,0.019165,-0.005127,-0.019776,0.023804,0.027710,261.863000,-7.255370,-35.942000,-0.044311,-0.067139,0.996582,0.608521,-0.793091,-0.026367,0.792236,0.605347,0.075928,1264.000000,562.559000,-19.969000,303.989000,3.116000,0.039000,3.141000,0
-1.451000,3.125430,1.227800,-0.017456,-0.021728,-0.001831,0.025635,0.019165,-0.005127,-0.019898,0.023804,0.027710,261.863000,-7.255370,-35.942000,-0.044311,-0.067139,0.996582,0.608521,-0.793091,-0.026367,0.792114,0.605347,0.075928,1264.000000,562.812000,-19.967000,303.983000,3.116000,0.039000,3.141000,0
-1.563000,3.125430,1.227800,-0.017578,-0.021851,-0.001831,0.025757,0.019287,-0.005127,-0.019898,0.023926,0.027832,261.751000,-7.255370,-35.942000,-0.044434,-0.067261,0.996582,0.608643,-0.792969,-0.026367,0.792114,0.605469,0.076050,1268.000000,563.079000,-19.966000,303.972000,3.116000,0.039000,3.141000,0
-1.563000,3.125430,1.227800,-0.017700,-0.021851,-0.001831,0.025879,0.019287,-0.005127,-0.020020,0.024048,0.027954,261.751000,-7.255370,-35.942000,-0.044556,-0.067261,0.996582,0.608765,-0.792969,-0.026367,0.791992,0.605591,0.076172,1276.000000,563.343000,-19.967000,303.960000,3.116000,0.039000,3.141000,0
-1.563000,3.125430,1.227800,-0.017822,-0.021973,-0.001831,0.025879,0.019409,-0.005127,-0.020020,0.024048,0.028076,261.751000,-7.255370,-35.942000,-0.044678,-0.067383,0.996582,0.608765,-0.792847,-0.026367,0.791992,0.605591,0.076294,1280.000000,563.620000,-19.971000,303.959000,3.116000,0.039000,3.141000,0
-1.563000,3.125430,1.227800,-0.017944,-0.022095,-0.001831,0.026001,0.019531,-0.005127,-0.020142,0.024170,0.028320,261.751000,-7.255370,-35.942000,-0.044800,-0.067505,0.996582,0.608887,-0.792725,-0.026367,0.791870,0.605713,0.076538,1284.000000,563.897000,-19.974000,303.969000,3.116000,0.039000,3.141000,0
-1.563000,3.125430,1.227800,-0.018066,-0.022217,-0.001831,0.026123,0.019531,-0.005127,-0.020264,0.024292,0.028442,261.751000,-7.255370,-35.942000,-0.044922,-0.067627,0.996582,0.609009,-0.792725,-0.026367,0.791748,0.605835,0.076660,1288.000000,564.181000,-19.978000,303.984000,3.116000,0.039000,3.141000,0
-1.563000,3.125430,1.339400,-0.018188,-0.022339,-0.001831,0.026245,0.019653,-0.005127,-0.020386,0.024414,0.028686,261.751000,-7.255370,-35.830400,-0.045044,-0.067749,0.996582,0.609131,-0.792603,-0.026367,0.791626,0.605957,0.076904,1296.000000,564.469000,-19.980000,303.999000,3.116000,0.039000,3.141000,0
-1.674000,3.237050,1.339400,-0.018555,-0.022583,-0.001953,0.026489,0.019776,-0.005127,-0.020508,0.024536,0.029053,261.640000,-7.143750,-35.830400,-0.045410,-0.067993,0.996460,0.609375,-0.792480,-0.026367,0.791504,0.606079,0.077271,1304.000000,564.759000,-19.982000,304.010000,3.116000,0.039000,3.141000,0
-1.674000,3.237050,1.339400,-0.018677,-0.022705,-0.001953,0.026611,0.019898,-0.005005,-0.020630,0.024658,0.029297,261.640000,-7.143750,-35.830400,-0.045532,-0.068115,0.996460,0.609497,-0.792358,-0.026245,0.791382,0.606201,0.077515,1312.000000,565.052000,-19.982000,304.028000,3.116000,0.039000,3.141000,0
-1.674000,3.237050,1.339400,-0.019043,-0.022949,-0.001953,0.026733,0.020020,-0.005005,-0.020752,0.024780,0.029785,261.640000,-7.143750,-35.830400,-0.045898,-0.068359,0.996460,0.609619,-0.792236,-0.026245,0.791260,0.606323,0.078003,1324.000000,565.348000,-19.981000,304.043000,3.117000,0.039000,3.141000,0
-1.786000,3.237050,1.339400,-0.019287,-0.023071,-0.001953,0.026855,0.020142,-0.005005,-0.020874,0.024902,0.030029,261.528000,-7.143750,-35.830400,-0.046143,-0.068481,0.996460,0.609741,-0.792114,-0.026245,0.791138,0.606445,0.078247,1332.000000,565.648000,-19.982000,304.056000,3.117000,0.039000,3.141000,0
-1.786000,3.237050,1.339400,-0.019531,-0.023193,-0.001953,0.026977,0.020264,-0.005005,-0.020996,0.025024,0.030273,261.528000,-7.143750,-35.830400,-0.046387,-0.068603,0.996460,0.609863,-0.791992,-0.026245,0.791016,0.606567,0.078491,1340.000000,565.921000,-19.983000,304.069000,3.117000,0.039000,3.141000,0
-1.897000,3.237050,1.339400,-0.019897,-0.023559,-0.002075,0.027221,0.020386,-0.004883,-0.021118,0.025146,0.030762,261.417000,-7.143750,-35.830400,-0.046753,-0.068970,0.996338,0.610107,-0.791870,-0.026123,0.790894,0.606689,0.078979,1356.000000,566.267000,-19.986000,304.084000,3.117000,0.039000,3.141000,0
-1.897000,3.237050,1.339400,-0.020142,-0.023682,-0.002075,0.027343,0.020508,-0.004883,-0.021241,0.025269,0.031006,261.417000,-7.143750,-35.830400,-0.046997,-0.069092,0.996338,0.610229,-0.791748,-0.026123,0.790771,0.606812,0.079224,1368.000000,566.590000,-19.986000,304.076000,3.117000,0.039000,3.141000,0
-2.009000,3.348670,1.339400,-0.020630,-0.024170,-0.002075,0.027710,0.020752,-0.005005,-0.021607,0.025635,0.031860,261.305000,-7.032130,-35.830400,-0.047485,-0.069580,0.996338,0.610596,-0.791504,-0.026245,0.790405,0.607178,0.080078,1400.000000,566.908000,-19.985000,304.069000,3.117000,0.039000,3.141000,0
-2.009000,3.348670,1.339400,-0.020874,-0.024414,-0.002197,0.027832,0.020874,-0.005005,-0.021729,0.025757,0.032105,261.305000,-7.032130,-35.830400,-0.047730,-0.069824,0.996216,0.610718,-0.791382,-0.026245,0.790283,0.607300,0.080322,1412.000000,567.545000,-19.984000,304.062000,3.117000,0.039000,3.141000,0
-2.121000,3.348670,1.339400,-0.021240,-0.024780,-0.002197,0.028076,0.020996,-0.005005,-0.021851,0.025879,0.032593,261.193000,-7.032130,-35.830400,-0.048096,-0.070190,0.996216,0.610962,-0.791260,-0.026245,0.790161,0.607422,0.080810,1432.000000,567.863000,-19.983000,304.048000,3.117000,0.039000,3.141000,0
-2.232000,3.348670,1.339400,-0.021484,-0.025024,-0.002197,0.028198,0.021118,-0.005005,-0.021973,0.026001,0.032959,261.082000,-7.032130,-35.830400,-0.048340,-0.070435,0.996216,0.611084,-0.791138,-0.026245,0.790039,0.607544,0.081177,1448.000000,568.183000,-19.982000,304.045000,3.117000,0.039000,3.141000,0
-2.232000,3.460290,1.339400,-0.021729,-0.025391,-0.002197,0.028442,0.021362,-0.005127,-0.022217,0.026245,0.033447,261.082000,-6.920510,-35.830400,-0.048584,-0.070801,0.996216,0.611328,-0.790894,-0.026367,0.789795,0.607788,0.081665,1472.000000,568.501000,-19.983000,304.048000,3.117000,0.039000,3.141000,0
-2.344000,3.460290,1.339400,-0.021973,-0.025513,-0.002319,0.028564,0.021485,-0.005127,-0.022339,0.026367,0.033691,260.970000,-6.920510,-35.830400,-0.048828,-0.070923,0.996094,0.611450,-0.790771,-0.026367,0.789673,0.607910,0.081909,1488.000000,568.815000,-19.983000,304.045000,3.117000,0.039000,3.141000,0
-2.344000,3.460290,1.339400,-0.022217,-0.025757,-0.002319,0.028808,0.021607,-0.005127,-0.022583,0.026489,0.034058,260.970000,-6.920510,-35.830400,-0.049072,-0.071167,0.996094,0.611694,-0.790649,-0.026367,0.789429,0.608032,0.082275,1504.000000,569.136000,-19.981000,304.043000,3.117000,0.039000,3.141000,0
-2.456000,3.460290,1.339400,-0.022461,-0.026123,-0.002319,0.029052,0.021729,-0.005249,-0.022705,0.026733,0.034546,260.858000,-6.920510,-35.830400,-0.049316,-0.071533,0.996094,0.611938,-0.790527,-0.026489,0.789307,0.608276,0.082764,1532.000000,569.458000,-19.978000,304.052000,3.117000,0.039000,3.141000,0
-2.456000,3.571910,1.339400,-0.022705,-0.026367,-0.002319,0.029175,0.021851,-0.005249,-0.022827,0.026855,0.034790,260.858000,-6.808890,-35.830400,-0.049561,-0.071777,0.996094,0.612061,-0.790405,-0.026489,0.789185,0.608398,0.083008,1548.000000,569.773000,-19.976000,304.058000,3.117000,0.039000,3.141000,0
-2.567000,3.571910,1.339400,-0.023071,-0.026733,-0.002441,0.029297,0.022095,-0.005371,-0.023072,0.026978,0.035278,260.747000,-6.808890,-35.830400,-0.049927,-0.072144,0.995972,0.612183,-0.790161,-0.026611,0.788940,0.608521,0.083496,1576.000000,570.106000,-19.977000,304.070000,3.117000,0.039000,3.141000,0
-2.567000,3.571910,1.339400,-0.023315,-0.026978,-0.002441,0.029419,0.022095,-0.005371,-0.023072,0.027100,0.035645,260.747000,-6.808890,-35.830400,-0.050171,-0.072388,0.995972,0.612305,-0.790161,-0.026611,0.788940,0.608643,0.083862,1596.000000,570.449000,-19.980000,304.097000,3.117000,0.039000,3.141000,0
-2.679000,3.571910,1.339400,-0.023437,-0.027222,-0.002441,0.029541,0.022217,-0.005371,-0.023194,0.027100,0.035889,260.635000,-6.808890,-35.830400,-0.050293,-0.072632,0.995972,0.612427,-0.790039,-0.026611,0.788818,0.608643,0.084106,1616.000000,570.787000,-19.984000,304.123000,3.117000,0.039000,3.141000,0
-2.790000,3.571910,1.339400,-0.023804,-0.027466,-0.002563,0.029663,0.022339,-0.005371,-0.023316,0.027222,0.036377,260.524000,-6.808890,-35.830400,-0.050659,-0.072876,0.995850,0.612549,-0.789917,-0.026611,0.788696,0.608765,0.084595,1644.000000,571.124000,-19.987000,304.151000,3.117000,0.039000,3.141000,0
-2.790000,3.571910,1.339400,-0.024048,-0.027710,-0.002563,0.029663,0.022339,-0.005493,-0.023438,0.027222,0.036621,260.524000,-6.808890,-35.830400,-0.050903,-0.073120,0.995850,0.612549,-0.789917,-0.026733,0.788574,0.608765,0.084839,1664.000000,571.451000,-19.990000,304.178000,3.117000,0.039000,3.141000,0
-2.902000,3.571910,1.339400,-0.024292,-0.027954,-0.002563,0.029785,0.022339,-0.005493,-0.023438,0.027344,0.037109,260.412000,-6.808890,-35.830400,-0.051147,-0.073364,0.995850,0.612671,-0.789917,-0.026733,0.788574,0.608887,0.085327,1696.000000,571.771000,-19.991000,304.191000,3.117000,0.039000,3.141000,0
-3.014000,3.571910,1.339400,-0.024536,-0.028198,-0.002563,0.029785,0.022461,-0.005493,-0.023438,0.027344,0.037354,260.300000,-6.808890,-35.830400,-0.051392,-0.073608,0.995850,0.612671,-0.789795,-0.026733,0.788574,0.608887,0.085571,1716.000000,572.101000,-19.994000,304.206000,3.117000,0.039000,3.141000,0
-3.014000,3.571910,1.339400,-0.024658,-0.028320,-0.002563,0.029907,0.022461,-0.005615,-0.023560,0.027344,0.037598,260.300000,-6.808890,-35.830400,-0.051514,-0.073731,0.995850,0.612793,-0.789795,-0.026856,0.788452,0.608887,0.085815,1740.000000,572.421000,-19.998000,304.221000,3.117000,0.039000,3.141000,0
-3.125000,3.571910,1.339400,-0.024902,-0.028687,-0.002685,0.029907,0.022583,-0.005615,-0.023682,0.027344,0.037964,260.189000,-6.808890,-35.830400,-0.051758,-0.074097,0.995728,0.612793,-0.789673,-0.026856,0.788330,0.608887,0.086182,1772.000000,572.736000,-20.001000,304.237000,3.117000,0.039000,3.141000,0
-3.237000,3.683530,1.339400,-0.025024,-0.028931,-0.002685,0.030029,0.022583,-0.005737,-0.023682,0.027466,0.038208,260.077000,-6.697270,-35.830400,-0.051880,-0.074341,0.995728,0.612915,-0.789673,-0.026978,0.788330,0.609009,0.086426,1796.000000,573.050000,-20.002000,304.239000,3.117000,0.039000,3.141000,0
-3.348000,3.683530,1.339400,-0.025268,-0.029175,-0.002685,0.030151,0.022705,-0.005859,-0.023804,0.027588,0.038574,259.966000,-6.697270,-35.830400,-0.052124,-0.074585,0.995728,0.613037,-0.789551,-0.027100,0.788208,0.609131,0.086792,1828.000000,573.369000,-20.003000,304.244000,3.117000,0.039000,3.141000,0
-3.348000,3.683530,1.227800,-0.025391,-0.029419,-0.002685,0.030273,0.022827,-0.005982,-0.023926,0.027710,0.038818,259.966000,-6.697270,-35.942000,-0.052246,-0.074829,0.995728,0.613159,-0.789429,-0.027222,0.788086,0.609253,0.087036,1852.000000,573.688000,-20.003000,304.259000,3.117000,0.039000,3.141000,0
-3.460000,3.683530,1.227800,-0.025513,-0.029663,-0.002808,0.030395,0.022949,-0.006104,-0.024048,0.027710,0.039063,259.854000,-6.697270,-35.942000,-0.052368,-0.075073,0.995605,0.613281,-0.789307,-0.027344,0.787964,0.609253,0.087280,1876.000000,573.998000,-20.003000,304.275000,3.117000,0.039000,3.141000,0
-3.572000,3.683530,1.227800,-0.025513,-0.030029,-0.002808,0.030517,0.023071,-0.006226,-0.024170,0.027832,0.039307,259.742000,-6.697270,-35.942000,-0.052368,-0.075440,0.995605,0.613403,-0.789185,-0.027466,0.787842,0.609375,0.087524,1916.000000,574.307000,-20.003000,304.276000,3.117000,0.039000,3.141000,0
-3.683000,3.683530,1.116200,-0.025635,-0.030273,-0.002808,0.030639,0.023071,-0.006348,-0.024170,0.027954,0.039551,259.631000,-6.697270,-36.053600,-0.052490,-0.075684,0.995605,0.613525,-0.789185,-0.027588,0.787842,0.609497,0.087769,1940.000000,574.622000,-20.004000,304.267000,3.117000,0.039000,3.141000,0
-3.795000,3.683530,1.116200,-0.025635,-0.030640,-0.002808,0.030761,0.023193,-0.006714,-0.024292,0.027954,0.039795,259.519000,-6.697270,-36.053600,-0.052490,-0.076050,0.995605,0.613647,-0.789063,-0.027954,0.787720,0.609497,0.088013,1980.000000,574.939000,-20.005000,304.266000,3.116000,0.039000,3.141000,0
-3.907000,3.795160,1.004600,-0.025635,-0.030762,-0.002808,0.030761,0.023193,-0.006836,-0.024292,0.027954,0.039917,259.407000,-6.585640,-36.165200,-0.052490,-0.076172,0.995605,0.613647,-0.789063,-0.028076,0.787720,0.609497,0.088135,2008.000000,575.244000,-20.008000,304.257000,3.116000,0.039000,3.141000,0
-4.018000,3.795160,1.004600,-0.025635,-0.031006,-0.002808,0.030761,0.023193,-0.006958,-0.024292,0.028076,0.040039,259.296000,-6.585640,-36.165200,-0.052490,-0.076416,0.995605,0.613647,-0.789063,-0.028198,0.787720,0.609619,0.088257,2036.000000,575.529000,-20.010000,304.255000,3.116000,0.039000,3.141000,0
