Dif_X,Dif_Y,Dif_Z,Dif_X1,Dif_X2,Dif_X3,Dif_Y1,Dif_Y2,Dif_Y3,Dif_Z1,Dif_Z2,Dif_Z3,NDI_X,NDI_Y,NDI_Z,NDI_Rot_X1,NDI_Rot_X2,NDI_Rot_X3,NDI_Rot_Y1,NDI_Rot_Y2,NDI_Rot_Y3,NDI_Rot_Z1,NDI_Rot_Z2,NDI_Rot_Z3,NDI_Quality,Kuka_X,Kuka_Y,Kuka_Z,Kuka_A,Kuka_B,Kuka_C,Kuka_TSL
-1.228000,3.237050,1.227800,-0.015625,-0.021240,-0.001831,-0.021484,0.022705,0.026245,-0.024414,-0.020874,0.003906,262.198000,-7.143750,-35.718800,-0.047363,-0.071289,0.996216,0.750977,0.655029,0.082519,-0.658569,0.752075,0.022461,1184.000000,557.649000,-19.953000,303.824000,3.116000,0.039000,3.141000,0
-1.228000,3.237050,1.227800,-0.015625,-0.021240,-0.001831,-0.021484,0.022705,0.026245,-0.024414,-0.020874,0.003906,262.198000,-7.143750,-35.718800,-0.047363,-0.071289,0.996216,0.750977,0.655029,0.082519,-0.658569,0.752075,0.022461,1184.000000,557.649000,-19.953000,303.824000,3.116000,0.039000,3.141000,0
-1.228000,3.237050,1.227800,-0.015625,-0.021240,-0.001831,-0.021484,0.022705,0.026245,-0.024414,-0.020874,0.003906,262.198000,-7.143750,-35.718800,-0.047363,-0.071289,0.996216,0.750977,0.655029,0.082519,-0.658569,0.752075,0.022461,1184.000000,557.649000,-19.953000,303.824000,3.116000,0.039000,3.141000,0
-1.228000,3.237050,1.227800,-0.015625,-0.021240,-0.001831,-0.021484,0.022583,0.026245,-0.024414,-0.020752,0.003906,262.198000,-7.143750,-35.718800,-0.047363,-0.071289,0.996216,0.750977,0.654907,0.082519,-0.658569,0.752197,0.022461,1184.000000,557.649000,-19.953000,303.824000,3.116000,0.039000,3.141000,0
-1.228000,3.237050,1.227800,-0.015625,-0.021240,-0.001831,-0.021484,0.022583,0.026245,-0.024414,-0.020752,0.003906,262.198000,-7.143750,-35.718800,-0.047363,-0.071289,0.996216,0.750977,0.654907,0.082519,-0.658569,0.752197,0.022461,1184.000000,557.649000,-19.953000,303.824000,3.116000,0.039000,3.141000,0
-1.228000,3.237050,1.116200,-0.015625,-0.021240,-0.001831,-0.021362,0.022583,0.026245,-0.024292,-0.020752,0.003906,262.198000,-7.143750,-35.830400,-0.047363,-0.071289,0.996216,0.751099,0.654907,0.082519,-0.658447,0.752197,0.022461,1184.000000,557.649000,-19.953000,303.824000,3.116000,0.039000,3.141000,0
-1.228000,3.237050,1.116200,-0.015625,-0.021240,-0.001831,-0.021362,0.022583,0.026245,-0.024292,-0.020752,0.003906,262.198000,-7.143750,-35.830400,-0.047363,-0.071289,0.996216,0.751099,0.654907,0.082519,-0.658447,0.752197,0.022461,1184.000000,557.649000,-19.953000,303.824000,3.116000,0.039000,3.141000,0
-1.228000,3.237050,1.227800,-0.015625,-0.021362,-0.001831,-0.021362,0.022583,0.026245,-0.024292,-0.020752,0.004028,262.198000,-7.143750,-35.718800,-0.047363,-0.071411,0.996216,0.751099,0.654907,0.082519,-0.658447,0.752197,0.022583,1184.000000,557.649000,-19.953000,303.824000,3.116000,0.039000,3.141000,0
-1.228000,3.237050,1.227800,-0.015625,-0.021362,-0.001831,-0.021362,0.022583,0.026245,-0.024292,-0.020752,0.004028,262.198000,-7.143750,-35.718800,-0.047363,-0.071411,0.996216,0.751099,0.654907,0.082519,-0.658447,0.752197,0.022583,1184.000000,557.649000,-19.953000,303.824000,3.116000,0.039000,3.141000,0
-1.228000,3.237050,1.227800,-0.015625,-0.021362,-0.001831,-0.021362,0.022583,0.026245,-0.024292,-0.020752,0.004028,262.198000,-7.143750,-35.718800,-0.047363,-0.071411,0.996216,0.751099,0.654907,0.082519,-0.658447,0.752197,0.022583,1184.000000,557.649000,-19.953000,303.824000,3.116000,0.039000,3.141000,0
-1.228000,3.237050,1.227800,-0.015625,-0.021362,-0.001831,-0.021362,0.022583,0.026245,-0.024292,-0.020752,0.003906,262.198000,-7.143750,-35.718800,-0.047363,-0.071411,0.996216,0.751099,0.654907,0.082519,-0.658447,0.752197,0.022461,1184.000000,557.649000,-19.953000,303.824000,3.116000,0.039000,3.141000,0
-1.228000,3.237050,1.227800,-0.015747,-0.021362,-0.001831,-0.021362,0.022583,0.026367,-0.024292,-0.020752,0.003906,262.198000,-7.143750,-35.718800,-0.047485,-0.071411,0.996216,0.751099,0.654907,0.082642,-0.658447,0.752197,0.022461,1184.000000,557.649000,-19.953000,303.824000,3.116000,0.039000,3.141000,0
-1.228000,3.237050,1.227800,-0.015747,-0.021362,-0.001831,-0.021362,0.022583,0.026367,-0.024292,-0.020752,0.003906,262.198000,-7.143750,-35.718800,-0.047485,-0.071411,0.996216,0.751099,0.654907,0.082642,-0.658447,0.752197,0.022461,1184.000000,557.649000,-19.953000,303.824000,3.116000,0.039000,3.141000,0
-1.228000,3.237050,1.227800,-0.015747,-0.021362,-0.001831,-0.021362,0.022583,0.026367,-0.024292,-0.020752,0.003906,262.198000,-7.143750,-35.718800,-0.047485,-0.071411,0.996216,0.751099,0.654907,0.082642,-0.658447,0.752197,0.022461,1184.000000,557.649000,-19.953000,303.824000,3.116000,0.039000,3.141000,0
-1.228000,3.237050,1.227800,-0.015747,-0.021362,-0.001831,-0.021362,0.022583,0.026367,-0.024292,-0.020752,0.003906,262.198000,-7.143750,-35.718800,-0.047485,-0.071411,0.996216,0.751099,0.654907,0.082642,-0.658447,0.752197,0.022461,1184.000000,557.649000,-19.953000,303.824000,3.116000,0.039000,3.141000,0
-1.228000,3.237050,1.227800,-0.015747,-0.021362,-0.001831,-0.021362,0.022583,0.026367,-0.024292,-0.020752,0.003906,262.198000,-7.143750,-35.718800,-0.047485,-0.071411,0.996216,0.751099,0.654907,0.082642,-0.658447,0.752197,0.022461,1184.000000,557.649000,-19.953000,303.824000,3.116000,0.039000,3.141000,0
-1.228000,3.237050,1.227800,-0.015747,-0.021240,-0.001831,-0.021362,0.022583,0.026367,-0.024292,-0.020752,0.003906,262.198000,-7.143750,-35.718800,-0.047485,-0.071289,0.996216,0.751099,0.654907,0.082642,-0.658447,0.752197,0.022461,1184.000000,557.649000,-19.953000,303.824000,3.116000,0.039000,3.141000,0
-1.228000,3.237050,1.227800,-0.015747,-0.021240,-0.001831,-0.021362,0.022583,0.026367,-0.024292,-0.020752,0.003906,262.198000,-7.143750,-35.718800,-0.047485,-0.071289,0.996216,0.751099,0.654907,0.082642,-0.658447,0.752197,0.022461,1184.000000,557.649000,-19.953000,303.824000,3.116000,0.039000,3.141000,0
-1.228000,3.125430,1.227800,-0.015747,-0.021240,-0.001831,-0.021362,0.022583,0.026367,-0.024292,-0.020752,0.003906,262.198000,-7.255370,-35.718800,-0.047485,-0.071289,0.996216,0.751099,0.654907,0.082642,-0.658447,0.752197,0.022461,1184.000000,557.649000,-19.953000,303.824000,3.116000,0.039000,3.141000,0
-1.228000,3.125430,1.227800,-0.015747,-0.021240,-0.001831,-0.021362,0.022461,0.026367,-0.024292,-0.020752,0.003906,262.198000,-7.255370,-35.718800,-0.047485,-0.071289,0.996216,0.751099,0.654785,0.082642,-0.658447,0.752197,0.022461,1184.000000,557.649000,-19.953000,303.824000,3.116000,0.039000,3.141000,0
-1.228000,3.125430,1.227800,-0.015747,-0.021240,-0.001831,-0.021362,0.022461,0.026367,-0.024292,-0.020752,0.003906,262.198000,-7.255370,-35.718800,-0.047485,-0.071289,0.996216,0.751099,0.654785,0.082642,-0.658447,0.752197,0.022461,1184.000000,557.649000,-19.953000,303.824000,3.116000,0.039000,3.141000,0
-1.228000,3.125430,1.227800,-0.015747,-0.021240,-0.001831,-0.021362,0.022461,0.026367,-0.024292,-0.020752,0.003906,262.198000,-7.255370,-35.718800,-0.047485,-0.071289,0.996216,0.751099,0.654785,0.082642,-0.658447,0.752197,0.022461,1180.000000,557.649000,-19.953000,303.824000,3.116000,0.039000,3.141000,0
-1.228000,3.125430,1.227800,-0.015747,-0.021240,-0.001831,-0.021362,0.022583,0.026367,-0.024292,-0.020752,0.003906,262.198000,-7.255370,-35.718800,-0.047485,-0.071289,0.996216,0.751099,0.654907,0.082642,-0.658447,0.752197,0.022461,1180.000000,557.649000,-19.953000,303.824000,3.116000,0.039000,3.141000,0
-1.228000,3.125430,1.227800,-0.015747,-0.021240,-0.001831,-0.021362,0.022583,0.026367,-0.024292,-0.020752,0.003906,262.198000,-7.255370,-35.718800,-0.047485,-0.071289,0.996216,0.751099,0.654907,0.082642,-0.658447,0.752197,0.022461,1180.000000,557.649000,-19.953000,303.824000,3.116000,0.039000,3.141000,0
-1.228000,3.125430,1.227800,-0.015747,-0.021240,-0.001831,-0.021362,0.022583,0.026367,-0.024292,-0.020752,0.003906,262.198000,-7.255370,-35.718800,-0.047485,-0.071289,0.996216,0.751099,0.654907,0.082642,-0.658447,0.752197,0.022461,1180.000000,557.649000,-19.953000,303.824000,3.116000,0.039000,3.141000,0
-1.228000,3.125430,1.227800,-0.015747,-0.021240,-0.001831,-0.021362,0.022583,0.026367,-0.024292,-0.020752,0.003906,262.198000,-7.255370,-35.718800,-0.047485,-0.071289,0.996216,0.751099,0.654907,0.082642,-0.658447,0.752197,0.022461,1180.000000,557.649000,-19.953000,303.824000,3.116000,0.039000,3.141000,0
-1.228000,3.237050,1.227800,-0.015747,-0.021240,-0.001831,-0.021362,0.022583,0.026367,-0.024292,-0.020752,0.003906,262.198000,-7.143750,-35.718800,-0.047485,-0.071289,0.996216,0.751099,0.654907,0.082642,-0.658447,0.752197,0.022461,1180.000000,557.649000,-19.953000,303.824000,3.116000,0.039000,3.141000,0
-1.228000,3.237050,1.227800,-0.015747,-0.021362,-0.001831,-0.021362,0.022583,0.026367,-0.024292,-0.020752,0.003906,262.198000,-7.143750,-35.718800,-0.047485,-0.071411,0.996216,0.751099,0.654907,0.082642,-0.658447,0.752197,0.022461,1180.000000,557.649000,-19.953000,303.824000,3.116000,0.039000,3.141000,0
-1.228000,3.237050,1.227800,-0.015747,-0.021362,-0.001831,-0.021362,0.022583,0.026367,-0.024292,-0.020752,0.003906,262.198000,-7.143750,-35.718800,-0.047485,-0.071411,0.996216,0.751099,0.654907,0.082642,-0.658447,0.752197,0.022461,1180.000000,557.649000,-19.953000,303.824000,3.116000,0.039000,3.141000,0
-1.228000,3.237050,1.227800,-0.015869,-0.021362,-0.001831,-0.021362,0.022583,0.026367,-0.024292,-0.020752,0.003906,262.198000,-7.143750,-35.718800,-0.047607,-0.071411,0.996216,0.751099,0.654907,0.082642,-0.658447,0.752197,0.022461,1180.000000,557.649000,-19.953000,303.824000,3.116000,0.039000,3.141000,0
-1.228000,3.237050,1.227800,-0.015869,-0.021362,-0.001831,-0.021362,0.022583,0.026367,-0.024292,-0.020752,0.003906,262.198000,-7.143750,-35.718800,-0.047607,-0.071411,0.996216,0.751099,0.654907,0.082642,-0.658447,0.752197,0.022461,1184.000000,557.649000,-19.953000,303.824000,3.116000,0.039000,3.141000,0
-1.228000,3.237050,1.227800,-0.015869,-0.021362,-0.001831,-0.021362,0.022583,0.026489,-0.024292,-0.020752,0.003906,262.198000,-7.143750,-35.718800,-0.047607,-0.071411,0.996216,0.751099,0.654907,0.082764,-0.658447,0.752197,0.022461,1184.000000,557.649000,-19.953000,303.824000,3.116000,0.039000,3.141000,0
-1.228000,3.237050,1.227800,-0.015869,-0.021362,-0.001831,-0.021362,0.022583,0.026489,-0.024292,-0.020752,0.003906,262.198000,-7.143750,-35.718800,-0.047607,-0.071411,0.996216,0.751099,0.654907,0.082764,-0.658447,0.752197,0.022461,1184.000000,557.649000,-19.953000,303.824000,3.116000,0.039000,3.141000,0
-1.228000,3.237050,1.227800,-0.015869,-0.021362,-0.001831,-0.021484,0.022583,0.026489,-0.024292,-0.020752,0.003906,262.198000,-7.143750,-35.718800,-0.047607,-0.071411,0.996216,0.750977,0.654907,0.082764,-0.658447,0.752197,0.022461,1184.000000,557.649000,-19.953000,303.824000,3.116000,0.039000,3.141000,0
-1.228000,3.237050,1.227800,-0.015869,-0.021362,-0.001831,-0.021484,0.022583,0.026489,-0.024414,-0.020752,0.003906,262.198000,-7.143750,-35.718800,-0.047607,-0.071411,0.996216,0.750977,0.654907,0.082764,-0.658569,0.752197,0.022461,1184.000000,557.649000,-19.953000,303.824000,3.116000,0.039000,3.141000,0
-1.228000,3.237050,1.227800,-0.015869,-0.021362,-0.001831,-0.021484,0.022583,0.026489,-0.024414,-0.020752,0.003906,262.198000,-7.143750,-35.718800,-0.047607,-0.071411,0.996216,0.750977,0.654907,0.082764,-0.658569,0.752197,0.022461,1184.000000,557.649000,-19.953000,303.824000,3.116000,0.039000,3.141000,0
-1.228000,3.237050,1.227800,-0.015747,-0.021362,-0.001831,-0.021484,0.022583,0.026489,-0.024414,-0.020752,0.003906,262.198000,-7.143750,-35.718800,-0.047485,-0.071411,0.996216,0.750977,0.654907,0.082764,-0.658569,0.752197,0.022461,1184.000000,557.649000,-19.953000,303.824000,3.116000,0.039000,3.141000,0
-1.228000,3.237050,1.227800,-0.015747,-0.021362,-0.001831,-0.021484,0.022583,0.026489,-0.024414,-0.020752,0.003906,262.198000,-7.143750,-35.718800,-0.047485,-0.071411,0.996216,0.750977,0.654907,0.082764,-0.658569,0.752197,0.022461,1184.000000,557.649000,-19.953000,303.824000,3.116000,0.039000,3.141000,0
-1.228000,3.237050,1.227800,-0.015747,-0.021362,-0.001831,-0.021484,0.022705,0.026367,-0.024414,-0.020874,0.003906,262.198000,-7.143750,-35.718800,-0.047485,-0.071411,0.996216,0.750977,0.655029,0.082642,-0.658569,0.752075,0.022461,1184.000000,557.649000,-19.953000,303.824000,3.116000,0.039000,3.141000,0
-1.228000,3.237050,1.227800,-0.015625,-0.021362,-0.001831,-0.021607,0.022705,0.026367,-0.024536,-0.020874,0.004028,262.198000,-7.143750,-35.718800,-0.047363,-0.071411,0.996216,0.750854,0.655029,0.082642,-0.658691,0.752075,0.022583,1184.000000,557.652000,-19.953000,303.834000,3.116000,0.039000,3.141000,0
-1.228000,3.237050,1.227800,-0.015625,-0.021362,-0.001831,-0.021607,0.022705,0.026245,-0.024536,-0.020874,0.004028,262.198000,-7.143750,-35.718800,-0.047363,-0.071411,0.996216,0.750854,0.655029,0.082519,-0.658691,0.752075,0.022583,1184.000000,557.653000,-19.953000,303.835000,3.116000,0.039000,3.141000,0
-1.228000,3.237050,1.116200,-0.015625,-0.021362,-0.001831,-0.021607,0.022705,0.026245,-0.024536,-0.020874,0.004028,262.198000,-7.143750,-35.830400,-0.047363,-0.071411,0.996216,0.750854,0.655029,0.082519,-0.658691,0.752075,0.022583,1184.000000,557.654000,-19.953000,303.837000,3.116000,0.039000,3.141000,0
-1.228000,3.237050,1.116200,-0.015625,-0.021362,-0.001831,-0.021607,0.022705,0.026245,-0.024536,-0.020874,0.004028,262.198000,-7.143750,-35.830400,-0.047363,-0.071411,0.996216,0.750854,0.655029,0.082519,-0.658691,0.752075,0.022583,1184.000000,557.654000,-19.953000,303.838000,3.116000,0.039000,3.141000,0
-1.228000,3.237050,1.116200,-0.015625,-0.021362,-0.001831,-0.021607,0.022827,0.026245,-0.024536,-0.020996,0.004028,262.198000,-7.143750,-35.830400,-0.047363,-0.071411,0.996216,0.750854,0.655151,0.082519,-0.658691,0.751953,0.022583,1184.000000,557.654000,-19.953000,303.838000,3.116000,0.039000,3.141000,0
-1.228000,3.237050,1.116200,-0.015625,-0.021362,-0.001831,-0.021607,0.022827,0.026367,-0.024658,-0.020996,0.004028,262.198000,-7.143750,-35.830400,-0.047363,-0.071411,0.996216,0.750854,0.655151,0.082642,-0.658813,0.751953,0.022583,1184.000000,557.654000,-19.953000,303.838000,3.116000,0.039000,3.141000,0
-1.228000,3.237050,1.116200,-0.015625,-0.021484,-0.001831,-0.021607,0.022827,0.026367,-0.024658,-0.020996,0.004028,262.198000,-7.143750,-35.830400,-0.047363,-0.071533,0.996216,0.750854,0.655151,0.082642,-0.658813,0.751953,0.022583,1184.000000,557.654000,-19.953000,303.838000,3.116000,0.039000,3.141000,0
-1.228000,3.237050,1.116200,-0.015625,-0.021484,-0.001831,-0.021607,0.022705,0.026367,-0.024536,-0.020874,0.004028,262.198000,-7.143750,-35.830400,-0.047363,-0.071533,0.996216,0.750854,0.655029,0.082642,-0.658691,0.752075,0.022583,1184.000000,557.654000,-19.953000,303.838000,3.116000,0.039000,3.141000,0
-1.228000,3.237050,1.116200,-0.015625,-0.021484,-0.001831,-0.021607,0.022705,0.026367,-0.024536,-0.020874,0.004028,262.198000,-7.143750,-35.830400,-0.047363,-0.071533,0.996216,0.750854,0.655029,0.082642,-0.658691,0.752075,0.022583,1184.000000,557.654000,-19.953000,303.838000,3.116000,0.039000,3.141000,0
-1.228000,3.237050,1.116200,-0.015625,-0.021484,-0.001831,-0.021484,0.022705,0.026367,-0.024536,-0.020874,0.004150,262.198000,-7.143750,-35.830400,-0.047363,-0.071533,0.996216,0.750977,0.655029,0.082642,-0.658691,0.752075,0.022705,1184.000000,557.654000,-19.953000,303.838000,3.116000,0.039000,3.141000,0
-1.228000,3.237050,1.116200,-0.015625,-0.021484,-0.001831,-0.021484,0.022705,0.026367,-0.024536,-0.020874,0.004150,262.198000,-7.143750,-35.830400,-0.047363,-0.071533,0.996216,0.750977,0.655029,0.082642,-0.658691,0.752075,0.022705,1184.000000,557.654000,-19.953000,303.838000,3.116000,0.039000,3.141000,0
-1.228000,3.237050,1.116200,-0.015503,-0.021484,-0.001831,-0.021484,0.022705,0.026367,-0.024536,-0.020874,0.004150,262.198000,-7.143750,-35.830400,-0.047241,-0.071533,0.996216,0.750977,0.655029,0.082642,-0.658691,0.752075,0.022705,1184.000000,557.654000,-19.953000,303.838000,3.116000,0.039000,3.141000,0
-1.228000,3.237050,1.116200,-0.015625,-0.021484,-0.001831,-0.021484,0.022705,0.026367,-0.024536,-0.020874,0.004150,262.198000,-7.143750,-35.830400,-0.047363,-0.071533,0.996216,0.750977,0.655029,0.082642,-0.658691,0.752075,0.022705,1184.000000,557.654000,-19.953000,303.838000,3.116000,0.039000,3.141000,0
-1.228000,3.237050,1.227800,-0.015625,-0.021484,-0.001831,-0.021607,0.022705,0.026367,-0.024536,-0.020874,0.004028,262.198000,-7.143750,-35.718800,-0.047363,-0.071533,0.996216,0.750854,0.655029,0.082642,-0.658691,0.752075,0.022583,1184.000000,557.654000,-19.953000,303.838000,3.116000,0.039000,3.141000,0
-1.228000,3.237050,1.227800,-0.015747,-0.021484,-0.001831,-0.021607,0.022705,0.026489,-0.024536,-0.020874,0.004028,262.198000,-7.143750,-35.718800,-0.047485,-0.071533,0.996216,0.750854,0.655029,0.082764,-0.658691,0.752075,0.022583,1180.000000,557.654000,-19.953000,303.838000,3.116000,0.039000,3.141000,0
-1.228000,3.237050,1.227800,-0.015747,-0.021484,-0.001831,-0.021607,0.022705,0.026489,-0.024536,-0.020874,0.004028,262.198000,-7.143750,-35.718800,-0.047485,-0.071533,0.996216,0.750854,0.655029,0.082764,-0.658691,0.752075,0.022583,1180.000000,557.654000,-19.953000,303.838000,3.116000,0.039000,3.141000,0
-1.228000,3.237050,1.227800,-0.015747,-0.021484,-0.001831,-0.021607,0.022705,0.026489,-0.024536,-0.020874,0.004028,262.198000,-7.143750,-35.718800,-0.047485,-0.071533,0.996216,0.750854,0.655029,0.082764,-0.658691,0.752075,0.022583,1180.000000,557.654000,-19.953000,303.838000,3.116000,0.039000,3.141000,0
-1.228000,3.237050,1.227800,-0.015747,-0.021484,-0.001831,-0.021607,0.022705,0.026489,-0.024536,-0.020874,0.004028,262.198000,-7.143750,-35.718800,-0.047485,-0.071533,0.996216,0.750854,0.655029,0.082764,-0.658691,0.752075,0.022583,1180.000000,557.654000,-19.953000,303.838000,3.116000,0.039000,3.141000,0
-1.228000,3.237050,1.227800,-0.015747,-0.021484,-0.001831,-0.021484,0.022705,0.026489,-0.024536,-0.020874,0.003906,262.198000,-7.143750,-35.718800,-0.047485,-0.071533,0.996216,0.750977,0.655029,0.082764,-0.658691,0.752075,0.022461,1180.000000,557.654000,-19.953000,303.838000,3.116000,0.039000,3.141000,0
-1.228000,3.237050,1.227800,-0.015869,-0.021484,-0.001831,-0.021607,0.022705,0.026489,-0.024536,-0.020874,0.003906,262.198000,-7.143750,-35.718800,-0.047607,-0.071533,0.996216,0.750854,0.655029,0.082764,-0.658691,0.752075,0.022461,1180.000000,557.654000,-19.953000,303.838000,3.116000,0.039000,3.141000,0
-1.228000,3.237050,1.227800,-0.015869,-0.021484,-0.001831,-0.021607,0.022705,0.026489,-0.024536,-0.020874,0.003906,262.198000,-7.143750,-35.718800,-0.047607,-0.071533,0.996216,0.750854,0.655029,0.082764,-0.658691,0.752075,0.022461,1180.000000,557.654000,-19.953000,303.838000,3.116000,0.039000,3.141000,0
-1.228000,3.237050,1.227800,-0.015869,-0.021484,-0.001831,-0.021607,0.022705,0.026489,-0.024536,-0.020874,0.003906,262.198000,-7.143750,-35.718800,-0.047607,-0.071533,0.996216,0.750854,0.655029,0.082764,-0.658691,0.752075,0.022461,1180.000000,557.654000,-19.953000,303.838000,3.116000,0.039000,3.141000,0
-1.228000,3.237050,1.227800,-0.015869,-0.021484,-0.001831,-0.021484,0.022705,0.026489,-0.024536,-0.020874,0.003906,262.198000,-7.143750,-35.718800,-0.047607,-0.071533,0.996216,0.750977,0.655029,0.082764,-0.658691,0.752075,0.022461,1180.000000,557.654000,-19.953000,303.838000,3.116000,0.039000,3.141000,0
-1.228000,3.237050,1.227800,-0.015869,-0.021484,-0.001831,-0.021484,0.022705,0.026611,-0.024414,-0.020874,0.003906,262.198000,-7.143750,-35.718800,-0.047607,-0.071533,0.996216,0.750977,0.655029,0.082886,-0.658569,0.752075,0.022461,1180.000000,557.654000,-19.953000,303.838000,3.116000,0.039000,3.141000,0
-1.228000,3.237050,1.227800,-0.015869,-0.021484,-0.001831,-0.021484,0.022705,0.026489,-0.024414,-0.020874,0.003906,262.198000,-7.143750,-35.718800,-0.047607,-0.071533,0.996216,0.750977,0.655029,0.082764,-0.658569,0.752075,0.022461,1180.000000,557.655000,-19.953000,303.838000,3.116000,0.039000,3.141000,0
-1.228000,3.237050,1.227800,-0.015869,-0.021484,-0.001831,-0.021484,0.022705,0.026489,-0.024414,-0.020874,0.003906,262.198000,-7.143750,-35.718800,-0.047607,-0.071533,0.996216,0.750977,0.655029,0.082764,-0.658569,0.752075,0.022461,1180.000000,557.655000,-19.953000,303.839000,3.116000,0.039000,3.141000,0
-1.228000,3.237050,1.227800,-0.015869,-0.021484,-0.001831,-0.021484,0.022583,0.026489,-0.024414,-0.020874,0.003906,262.198000,-7.143750,-35.718800,-0.047607,-0.071533,0.996216,0.750977,0.654907,0.082764,-0.658569,0.752075,0.022461,1180.000000,557.657000,-19.953000,303.840000,3.116000,0.039000,3.141000,0
-1.228000,3.237050,1.227800,-0.015747,-0.021484,-0.001831,-0.021484,0.022583,0.026489,-0.024414,-0.020874,0.003906,262.198000,-7.143750,-35.718800,-0.047485,-0.071533,0.996216,0.750977,0.654907,0.082764,-0.658569,0.752075,0.022461,1184.000000,557.659000,-19.953000,303.842000,3.116000,0.039000,3.141000,0
-1.228000,3.237050,1.227800,-0.015747,-0.021484,-0.001831,-0.021484,0.022583,0.026489,-0.024414,-0.020752,0.004028,262.198000,-7.143750,-35.718800,-0.047485,-0.071533,0.996216,0.750977,0.654907,0.082764,-0.658569,0.752197,0.022583,1184.000000,557.661000,-19.954000,303.844000,3.116000,0.039000,3.141000,0
-1.228000,3.237050,1.227800,-0.015747,-0.021484,-0.001831,-0.021484,0.022583,0.026489,-0.024414,-0.020752,0.004028,262.198000,-7.143750,-35.718800,-0.047485,-0.071533,0.996216,0.750977,0.654907,0.082764,-0.658569,0.752197,0.022583,1184.000000,557.665000,-19.954000,303.847000,3.116000,0.039000,3.141000,0
-1.228000,3.237050,1.227800,-0.015747,-0.021484,-0.001831,-0.021484,0.022583,0.026489,-0.024414,-0.020874,0.004028,262.198000,-7.143750,-35.718800,-0.047485,-0.071533,0.996216,0.750977,0.654907,0.082764,-0.658569,0.752075,0.022583,1184.000000,557.708000,-19.956000,303.867000,3.116000,0.039000,3.141000,0
-1.228000,3.237050,1.227800,-0.015747,-0.021484,-0.001831,-0.021484,0.022583,0.026489,-0.024414,-0.020874,0.004028,262.198000,-7.143750,-35.718800,-0.047485,-0.071533,0.996216,0.750977,0.654907,0.082764,-0.658569,0.752075,0.022583,1184.000000,557.805000,-19.965000,303.837000,3.116000,0.039000,3.141000,0
-1.228000,3.237050,1.227800,-0.015747,-0.021484,-0.001831,-0.021484,0.022583,0.026367,-0.024414,-0.020752,0.004028,262.198000,-7.143750,-35.718800,-0.047485,-0.071533,0.996216,0.750977,0.654907,0.082642,-0.658569,0.752197,0.022583,1184.000000,557.828000,-19.967000,303.830000,3.116000,0.039000,3.141000,0
-1.228000,3.237050,1.227800,-0.015747,-0.021362,-0.001831,-0.021362,0.022583,0.026367,-0.024292,-0.020752,0.003906,262.198000,-7.143750,-35.718800,-0.047485,-0.071411,0.996216,0.751099,0.654907,0.082642,-0.658447,0.752197,0.022461,1184.000000,557.921000,-19.967000,303.836000,3.116000,0.039000,3.141000,0
-1.228000,3.237050,1.227800,-0.015747,-0.021362,-0.001831,-0.021362,0.022583,0.026367,-0.024292,-0.020752,0.003906,262.198000,-7.143750,-35.718800,-0.047485,-0.071411,0.996216,0.751099,0.654907,0.082642,-0.658447,0.752197,0.022461,1184.000000,558.042000,-19.965000,303.865000,3.116000,0.039000,3.141000,0
-1.228000,3.237050,1.227800,-0.015747,-0.021362,-0.001831,-0.021362,0.022583,0.026367,-0.024292,-0.020752,0.003906,262.198000,-7.143750,-35.718800,-0.047485,-0.071411,0.996216,0.751099,0.654907,0.082642,-0.658447,0.752197,0.022461,1184.000000,558.123000,-19.962000,303.880000,3.116000,0.039000,3.141000,0
-1.228000,3.237050,1.227800,-0.015747,-0.021362,-0.001831,-0.021362,0.022583,0.026367,-0.024292,-0.020752,0.003906,262.198000,-7.143750,-35.718800,-0.047485,-0.071411,0.996216,0.751099,0.654907,0.082642,-0.658447,0.752197,0.022461,1184.000000,558.222000,-19.959000,303.878000,3.116000,0.039000,3.141000,0
-1.228000,3.237050,1.227800,-0.015747,-0.021362,-0.001831,-0.021362,0.022583,0.026367,-0.024292,-0.020752,0.003906,262.198000,-7.143750,-35.718800,-0.047485,-0.071411,0.996216,0.751099,0.654907,0.082642,-0.658447,0.752197,0.022461,1184.000000,558.295000,-19.959000,303.882000,3.116000,0.039000,3.141000,0
-1.228000,3.237050,1.227800,-0.015747,-0.021362,-0.001831,-0.021362,0.022583,0.026367,-0.024292,-0.020752,0.003906,262.198000,-7.143750,-35.718800,-0.047485,-0.071411,0.996216,0.751099,0.654907,0.082642,-0.658447,0.752197,0.022461,1184.000000,558.378000,-19.960000,303.882000,3.116000,0.039000,3.141000,0
-1.228000,3.237050,1.227800,-0.015747,-0.021362,-0.001831,-0.021484,0.022583,0.026367,-0.024414,-0.020752,0.003906,262.198000,-7.143750,-35.718800,-0.047485,-0.071411,0.996216,0.750977,0.654907,0.082642,-0.658569,0.752197,0.022461,1184.000000,558.469000,-19.960000,303.877000,3.116000,0.039000,3.141000,0
-1.228000,3.237050,1.227800,-0.015747,-0.021362,-0.001831,-0.021484,0.022583,0.026367,-0.024414,-0.020752,0.003906,262.198000,-7.143750,-35.718800,-0.047485,-0.071411,0.996216,0.750977,0.654907,0.082642,-0.658569,0.752197,0.022461,1184.000000,558.566000,-19.960000,303.870000,3.116000,0.039000,3.141000,0
-1.228000,3.237050,1.227800,-0.015747,-0.021484,-0.001831,-0.021484,0.022583,0.026489,-0.024414,-0.020874,0.003906,262.198000,-7.143750,-35.718800,-0.047485,-0.071533,0.996216,0.750977,0.654907,0.082764,-0.658569,0.752075,0.022461,1184.000000,558.671000,-19.961000,303.863000,3.116000,0.039000,3.141000,0
-1.228000,3.237050,1.227800,-0.015747,-0.021484,-0.001831,-0.021484,0.022705,0.026489,-0.024414,-0.020874,0.003906,262.198000,-7.143750,-35.718800,-0.047485,-0.071533,0.996216,0.750977,0.655029,0.082764,-0.658569,0.752075,0.022461,1184.000000,558.786000,-19.961000,303.852000,3.116000,0.039000,3.141000,0
-1.228000,3.237050,1.227800,-0.015869,-0.021484,-0.001831,-0.021484,0.022705,0.026489,-0.024414,-0.020874,0.003906,262.198000,-7.143750,-35.718800,-0.047607,-0.071533,0.996216,0.750977,0.655029,0.082764,-0.658569,0.752075,0.022461,1184.000000,558.877000,-19.960000,303.844000,3.116000,0.039000,3.141000,0
-1.228000,3.237050,1.227800,-0.015869,-0.021484,-0.001831,-0.021484,0.022705,0.026611,-0.024536,-0.020874,0.003906,262.198000,-7.143750,-35.718800,-0.047607,-0.071533,0.996216,0.750977,0.655029,0.082886,-0.658691,0.752075,0.022461,1188.000000,558.986000,-19.960000,303.843000,3.116000,0.039000,3.141000,0
-1.228000,3.237050,1.227800,-0.015991,-0.021484,-0.001953,-0.021607,0.022705,0.026733,-0.024536,-0.020874,0.003906,262.198000,-7.143750,-35.718800,-0.047730,-0.071533,0.996094,0.750854,0.655029,0.083008,-0.658691,0.752075,0.022461,1188.000000,559.107000,-19.960000,303.848000,3.116000,0.039000,3.141000,0
-1.228000,3.237050,1.227800,-0.016113,-0.021607,-0.001953,-0.021607,0.022705,0.026856,-0.024536,-0.020874,0.003784,262.198000,-7.143750,-35.718800,-0.047852,-0.071655,0.996094,0.750854,0.655029,0.083130,-0.658691,0.752075,0.022339,1192.000000,559.276000,-19.963000,303.863000,3.116000,0.039000,3.141000,0
-1.228000,3.237050,1.227800,-0.016235,-0.021607,-0.001953,-0.021607,0.022705,0.026856,-0.024536,-0.020874,0.003784,262.198000,-7.143750,-35.718800,-0.047974,-0.071655,0.996094,0.750854,0.655029,0.083130,-0.658691,0.752075,0.022339,1192.000000,559.669000,-19.968000,303.917000,3.116000,0.039000,3.141000,0
-1.228000,3.237050,1.227800,-0.016235,-0.021607,-0.001953,-0.021607,0.022705,0.026978,-0.024536,-0.020996,0.003784,262.198000,-7.143750,-35.718800,-0.047974,-0.071655,0.996094,0.750854,0.655029,0.083252,-0.658691,0.751953,0.022339,1192.000000,559.847000,-19.967000,303.928000,3.116000,0.039000,3.141000,0
-1.228000,3.237050,1.227800,-0.016357,-0.021729,-0.001953,-0.021729,0.022827,0.026978,-0.024658,-0.020996,0.003784,262.198000,-7.143750,-35.718800,-0.048096,-0.071777,0.996094,0.750732,0.655151,0.083252,-0.658813,0.751953,0.022339,1196.000000,560.030000,-19.965000,303.933000,3.116000,0.039000,3.141000,0
-1.228000,3.237050,1.227800,-0.016357,-0.021729,-0.001953,-0.021729,0.022827,0.027100,-0.024658,-0.020996,0.003784,262.198000,-7.143750,-35.718800,-0.048096,-0.071777,0.996094,0.750732,0.655151,0.083374,-0.658813,0.751953,0.022339,1196.000000,560.231000,-19.965000,303.931000,3.116000,0.039000,3.141000,0
-1.228000,3.237050,1.227800,-0.016480,-0.021729,-0.001953,-0.021729,0.022827,0.027100,-0.024658,-0.020996,0.003784,262.198000,-7.143750,-35.718800,-0.048218,-0.071777,0.996094,0.750732,0.655151,0.083374,-0.658813,0.751953,0.022339,1196.000000,560.395000,-19.967000,303.929000,3.116000,0.039000,3.141000,0
-1.228000,3.237050,1.227800,-0.016480,-0.021729,-0.001953,-0.021851,0.022949,0.027222,-0.024781,-0.021118,0.003662,262.198000,-7.143750,-35.718800,-0.048218,-0.071777,0.996094,0.750610,0.655273,0.083496,-0.658936,0.751831,0.022217,1200.000000,560.582000,-19.971000,303.923000,3.116000,0.039000,3.141000,0
-1.228000,3.237050,1.227800,-0.016480,-0.021851,-0.001953,-0.021851,0.022949,0.027222,-0.024781,-0.021118,0.003662,262.198000,-7.143750,-35.718800,-0.048218,-0.071899,0.996094,0.750610,0.655273,0.083496,-0.658936,0.751831,0.022217,1200.000000,560.780000,-19.976000,303.919000,3.116000,0.039000,3.141000,0
-1.340000,3.237050,1.227800,-0.016602,-0.021851,-0.001953,-0.021851,0.022949,0.027344,-0.024781,-0.021118,0.003662,262.086000,-7.143750,-35.718800,-0.048340,-0.071899,0.996094,0.750610,0.655273,0.083618,-0.658936,0.751831,0.022217,1204.000000,560.997000,-19.979000,303.917000,3.116000,0.039000,3.141000,0
-1.340000,3.237050,1.227800,-0.016724,-0.021973,-0.001953,-0.021973,0.023072,0.027466,-0.024903,-0.021240,0.003662,262.086000,-7.143750,-35.718800,-0.048462,-0.072022,0.996094,0.750488,0.655396,0.083740,-0.659058,0.751709,0.022217,1208.000000,561.222000,-19.981000,303.915000,3.116000,0.039000,3.141000,0
-1.340000,3.237050,1.227800,-0.016846,-0.021973,-0.001953,-0.021973,0.023072,0.027588,-0.024903,-0.021240,0.003662,262.086000,-7.143750,-35.718800,-0.048584,-0.072022,0.996094,0.750488,0.655396,0.083862,-0.659058,0.751709,0.022217,1212.000000,561.687000,-19.985000,303.935000,3.116000,0.039000,3.141000,0
-1.340000,3.237050,1.227800,-0.016846,-0.022095,-0.001953,-0.022095,0.023072,0.027710,-0.025025,-0.021240,0.003662,262.086000,-7.143750,-35.718800,-0.048584,-0.072144,0.996094,0.750366,0.655396,0.083984,-0.659180,0.751709,0.022217,1216.000000,561.919000,-19.987000,303.944000,3.116000,0.039000,3.141000,0
-1.340000,3.348670,1.227800,-0.016968,-0.022095,-0.001953,-0.022095,0.023194,0.027832,-0.025025,-0.021362,0.003662,262.086000,-7.032130,-35.718800,-0.048706,-0.072144,0.996094,0.750366,0.655518,0.084106,-0.659180,0.751587,0.022217,1220.000000,562.165000,-19.990000,303.967000,3.116000,0.039000,3.141000,0
-1.340000,3.348670,1.227800,-0.017090,-0.022217,-0.001953,-0.022217,0.023194,0.028076,-0.025147,-0.021484,0.003662,262.086000,-7.032130,-35.718800,-0.048828,-0.072266,0.996094,0.750244,0.655518,0.084351,-0.659302,0.751465,0.022217,1224.000000,562.424000,-19.993000,303.990000,3.117000,0.039000,3.141000,0
-1.340000,3.348670,1.339500,-0.017212,-0.022339,-0.002075,-0.022217,0.023316,0.028198,-0.025147,-0.021484,0.003662,262.086000,-7.032130,-35.607100,-0.048950,-0.072388,0.995972,0.750244,0.655640,0.084473,-0.659302,0.751465,0.022217,1232.000000,562.971000,-19.999000,304.018000,3.117000,0.039000,3.141000,0
-1.340000,3.348670,1.339500,-0.017334,-0.022461,-0.002075,-0.022339,0.023316,0.028320,-0.025269,-0.021484,0.003662,262.086000,-7.032130,-35.607100,-0.049072,-0.072510,0.995972,0.750122,0.655640,0.084595,-0.659424,0.751465,0.022217,1236.000000,563.241000,-20.000000,304.014000,3.117000,0.039000,3.141000,0
-1.451000,3.348670,1.339500,-0.017578,-0.022583,-0.002075,-0.022461,0.023438,0.028564,-0.025391,-0.021728,0.003540,261.975000,-7.032130,-35.607100,-0.049316,-0.072632,0.995972,0.750000,0.655762,0.084839,-0.659546,0.751221,0.022095,1244.000000,563.509000,-20.000000,304.004000,3.117000,0.039000,3.141000,0
-1.451000,3.348670,1.339500,-0.017700,-0.022827,-0.002075,-0.022583,0.023560,0.028809,-0.025513,-0.021728,0.003540,261.975000,-7.032130,-35.607100,-0.049439,-0.072876,0.995972,0.749878,0.655884,0.085083,-0.659668,0.751221,0.022095,1252.000000,564.030000,-19.999000,303.987000,3.116000,0.039000,3.141000,0
-1.451000,3.348670,1.339500,-0.017822,-0.022827,-0.002075,-0.022705,0.023682,0.028931,-0.025635,-0.021850,0.003540,261.975000,-7.032130,-35.607100,-0.049561,-0.072876,0.995972,0.749756,0.656006,0.085205,-0.659790,0.751099,0.022095,1260.000000,564.309000,-20.000000,303.991000,3.116000,0.039000,3.141000,0
-1.563000,3.460290,1.339500,-0.018189,-0.023193,-0.002075,-0.022949,0.023804,0.029419,-0.025879,-0.022095,0.003540,261.863000,-6.920510,-35.607100,-0.049927,-0.073242,0.995972,0.749512,0.656128,0.085693,-0.660034,0.750854,0.022095,1276.000000,564.600000,-20.001000,304.001000,3.116000,0.039000,3.141000,0
-1.563000,3.460290,1.339500,-0.018311,-0.023315,-0.002197,-0.022949,0.023926,0.029663,-0.026001,-0.022217,0.003540,261.863000,-6.920510,-35.607100,-0.050049,-0.073364,0.995850,0.749512,0.656250,0.085938,-0.660156,0.750732,0.022095,1280.000000,565.251000,-19.999000,304.065000,3.116000,0.039000,3.141000,0
-1.563000,3.460290,1.339500,-0.018433,-0.023438,-0.002197,-0.023071,0.024048,0.029907,-0.026123,-0.022217,0.003540,261.863000,-6.920510,-35.607100,-0.050171,-0.073486,0.995850,0.749390,0.656372,0.086182,-0.660278,0.750732,0.022095,1292.000000,565.536000,-19.999000,304.089000,3.116000,0.039000,3.141000,0
-1.675000,3.460290,1.339500,-0.018677,-0.023804,-0.002197,-0.023315,0.024170,0.030273,-0.026245,-0.022461,0.003540,261.751000,-6.920510,-35.607100,-0.050415,-0.073853,0.995850,0.749146,0.656494,0.086548,-0.660400,0.750488,0.022095,1304.000000,565.847000,-20.000000,304.105000,3.116000,0.039000,3.141000,0
-1.675000,3.460290,1.339500,-0.018799,-0.023926,-0.002197,-0.023438,0.024292,0.030518,-0.026367,-0.022583,0.003540,261.751000,-6.920510,-35.607100,-0.050537,-0.073975,0.995850,0.749023,0.656616,0.086792,-0.660522,0.750366,0.022095,1312.000000,566.159000,-20.001000,304.123000,3.116000,0.039000,3.141000,0
-1.786000,3.460290,1.339500,-0.019165,-0.024292,-0.002197,-0.023560,0.024536,0.030884,-0.026612,-0.022705,0.003662,261.640000,-6.920510,-35.607100,-0.050903,-0.074341,0.995850,0.748901,0.656860,0.087158,-0.660767,0.750244,0.022217,1332.000000,566.471000,-20.000000,304.122000,3.116000,0.039000,3.141000,0
-1.898000,3.571910,1.339500,-0.019653,-0.024780,-0.002319,-0.024048,0.024780,0.031616,-0.026978,-0.023071,0.003662,261.528000,-6.808890,-35.607100,-0.051392,-0.074829,0.995728,0.748413,0.657104,0.087891,-0.661133,0.749878,0.022217,1360.000000,566.780000,-19.999000,304.110000,3.117000,0.039000,3.141000,0
-1.898000,3.571910,1.339500,-0.019897,-0.025024,-0.002319,-0.024170,0.025025,0.031982,-0.027100,-0.023193,0.003540,261.528000,-6.808890,-35.607100,-0.051636,-0.075073,0.995728,0.748291,0.657349,0.088257,-0.661255,0.749756,0.022095,1376.000000,567.402000,-20.000000,304.097000,3.117000,0.039000,3.141000,0
-2.009000,3.571910,1.339500,-0.020142,-0.025147,-0.002319,-0.024292,0.025147,0.032349,-0.027344,-0.023315,0.003540,261.417000,-6.808890,-35.607100,-0.051880,-0.075195,0.995728,0.748169,0.657471,0.088623,-0.661499,0.749634,0.022095,1388.000000,567.717000,-20.002000,304.086000,3.117000,0.039000,3.141000,0
-2.009000,3.683530,1.339500,-0.020508,-0.025513,-0.002442,-0.024536,0.025269,0.032837,-0.027588,-0.023559,0.003540,261.417000,-6.697270,-35.607100,-0.052246,-0.075562,0.995605,0.747925,0.657593,0.089111,-0.661743,0.749390,0.022095,1412.000000,568.035000,-20.000000,304.072000,3.117000,0.039000,3.141000,0
-2.121000,3.683530,1.339500,-0.020752,-0.025757,-0.002442,-0.024780,0.025513,0.033203,-0.027710,-0.023681,0.003540,261.305000,-6.697270,-35.607100,-0.052490,-0.075806,0.995605,0.747681,0.657837,0.089478,-0.661865,0.749268,0.022095,1428.000000,568.383000,-19.999000,304.073000,3.117000,0.039000,3.141000,0
-2.121000,3.683530,1.339500,-0.020996,-0.025879,-0.002442,-0.024902,0.025635,0.033447,-0.027954,-0.023926,0.003418,261.305000,-6.697270,-35.607100,-0.052734,-0.075928,0.995605,0.747559,0.657959,0.089722,-0.662109,0.749023,0.021973,1440.000000,568.665000,-19.998000,304.067000,3.117000,0.039000,3.141000,0
-2.233000,3.683530,1.339500,-0.021362,-0.026245,-0.002564,-0.025147,0.025879,0.033936,-0.028199,-0.024048,0.003418,261.193000,-6.697270,-35.607100,-0.053101,-0.076294,0.995483,0.747314,0.658203,0.090210,-0.662354,0.748901,0.021973,1464.000000,568.977000,-19.999000,304.055000,3.117000,0.039000,3.141000,0
-2.233000,3.795160,1.339500,-0.021606,-0.026367,-0.002564,-0.025391,0.026001,0.034180,-0.028321,-0.024292,0.003418,261.193000,-6.585640,-35.607100,-0.053345,-0.076416,0.995483,0.747070,0.658325,0.090454,-0.662476,0.748657,0.021973,1484.000000,569.301000,-20.000000,304.056000,3.117000,0.039000,3.141000,0
-2.344000,3.795160,1.339500,-0.021851,-0.026733,-0.002564,-0.025635,0.026245,0.034668,-0.028565,-0.024536,0.003418,261.082000,-6.585640,-35.607100,-0.053589,-0.076782,0.995483,0.746826,0.658569,0.090942,-0.662720,0.748413,0.021973,1508.000000,569.615000,-20.000000,304.055000,3.117000,0.039000,3.141000,0
-2.344000,3.795160,1.339500,-0.022095,-0.026978,-0.002564,-0.025757,0.026367,0.034912,-0.028809,-0.024658,0.003418,261.082000,-6.585640,-35.607100,-0.053833,-0.077026,0.995483,0.746704,0.658691,0.091187,-0.662964,0.748291,0.021973,1524.000000,569.932000,-20.001000,304.055000,3.117000,0.039000,3.141000,0
-2.456000,3.906780,1.339500,-0.022339,-0.027222,-0.002686,-0.026001,0.026612,0.035400,-0.029053,-0.024902,0.003418,260.970000,-6.474020,-35.607100,-0.054077,-0.077271,0.995361,0.746460,0.658936,0.091675,-0.663208,0.748047,0.021973,1552.000000,570.265000,-20.003000,304.066000,3.117000,0.039000,3.141000,0
-2.456000,3.906780,1.339500,-0.022583,-0.027466,-0.002686,-0.026123,0.026734,0.035644,-0.029175,-0.025024,0.003540,260.970000,-6.474020,-35.607100,-0.054321,-0.077515,0.995361,0.746338,0.659058,0.091919,-0.663330,0.747925,0.022095,1568.000000,570.603000,-20.005000,304.085000,3.117000,0.039000,3.141000,0
-2.568000,3.906780,1.339500,-0.022705,-0.027710,-0.002686,-0.026245,0.026856,0.036011,-0.029297,-0.025146,0.003540,260.858000,-6.474020,-35.607100,-0.054443,-0.077759,0.995361,0.746216,0.659180,0.092285,-0.663452,0.747803,0.022095,1584.000000,570.933000,-20.006000,304.095000,3.117000,0.039000,3.141000,0
-2.568000,3.906780,1.339500,-0.023071,-0.028076,-0.002686,-0.026367,0.026978,0.036377,-0.029419,-0.025268,0.003540,260.858000,-6.474020,-35.607100,-0.054810,-0.078125,0.995361,0.746094,0.659302,0.092651,-0.663574,0.747681,0.022095,1612.000000,571.259000,-20.007000,304.112000,3.117000,0.039000,3.141000,0
-2.679000,3.906780,1.339500,-0.023193,-0.028198,-0.002808,-0.026489,0.026978,0.036743,-0.029541,-0.025390,0.003540,260.747000,-6.474020,-35.607100,-0.054932,-0.078247,0.995239,0.745972,0.659302,0.093018,-0.663696,0.747559,0.022095,1632.000000,571.581000,-20.007000,304.128000,3.117000,0.039000,3.141000,0
-2.791000,3.906780,1.339500,-0.023438,-0.028442,-0.002808,-0.026611,0.027100,0.036987,-0.029663,-0.025390,0.003540,260.635000,-6.474020,-35.607100,-0.055176,-0.078491,0.995239,0.745850,0.659424,0.093262,-0.663818,0.747559,0.022095,1652.000000,571.907000,-20.007000,304.138000,3.117000,0.039000,3.141000,0
-2.791000,4.018400,1.339500,-0.023682,-0.028809,-0.002808,-0.026856,0.027222,0.037476,-0.029785,-0.025512,0.003662,260.635000,-6.362400,-35.607100,-0.055420,-0.078857,0.995239,0.745605,0.659546,0.093750,-0.663940,0.747437,0.022217,1684.000000,572.238000,-20.008000,304.156000,3.117000,0.039000,3.141000,0
-2.902000,4.018400,1.339500,-0.023926,-0.029053,-0.002930,-0.026978,0.027344,0.037720,-0.029908,-0.025635,0.003662,260.524000,-6.362400,-35.607100,-0.055664,-0.079102,0.995117,0.745483,0.659668,0.093994,-0.664063,0.747314,0.022217,1704.000000,572.558000,-20.009000,304.171000,3.117000,0.039000,3.141000,0
-3.014000,4.018400,1.339500,-0.024170,-0.029419,-0.002930,-0.027100,0.027466,0.038208,-0.030152,-0.025879,0.003784,260.412000,-6.362400,-35.607100,-0.055908,-0.079468,0.995117,0.745361,0.659790,0.094482,-0.664307,0.747070,0.022339,1736.000000,572.879000,-20.009000,304.177000,3.117000,0.039000,3.141000,0
-3.126000,4.018400,1.339500,-0.024536,-0.029907,-0.002930,-0.027344,0.027588,0.038818,-0.030396,-0.026123,0.003784,260.300000,-6.362400,-35.607100,-0.056274,-0.079956,0.995117,0.745117,0.659912,0.095093,-0.664551,0.746826,0.022339,1784.000000,573.209000,-20.011000,304.186000,3.117000,0.039000,3.141000,0
