Dif_X,Dif_Y,Dif_Z,Dif_X1,Dif_X2,Dif_X3,Dif_Y1,Dif_Y2,Dif_Y3,Dif_Z1,Dif_Z2,Dif_Z3,NDI_X,NDI_Y,NDI_Z,NDI_Rot_X1,NDI_Rot_X2,NDI_Rot_X3,NDI_Rot_Y1,NDI_Rot_Y2,NDI_Rot_Y3,NDI_Rot_Z1,NDI_Rot_Z2,NDI_Rot_Z3,NDI_Quality,Kuka_X,Kuka_Y,Kuka_Z,Kuka_A,Kuka_B,Kuka_C
-0.335,2.23243,0.5581,-0.0073242,-0.0145264,-0.000488,-0.019409,-0.009522,0.00891109,0.010131,-0.018921,-0.0129395,263.426000,-3.571870,-36.723300,-0.048340,-0.015625,0.998535,-0.457153,0.889282,-0.008179,-0.888062,-0.457031,-0.050171,644.000000,543.590000,-19.991000,303.612000,3.116000,0.040000,3.141000
-0.335,2.23243,0.5581,-0.0073242,-0.0145264,-0.000488,-0.019409,-0.009522,0.00891109,0.010131,-0.018921,-0.0129395,263.426000,-3.571870,-36.723300,-0.048340,-0.015625,0.998535,-0.457153,0.889282,-0.008179,-0.888062,-0.457031,-0.050171,644.000000,543.590000,-19.991000,303.612000,3.116000,0.040000,3.141000
-0.335,2.1208,0.5581,-0.0073242,-0.0145264,-0.000488,-0.019409,-0.009522,0.00891109,0.010131,-0.018921,-0.0129395,263.426000,-3.683500,-36.723300,-0.048340,-0.015625,0.998535,-0.457153,0.889282,-0.008179,-0.888062,-0.457031,-0.050171,644.000000,543.590000,-19.991000,303.612000,3.116000,0.040000,3.141000
-0.335,2.1208,0.5581,-0.0073242,-0.0145264,-0.000488,-0.019409,-0.009522,0.00891109,0.010131,-0.018799,-0.0129395,263.426000,-3.683500,-36.723300,-0.048340,-0.015625,0.998535,-0.457153,0.889282,-0.008179,-0.888062,-0.456909,-0.050171,644.000000,543.590000,-19.991000,303.612000,3.116000,0.040000,3.141000
-0.335,2.1208,0.5581,-0.0073242,-0.0145264,-0.000488,-0.019409,-0.009522,0.00891109,0.010131,-0.018799,-0.0129395,263.426000,-3.683500,-36.723300,-0.048340,-0.015625,0.998535,-0.457153,0.889282,-0.008179,-0.888062,-0.456909,-0.050171,644.000000,543.590000,-19.991000,303.612000,3.116000,0.040000,3.141000
-0.335,2.1208,0.5581,-0.0073242,-0.0145264,-0.000488,-0.019409,-0.009522,0.00891109,0.010131,-0.018799,-0.0129395,263.426000,-3.683500,-36.723300,-0.048340,-0.015625,0.998535,-0.457153,0.889282,-0.008179,-0.888062,-0.456909,-0.050171,644.000000,543.590000,-19.991000,303.612000,3.116000,0.040000,3.141000
-0.335,2.1208,0.5581,-0.0073242,-0.0145264,-0.000488,-0.019409,-0.009522,0.00891109,0.010131,-0.018799,-0.0128174,263.426000,-3.683500,-36.723300,-0.048340,-0.015625,0.998535,-0.457153,0.889282,-0.008179,-0.888062,-0.456909,-0.050049,644.000000,543.590000,-19.991000,303.612000,3.116000,0.040000,3.141000
-0.335,2.1208,0.5581,-0.0073242,-0.0145264,-0.000488,-0.019409,-0.009522,0.00891109,0.010131,-0.018799,-0.0128174,263.426000,-3.683500,-36.723300,-0.048340,-0.015625,0.998535,-0.457153,0.889282,-0.008179,-0.888062,-0.456909,-0.050049,644.000000,543.590000,-19.991000,303.612000,3.116000,0.040000,3.141000
-0.335,2.1208,0.5581,-0.0073242,-0.0145264,-0.000488,-0.019409,-0.009522,0.00891109,0.010131,-0.018799,-0.0128174,263.426000,-3.683500,-36.723300,-0.048340,-0.015625,0.998535,-0.457153,0.889282,-0.008179,-0.888062,-0.456909,-0.050049,644.000000,543.590000,-19.991000,303.612000,3.116000,0.040000,3.141000
-0.335,2.1208,0.5581,-0.0073242,-0.0145264,-0.000488,-0.019409,-0.009522,0.00891109,0.010131,-0.018799,-0.0128174,263.426000,-3.683500,-36.723300,-0.048340,-0.015625,0.998535,-0.457153,0.889282,-0.008179,-0.888062,-0.456909,-0.050049,644.000000,543.590000,-19.991000,303.612000,3.116000,0.040000,3.141000
-0.335,2.1208,0.5581,-0.0073242,-0.0145264,-0.000488,-0.019409,-0.009522,0.00891109,0.010131,-0.018799,-0.0128174,263.426000,-3.683500,-36.723300,-0.048340,-0.015625,0.998535,-0.457153,0.889282,-0.008179,-0.888062,-0.456909,-0.050049,644.000000,543.590000,-19.991000,303.612000,3.116000,0.040000,3.141000
-0.335,2.1208,0.5581,-0.0073242,-0.0145264,-0.000488,-0.019409,-0.009522,0.00891109,0.010131,-0.018921,-0.0128174,263.426000,-3.683500,-36.723300,-0.048340,-0.015625,0.998535,-0.457153,0.889282,-0.008179,-0.888062,-0.457031,-0.050049,644.000000,543.590000,-19.991000,303.612000,3.116000,0.040000,3.141000
-0.335,2.23243,0.5581,-0.0073242,-0.0145264,-0.000488,-0.019409,-0.009522,0.00891109,0.010131,-0.018921,-0.0128174,263.426000,-3.571870,-36.723300,-0.048340,-0.015625,0.998535,-0.457153,0.889282,-0.008179,-0.888062,-0.457031,-0.050049,644.000000,543.590000,-19.991000,303.612000,3.116000,0.040000,3.141000
-0.335,2.23243,0.5581,-0.0073242,-0.0145264,-0.000488,-0.019409,-0.009522,0.00891109,0.010131,-0.018921,-0.0128174,263.426000,-3.571870,-36.723300,-0.048340,-0.015625,0.998535,-0.457153,0.889282,-0.008179,-0.888062,-0.457031,-0.050049,644.000000,543.590000,-19.991000,303.612000,3.116000,0.040000,3.141000
-0.335,2.23243,0.5581,-0.0073242,-0.0145264,-0.000488,-0.019409,-0.009522,0.00891109,0.010131,-0.018921,-0.0128174,263.426000,-3.571870,-36.723300,-0.048340,-0.015625,0.998535,-0.457153,0.889282,-0.008179,-0.888062,-0.457031,-0.050049,644.000000,543.590000,-19.991000,303.612000,3.116000,0.040000,3.141000
-0.335,2.23243,0.5581,-0.0073242,-0.0145264,-0.000488,-0.019531,-0.009522,0.00891109,0.010131,-0.018921,-0.0128174,263.426000,-3.571870,-36.723300,-0.048340,-0.015625,0.998535,-0.457275,0.889282,-0.008179,-0.888062,-0.457031,-0.050049,644.000000,543.590000,-19.991000,303.612000,3.116000,0.040000,3.141000
-0.335,2.23243,0.5581,-0.0072022,-0.0145264,-0.000488,-0.019531,-0.009522,0.00891109,0.010131,-0.018921,-0.0128174,263.426000,-3.571870,-36.723300,-0.048218,-0.015625,0.998535,-0.457275,0.889282,-0.008179,-0.888062,-0.457031,-0.050049,644.000000,543.590000,-19.991000,303.612000,3.116000,0.040000,3.141000
-0.335,2.23243,0.5581,-0.0072022,-0.0145264,-0.000488,-0.019531,-0.009522,0.00891109,0.010131,-0.018921,-0.0128174,263.426000,-3.571870,-36.723300,-0.048218,-0.015625,0.998535,-0.457275,0.889282,-0.008179,-0.888062,-0.457031,-0.050049,644.000000,543.590000,-19.991000,303.612000,3.116000,0.040000,3.141000
-0.335,2.23243,0.5581,-0.0072022,-0.0145264,-0.000488,-0.019531,-0.009522,0.00891109,0.010131,-0.018921,-0.0128174,263.426000,-3.571870,-36.723300,-0.048218,-0.015625,0.998535,-0.457275,0.889282,-0.008179,-0.888062,-0.457031,-0.050049,644.000000,543.590000,-19.991000,303.612000,3.116000,0.040000,3.141000
-0.335,2.23243,0.5581,-0.0072022,-0.0145264,-0.000488,-0.019531,-0.009522,0.00891109,0.010131,-0.018921,-0.0128174,263.426000,-3.571870,-36.723300,-0.048218,-0.015625,0.998535,-0.457275,0.889282,-0.008179,-0.888062,-0.457031,-0.050049,644.000000,543.590000,-19.991000,303.612000,3.116000,0.040000,3.141000
-0.335,2.23243,0.5581,-0.0072022,-0.0145264,-0.000488,-0.019531,-0.009644,0.00891109,0.010131,-0.019043,-0.0128174,263.426000,-3.571870,-36.723300,-0.048218,-0.015625,0.998535,-0.457275,0.889160,-0.008179,-0.888062,-0.457153,-0.050049,644.000000,543.590000,-19.991000,303.612000,3.116000,0.040000,3.141000
-0.335,2.23243,0.5581,-0.0072022,-0.0145264,-0.000488,-0.019531,-0.009644,0.00891109,0.010131,-0.019043,-0.0128174,263.426000,-3.571870,-36.723300,-0.048218,-0.015625,0.998535,-0.457275,0.889160,-0.008179,-0.888062,-0.457153,-0.050049,644.000000,543.590000,-19.991000,303.612000,3.116000,0.040000,3.141000
-0.335,2.23243,0.5581,-0.0072022,-0.0145264,-0.000488,-0.019531,-0.009644,0.00891109,0.010131,-0.019043,-0.0128174,263.426000,-3.571870,-36.723300,-0.048218,-0.015625,0.998535,-0.457275,0.889160,-0.008179,-0.888062,-0.457153,-0.050049,644.000000,543.590000,-19.991000,303.612000,3.116000,0.040000,3.141000
-0.335,2.23243,0.5581,-0.0072022,-0.0145264,-0.000488,-0.019531,-0.009644,0.00891109,0.010131,-0.019043,-0.0128174,263.426000,-3.571870,-36.723300,-0.048218,-0.015625,0.998535,-0.457275,0.889160,-0.008179,-0.888062,-0.457153,-0.050049,644.000000,543.590000,-19.991000,303.612000,3.116000,0.040000,3.141000
-0.335,2.23243,0.5581,-0.0072022,-0.0145264,-0.000488,-0.019531,-0.009644,0.00891109,0.010131,-0.019043,-0.0128174,263.426000,-3.571870,-36.723300,-0.048218,-0.015625,0.998535,-0.457275,0.889160,-0.008179,-0.888062,-0.457153,-0.050049,644.000000,543.590000,-19.991000,303.612000,3.116000,0.040000,3.141000
-0.335,2.23243,0.5581,-0.0072022,-0.0145264,-0.000488,-0.019531,-0.009644,0.00891109,0.010131,-0.019043,-0.0128174,263.426000,-3.571870,-36.723300,-0.048218,-0.015625,0.998535,-0.457275,0.889160,-0.008179,-0.888062,-0.457153,-0.050049,644.000000,543.590000,-19.991000,303.612000,3.116000,0.040000,3.141000
-0.335,2.23243,0.5581,-0.0072022,-0.0145264,-0.000488,-0.019531,-0.009644,0.00891109,0.010131,-0.019043,-0.0128174,263.426000,-3.571870,-36.723300,-0.048218,-0.015625,0.998535,-0.457275,0.889160,-0.008179,-0.888062,-0.457153,-0.050049,644.000000,543.590000,-19.991000,303.612000,3.116000,0.040000,3.141000
-0.335,2.23243,0.5581,-0.0072022,-0.0145264,-0.000488,-0.019531,-0.009644,0.00891109,0.010131,-0.019043,-0.0128174,263.426000,-3.571870,-36.723300,-0.048218,-0.015625,0.998535,-0.457275,0.889160,-0.008179,-0.888062,-0.457153,-0.050049,644.000000,543.590000,-19.991000,303.612000,3.116000,0.040000,3.141000
-0.335,2.23243,0.5581,-0.0072022,-0.0145264,-0.000488,-0.019531,-0.009644,0.00891109,0.010131,-0.019043,-0.0126954,263.426000,-3.571870,-36.723300,-0.048218,-0.015625,0.998535,-0.457275,0.889160,-0.008179,-0.888062,-0.457153,-0.049927,644.000000,543.590000,-19.991000,303.612000,3.116000,0.040000,3.141000
-0.335,2.23243,0.5581,-0.0072022,-0.0145264,-0.000488,-0.019531,-0.009644,0.00891109,0.010131,-0.019043,-0.0126954,263.426000,-3.571870,-36.723300,-0.048218,-0.015625,0.998535,-0.457275,0.889160,-0.008179,-0.888062,-0.457153,-0.049927,644.000000,543.590000,-19.991000,303.612000,3.116000,0.040000,3.141000
-0.335,2.23243,0.5581,-0.0072022,-0.0145264,-0.000488,-0.019531,-0.009644,0.00891109,0.010131,-0.019043,-0.0126954,263.426000,-3.571870,-36.723300,-0.048218,-0.015625,0.998535,-0.457275,0.889160,-0.008179,-0.888062,-0.457153,-0.049927,644.000000,543.590000,-19.991000,303.612000,3.116000,0.040000,3.141000
-0.335,2.23243,0.5581,-0.0070801,-0.0145264,-0.000488,-0.019531,-0.009644,0.00891109,0.010131,-0.018921,-0.0126954,263.426000,-3.571870,-36.723300,-0.048096,-0.015625,0.998535,-0.457275,0.889160,-0.008179,-0.888062,-0.457031,-0.049927,644.000000,543.590000,-19.991000,303.612000,3.116000,0.040000,3.141000
-0.335,2.23243,0.5581,-0.0070801,-0.0145264,-0.000488,-0.019531,-0.009522,0.00891109,0.010131,-0.018921,-0.0126954,263.426000,-3.571870,-36.723300,-0.048096,-0.015625,0.998535,-0.457275,0.889282,-0.008179,-0.888062,-0.457031,-0.049927,644.000000,543.590000,-19.991000,303.612000,3.116000,0.040000,3.141000
-0.447,2.23243,0.5581,-0.0070801,-0.0145264,-0.000488,-0.019531,-0.009522,0.00891109,0.010131,-0.018921,-0.0126954,263.314000,-3.571870,-36.723300,-0.048096,-0.015625,0.998535,-0.457275,0.889282,-0.008179,-0.888062,-0.457031,-0.049927,644.000000,543.590000,-19.991000,303.612000,3.116000,0.040000,3.141000
-0.447,2.23243,0.5581,-0.0070801,-0.0145264,-0.000488,-0.019531,-0.009522,0.00891109,0.010131,-0.018921,-0.0126954,263.314000,-3.571870,-36.723300,-0.048096,-0.015625,0.998535,-0.457275,0.889282,-0.008179,-0.888062,-0.457031,-0.049927,644.000000,543.590000,-19.991000,303.612000,3.116000,0.040000,3.141000
-0.447,2.23243,0.5581,-0.0070801,-0.0145264,-0.000488,-0.019531,-0.009522,0.00891109,0.010131,-0.018921,-0.0126954,263.314000,-3.571870,-36.723300,-0.048096,-0.015625,0.998535,-0.457275,0.889282,-0.008179,-0.888062,-0.457031,-0.049927,644.000000,543.590000,-19.991000,303.612000,3.116000,0.040000,3.141000
-0.447,2.23243,0.5581,-0.0070801,-0.0145264,-0.000488,-0.019409,-0.009522,0.00891109,0.010131,-0.018921,-0.0126954,263.314000,-3.571870,-36.723300,-0.048096,-0.015625,0.998535,-0.457153,0.889282,-0.008179,-0.888062,-0.457031,-0.049927,644.000000,543.590000,-19.991000,303.612000,3.116000,0.040000,3.141000
-0.447,2.23243,0.5581,-0.0072022,-0.0145264,-0.000488,-0.019409,-0.009522,0.00891109,0.010131,-0.018921,-0.0126954,263.314000,-3.571870,-36.723300,-0.048218,-0.015625,0.998535,-0.457153,0.889282,-0.008179,-0.888062,-0.457031,-0.049927,644.000000,543.590000,-19.991000,303.612000,3.116000,0.040000,3.141000
-0.447,2.1208,0.5581,-0.0072022,-0.0145264,-0.000488,-0.019409,-0.009522,0.00891109,0.010131,-0.018921,-0.0126954,263.314000,-3.683500,-36.723300,-0.048218,-0.015625,0.998535,-0.457153,0.889282,-0.008179,-0.888062,-0.457031,-0.049927,644.000000,543.590000,-19.991000,303.612000,3.116000,0.040000,3.141000
-0.335,2.1208,0.5581,-0.0072022,-0.0145264,-0.000488,-0.019409,-0.009522,0.00891109,0.010131,-0.018921,-0.0126954,263.426000,-3.683500,-36.723300,-0.048218,-0.015625,0.998535,-0.457153,0.889282,-0.008179,-0.888062,-0.457031,-0.049927,644.000000,543.590000,-19.991000,303.612000,3.116000,0.040000,3.141000
-0.335,2.1208,0.5581,-0.0072022,-0.0145264,-0.000488,-0.019409,-0.009522,0.00891109,0.010131,-0.018921,-0.0126954,263.426000,-3.683500,-36.723300,-0.048218,-0.015625,0.998535,-0.457153,0.889282,-0.008179,-0.888062,-0.457031,-0.049927,644.000000,543.590000,-19.991000,303.612000,3.116000,0.040000,3.141000
-0.335,2.1208,0.5581,-0.0072022,-0.0145264,-0.000488,-0.019409,-0.009522,0.00891109,0.010131,-0.018921,-0.0126954,263.426000,-3.683500,-36.723300,-0.048218,-0.015625,0.998535,-0.457153,0.889282,-0.008179,-0.888062,-0.457031,-0.049927,644.000000,543.590000,-19.991000,303.612000,3.116000,0.040000,3.141000
-0.335,2.23243,0.5581,-0.0072022,-0.0145264,-0.000488,-0.019531,-0.009522,0.00891109,0.010131,-0.018921,-0.0126954,263.426000,-3.571870,-36.723300,-0.048218,-0.015625,0.998535,-0.457275,0.889282,-0.008179,-0.888062,-0.457031,-0.049927,644.000000,543.590000,-19.991000,303.612000,3.116000,0.040000,3.141000
-0.335,2.23243,0.5581,-0.0072022,-0.0145264,-0.000488,-0.019531,-0.009522,0.00891109,0.010131,-0.018921,-0.0126954,263.426000,-3.571870,-36.723300,-0.048218,-0.015625,0.998535,-0.457275,0.889282,-0.008179,-0.888062,-0.457031,-0.049927,644.000000,543.590000,-19.991000,303.612000,3.116000,0.040000,3.141000
-0.335,2.23243,0.5581,-0.0072022,-0.0145264,-0.000488,-0.019531,-0.009522,0.00891109,0.010131,-0.018921,-0.0128174,263.426000,-3.571870,-36.723300,-0.048218,-0.015625,0.998535,-0.457275,0.889282,-0.008179,-0.888062,-0.457031,-0.050049,644.000000,543.590000,-19.991000,303.612000,3.116000,0.040000,3.141000
-0.335,2.23243,0.5581,-0.0072022,-0.0145264,-0.000488,-0.019531,-0.009522,0.00891109,0.010131,-0.018921,-0.0128174,263.426000,-3.571870,-36.723300,-0.048218,-0.015625,0.998535,-0.457275,0.889282,-0.008179,-0.888062,-0.457031,-0.050049,644.000000,543.590000,-19.991000,303.612000,3.116000,0.040000,3.141000
-0.335,2.23243,0.5581,-0.0072022,-0.0145264,-0.000488,-0.019531,-0.009522,0.00891109,0.010131,-0.018921,-0.0128174,263.426000,-3.571870,-36.723300,-0.048218,-0.015625,0.998535,-0.457275,0.889282,-0.008179,-0.888062,-0.457031,-0.050049,644.000000,543.590000,-19.991000,303.612000,3.116000,0.040000,3.141000
-0.335,2.23243,0.5581,-0.0072022,-0.0145264,-0.000488,-0.019531,-0.009522,0.00891109,0.010131,-0.018921,-0.0128174,263.426000,-3.571870,-36.723300,-0.048218,-0.015625,0.998535,-0.457275,0.889282,-0.008179,-0.888062,-0.457031,-0.050049,644.000000,543.590000,-19.991000,303.612000,3.116000,0.040000,3.141000
-0.335,2.23243,0.5581,-0.0072022,-0.0145264,-0.000488,-0.019531,-0.009522,0.00891109,0.010131,-0.018921,-0.0128174,263.426000,-3.571870,-36.723300,-0.048218,-0.015625,0.998535,-0.457275,0.889282,-0.008179,-0.888062,-0.457031,-0.050049,644.000000,543.590000,-19.991000,303.612000,3.116000,0.040000,3.141000
-0.335,2.23243,0.5581,-0.0073242,-0.0145264,-0.000488,-0.019531,-0.009522,0.00891109,0.010131,-0.018921,-0.0128174,263.426000,-3.571870,-36.723300,-0.048340,-0.015625,0.998535,-0.457275,0.889282,-0.008179,-0.888062,-0.457031,-0.050049,644.000000,543.590000,-19.991000,303.612000,3.116000,0.040000,3.141000
-0.335,2.1208,0.5581,-0.0073242,-0.0145264,-0.000488,-0.019409,-0.009522,0.00878902,0.010131,-0.018921,-0.0128174,263.426000,-3.683500,-36.723300,-0.048340,-0.015625,0.998535,-0.457153,0.889282,-0.008301,-0.888062,-0.457031,-0.050049,644.000000,543.590000,-19.991000,303.612000,3.116000,0.040000,3.141000
-0.335,2.1208,0.5581,-0.0073242,-0.0145264,-0.000488,-0.019409,-0.009522,0.00878902,0.010131,-0.018921,-0.0128174,263.426000,-3.683500,-36.723300,-0.048340,-0.015625,0.998535,-0.457153,0.889282,-0.008301,-0.888062,-0.457031,-0.050049,644.000000,543.590000,-19.991000,303.612000,3.116000,0.040000,3.141000
-0.335,2.1208,0.5581,-0.0073242,-0.0145264,-0.000488,-0.019409,-0.009522,0.00878902,0.010131,-0.018921,-0.0129395,263.426000,-3.683500,-36.723300,-0.048340,-0.015625,0.998535,-0.457153,0.889282,-0.008301,-0.888062,-0.457031,-0.050171,644.000000,543.590000,-19.991000,303.612000,3.116000,0.040000,3.141000
-0.335,2.1208,0.5581,-0.0073242,-0.0145264,-0.000488,-0.019409,-0.009522,0.00878902,0.010131,-0.018799,-0.0129395,263.426000,-3.683500,-36.723300,-0.048340,-0.015625,0.998535,-0.457153,0.889282,-0.008301,-0.888062,-0.456909,-0.050171,644.000000,543.590000,-19.991000,303.612000,3.116000,0.040000,3.141000
-0.335,2.1208,0.5581,-0.0074463,-0.0145264,-0.000488,-0.019409,-0.009522,0.00878902,0.010131,-0.018799,-0.0129395,263.426000,-3.683500,-36.723300,-0.048462,-0.015625,0.998535,-0.457153,0.889282,-0.008301,-0.888062,-0.456909,-0.050171,644.000000,543.590000,-19.991000,303.612000,3.116000,0.040000,3.141000
-0.335,2.1208,0.5581,-0.0074463,-0.0145264,-0.000488,-0.019409,-0.009522,0.00878902,0.010131,-0.018799,-0.0129395,263.426000,-3.683500,-36.723300,-0.048462,-0.015625,0.998535,-0.457153,0.889282,-0.008301,-0.888062,-0.456909,-0.050171,644.000000,543.590000,-19.991000,303.612000,3.116000,0.040000,3.141000
-0.335,2.1208,0.5581,-0.0074463,-0.0145264,-0.000488,-0.019409,-0.009522,0.00878902,0.010131,-0.018799,-0.0129395,263.426000,-3.683500,-36.723300,-0.048462,-0.015625,0.998535,-0.457153,0.889282,-0.008301,-0.888062,-0.456909,-0.050171,644.000000,543.590000,-19.991000,303.612000,3.116000,0.040000,3.141000
-0.335,2.1208,0.5581,-0.0074463,-0.0145264,-0.000488,-0.019409,-0.009522,0.00878902,0.010131,-0.018921,-0.0129395,263.426000,-3.683500,-36.723300,-0.048462,-0.015625,0.998535,-0.457153,0.889282,-0.008301,-0.888062,-0.457031,-0.050171,644.000000,543.590000,-19.991000,303.612000,3.116000,0.040000,3.141000
-0.335,2.1208,0.5581,-0.0074463,-0.0145264,-0.000488,-0.019409,-0.009522,0.00878902,0.010131,-0.018921,-0.0129395,263.426000,-3.683500,-36.723300,-0.048462,-0.015625,0.998535,-0.457153,0.889282,-0.008301,-0.888062,-0.457031,-0.050171,644.000000,543.590000,-19.991000,303.612000,3.116000,0.040000,3.141000
-0.335,2.1208,0.5581,-0.0074463,-0.0145264,-0.000488,-0.019409,-0.009522,0.00878902,0.010131,-0.018921,-0.0129395,263.426000,-3.683500,-36.723300,-0.048462,-0.015625,0.998535,-0.457153,0.889282,-0.008301,-0.888062,-0.457031,-0.050171,644.000000,543.590000,-19.991000,303.612000,3.116000,0.040000,3.141000
-0.335,2.23243,0.5581,-0.0074463,-0.0145264,-0.000488,-0.019531,-0.009522,0.00878902,0.010131,-0.018921,-0.0129395,263.426000,-3.571870,-36.723300,-0.048462,-0.015625,0.998535,-0.457275,0.889282,-0.008301,-0.888062,-0.457031,-0.050171,644.000000,543.590000,-19.991000,303.612000,3.116000,0.040000,3.141000
-0.335,2.23243,0.5581,-0.0074463,-0.0145264,-0.000488,-0.019531,-0.009522,0.00878902,0.010131,-0.018921,-0.0129395,263.426000,-3.571870,-36.723300,-0.048462,-0.015625,0.998535,-0.457275,0.889282,-0.008301,-0.888062,-0.457031,-0.050171,644.000000,543.590000,-19.991000,303.612000,3.116000,0.040000,3.141000
-0.335,2.23243,0.5581,-0.0074463,-0.0145264,-0.000488,-0.019531,-0.009522,0.00878902,0.010131,-0.018921,-0.0129395,263.426000,-3.571870,-36.723300,-0.048462,-0.015625,0.998535,-0.457275,0.889282,-0.008301,-0.888062,-0.457031,-0.050171,644.000000,543.590000,-19.991000,303.612000,3.116000,0.040000,3.141000
-0.335,2.23243,0.5581,-0.0074463,-0.0145264,-0.000488,-0.019531,-0.009522,0.00878902,0.010131,-0.018921,-0.0129395,263.426000,-3.571870,-36.723300,-0.048462,-0.015625,0.998535,-0.457275,0.889282,-0.008301,-0.888062,-0.457031,-0.050171,644.000000,543.590000,-19.991000,303.612000,3.116000,0.040000,3.141000
-0.335,2.23243,0.5581,-0.0074463,-0.0145264,-0.000488,-0.019531,-0.009522,0.00878902,0.010131,-0.018921,-0.0129395,263.426000,-3.571870,-36.723300,-0.048462,-0.015625,0.998535,-0.457275,0.889282,-0.008301,-0.888062,-0.457031,-0.050171,644.000000,543.590000,-19.991000,303.612000,3.116000,0.040000,3.141000
-0.335,2.23243,0.5581,-0.0074463,-0.0145264,-0.000488,-0.019531,-0.009522,0.00878902,0.010131,-0.018921,-0.0129395,263.426000,-3.571870,-36.723300,-0.048462,-0.015625,0.998535,-0.457275,0.889282,-0.008301,-0.888062,-0.457031,-0.050171,644.000000,543.590000,-19.991000,303.612000,3.116000,0.040000,3.141000
-0.335,2.23243,0.5581,-0.0074463,-0.0145264,-0.000488,-0.019531,-0.009522,0.00878902,0.010131,-0.018921,-0.0129395,263.426000,-3.571870,-36.723300,-0.048462,-0.015625,0.998535,-0.457275,0.889282,-0.008301,-0.888062,-0.457031,-0.050171,644.000000,543.590000,-19.991000,303.612000,3.116000,0.040000,3.141000
-0.335,2.23243,0.5581,-0.0074463,-0.0145264,-0.000488,-0.019531,-0.009522,0.00878902,0.010131,-0.018921,-0.0129395,263.426000,-3.571870,-36.723300,-0.048462,-0.015625,0.998535,-0.457275,0.889282,-0.008301,-0.888062,-0.457031,-0.050171,644.000000,543.590000,-19.991000,303.612000,3.116000,0.040000,3.141000
-0.335,2.1208,0.5581,-0.0074463,-0.0145264,-0.000488,-0.019409,-0.009522,0.00878902,0.010131,-0.018921,-0.0129395,263.426000,-3.683500,-36.723300,-0.048462,-0.015625,0.998535,-0.457153,0.889282,-0.008301,-0.888062,-0.457031,-0.050171,644.000000,543.590000,-19.991000,303.612000,3.116000,0.040000,3.141000
-0.335,2.1208,0.5581,-0.0074463,-0.0145264,-0.000488,-0.019409,-0.009522,0.00878902,0.010131,-0.018921,-0.0129395,263.426000,-3.683500,-36.723300,-0.048462,-0.015625,0.998535,-0.457153,0.889282,-0.008301,-0.888062,-0.457031,-0.050171,644.000000,543.590000,-19.991000,303.612000,3.116000,0.040000,3.141000
-0.335,2.1208,0.5581,-0.0073242,-0.0145264,-0.000488,-0.019409,-0.009522,0.00878902,0.010131,-0.018921,-0.0129395,263.426000,-3.683500,-36.723300,-0.048340,-0.015625,0.998535,-0.457153,0.889282,-0.008301,-0.888062,-0.457031,-0.050171,644.000000,543.590000,-19.991000,303.612000,3.116000,0.040000,3.141000
-0.335,2.1208,0.5581,-0.0073242,-0.0145264,-0.000488,-0.019409,-0.009522,0.00878902,0.010131,-0.018921,-0.0129395,263.426000,-3.683500,-36.723300,-0.048340,-0.015625,0.998535,-0.457153,0.889282,-0.008301,-0.888062,-0.457031,-0.050171,644.000000,543.590000,-19.991000,303.612000,3.116000,0.040000,3.141000
-0.335,2.1208,0.5581,-0.0073242,-0.0145264,-0.000488,-0.019409,-0.009522,0.00891109,0.010131,-0.018921,-0.0129395,263.426000,-3.683500,-36.723300,-0.048340,-0.015625,0.998535,-0.457153,0.889282,-0.008179,-0.888062,-0.457031,-0.050171,644.000000,543.590000,-19.991000,303.612000,3.116000,0.040000,3.141000
-0.335,2.1208,0.5581,-0.0073242,-0.0145264,-0.000488,-0.019409,-0.009522,0.00891109,0.010131,-0.018921,-0.0129395,263.426000,-3.683500,-36.723300,-0.048340,-0.015625,0.998535,-0.457153,0.889282,-0.008179,-0.888062,-0.457031,-0.050171,644.000000,543.590000,-19.991000,303.612000,3.116000,0.040000,3.141000
-0.335,2.1208,0.5581,-0.0073242,-0.0145264,-0.000488,-0.019409,-0.009522,0.00891109,0.010131,-0.018921,-0.0128174,263.426000,-3.683500,-36.723300,-0.048340,-0.015625,0.998535,-0.457153,0.889282,-0.008179,-0.888062,-0.457031,-0.050049,644.000000,543.607000,-19.991000,303.639000,3.116000,0.040000,3.141000
-0.335,2.1208,0.5581,-0.0073242,-0.0145264,-0.000488,-0.019409,-0.009522,0.00891109,0.010131,-0.018799,-0.0128174,263.426000,-3.683500,-36.723300,-0.048340,-0.015625,0.998535,-0.457153,0.889282,-0.008179,-0.888062,-0.456909,-0.050049,644.000000,543.607000,-19.991000,303.639000,3.116000,0.040000,3.141000
-0.335,2.1208,0.5581,-0.0073242,-0.0145264,-0.000488,-0.019409,-0.009522,0.00891109,0.010131,-0.018799,-0.0128174,263.426000,-3.683500,-36.723300,-0.048340,-0.015625,0.998535,-0.457153,0.889282,-0.008179,-0.888062,-0.456909,-0.050049,644.000000,543.607000,-19.991000,303.639000,3.116000,0.040000,3.141000
-0.335,2.1208,0.5581,-0.0073242,-0.0145264,-0.000488,-0.019409,-0.009522,0.00891109,0.010131,-0.018799,-0.0128174,263.426000,-3.683500,-36.723300,-0.048340,-0.015625,0.998535,-0.457153,0.889282,-0.008179,-0.888062,-0.456909,-0.050049,644.000000,543.608000,-19.991000,303.640000,3.116000,0.040000,3.141000
-0.335,2.1208,0.5581,-0.0072022,-0.0145264,-0.000488,-0.019409,-0.009522,0.00891109,0.010131,-0.018799,-0.0128174,263.426000,-3.683500,-36.723300,-0.048218,-0.015625,0.998535,-0.457153,0.889282,-0.008179,-0.888062,-0.456909,-0.050049,644.000000,543.608000,-19.991000,303.640000,3.116000,0.040000,3.141000
-0.335,2.1208,0.5581,-0.0072022,-0.0145264,-0.000488,-0.019409,-0.009522,0.00891109,0.010131,-0.018799,-0.0128174,263.426000,-3.683500,-36.723300,-0.048218,-0.015625,0.998535,-0.457153,0.889282,-0.008179,-0.888062,-0.456909,-0.050049,644.000000,543.608000,-19.991000,303.641000,3.116000,0.040000,3.141000
-0.447,2.1208,0.5581,-0.0072022,-0.0145264,-0.000488,-0.019409,-0.009522,0.00891109,0.010131,-0.018799,-0.0128174,263.314000,-3.683500,-36.723300,-0.048218,-0.015625,0.998535,-0.457153,0.889282,-0.008179,-0.888062,-0.456909,-0.050049,644.000000,543.608000,-19.991000,303.641000,3.116000,0.040000,3.141000
-0.447,2.1208,0.5581,-0.0072022,-0.0145264,-0.000488,-0.019409,-0.009522,0.00891109,0.010131,-0.018799,-0.0128174,263.314000,-3.683500,-36.723300,-0.048218,-0.015625,0.998535,-0.457153,0.889282,-0.008179,-0.888062,-0.456909,-0.050049,644.000000,543.608000,-19.991000,303.641000,3.116000,0.040000,3.141000
-0.447,2.1208,0.5581,-0.0072022,-0.0145264,-0.000488,-0.019409,-0.009522,0.00891109,0.010009,-0.018799,-0.0128174,263.314000,-3.683500,-36.723300,-0.048218,-0.015625,0.998535,-0.457153,0.889282,-0.008179,-0.888184,-0.456909,-0.050049,644.000000,543.609000,-19.991000,303.642000,3.116000,0.040000,3.141000
-0.447,2.1208,0.5581,-0.0072022,-0.0145264,-0.000488,-0.019409,-0.009522,0.00891109,0.010009,-0.018799,-0.0126954,263.314000,-3.683500,-36.723300,-0.048218,-0.015625,0.998535,-0.457153,0.889282,-0.008179,-0.888184,-0.456909,-0.049927,644.000000,543.609000,-19.991000,303.642000,3.116000,0.040000,3.141000
-0.447,2.1208,0.5581,-0.0072022,-0.0145264,-0.000488,-0.019409,-0.009522,0.00891109,0.010009,-0.018799,-0.0126954,263.314000,-3.683500,-36.723300,-0.048218,-0.015625,0.998535,-0.457153,0.889282,-0.008179,-0.888184,-0.456909,-0.049927,644.000000,543.609000,-19.991000,303.642000,3.116000,0.040000,3.141000
-0.447,2.1208,0.5581,-0.0072022,-0.0145264,-0.000488,-0.019409,-0.009522,0.00891109,0.010009,-0.018799,-0.0126954,263.314000,-3.683500,-36.723300,-0.048218,-0.015625,0.998535,-0.457153,0.889282,-0.008179,-0.888184,-0.456909,-0.049927,644.000000,543.609000,-19.991000,303.642000,3.116000,0.040000,3.141000
-0.447,2.1208,0.5581,-0.0072022,-0.0145264,-0.000488,-0.019409,-0.009522,0.00891109,0.010009,-0.018799,-0.0126954,263.314000,-3.683500,-36.723300,-0.048218,-0.015625,0.998535,-0.457153,0.889282,-0.008179,-0.888184,-0.456909,-0.049927,644.000000,543.609000,-19.991000,303.642000,3.116000,0.040000,3.141000
-0.447,2.1208,0.5581,-0.0072022,-0.0145264,-0.000488,-0.019409,-0.009522,0.00891109,0.010009,-0.018799,-0.0126954,263.314000,-3.683500,-36.723300,-0.048218,-0.015625,0.998535,-0.457153,0.889282,-0.008179,-0.888184,-0.456909,-0.049927,644.000000,543.609000,-19.991000,303.642000,3.116000,0.040000,3.141000
-0.447,2.1208,0.5581,-0.0072022,-0.0145264,-0.000488,-0.019409,-0.009522,0.00891109,0.010009,-0.018799,-0.0126954,263.314000,-3.683500,-36.723300,-0.048218,-0.015625,0.998535,-0.457153,0.889282,-0.008179,-0.888184,-0.456909,-0.049927,644.000000,543.609000,-19.991000,303.642000,3.116000,0.040000,3.141000
-0.447,2.1208,0.5581,-0.0072022,-0.0145264,-0.000488,-0.019409,-0.009522,0.00891109,0.010009,-0.018799,-0.0128174,263.314000,-3.683500,-36.723300,-0.048218,-0.015625,0.998535,-0.457153,0.889282,-0.008179,-0.888184,-0.456909,-0.050049,644.000000,543.609000,-19.991000,303.642000,3.116000,0.040000,3.141000
-0.447,2.1208,0.5581,-0.0072022,-0.0145264,-0.000488,-0.019409,-0.009522,0.00891109,0.010009,-0.018799,-0.0128174,263.314000,-3.683500,-36.723300,-0.048218,-0.015625,0.998535,-0.457153,0.889282,-0.008179,-0.888184,-0.456909,-0.050049,644.000000,543.609000,-19.991000,303.642000,3.116000,0.040000,3.141000
-0.447,2.1208,0.5581,-0.0072022,-0.0145264,-0.000488,-0.019409,-0.009522,0.00878902,0.010009,-0.018799,-0.0128174,263.314000,-3.683500,-36.723300,-0.048218,-0.015625,0.998535,-0.457153,0.889282,-0.008301,-0.888184,-0.456909,-0.050049,644.000000,543.609000,-19.991000,303.642000,3.116000,0.040000,3.141000
-0.447,2.1208,0.5581,-0.0072022,-0.0145264,-0.000488,-0.019409,-0.009522,0.00878902,0.010009,-0.018799,-0.0128174,263.314000,-3.683500,-36.723300,-0.048218,-0.015625,0.998535,-0.457153,0.889282,-0.008301,-0.888184,-0.456909,-0.050049,644.000000,543.609000,-19.991000,303.642000,3.116000,0.040000,3.141000
-0.447,2.1208,0.5581,-0.0072022,-0.0145264,-0.000488,-0.019409,-0.009522,0.00878902,0.010009,-0.018799,-0.0128174,263.314000,-3.683500,-36.723300,-0.048218,-0.015625,0.998535,-0.457153,0.889282,-0.008301,-0.888184,-0.456909,-0.050049,644.000000,543.609000,-19.991000,303.642000,3.116000,0.040000,3.141000
-0.447,2.1208,0.5581,-0.0073242,-0.0145264,-0.000488,-0.019409,-0.009522,0.00878902,0.010009,-0.018799,-0.0128174,263.314000,-3.683500,-36.723300,-0.048340,-0.015625,0.998535,-0.457153,0.889282,-0.008301,-0.888184,-0.456909,-0.050049,644.000000,543.609000,-19.991000,303.642000,3.116000,0.040000,3.141000
-0.447,2.1208,0.5581,-0.0073242,-0.0145264,-0.000488,-0.019409,-0.009522,0.00878902,0.010009,-0.018799,-0.0128174,263.314000,-3.683500,-36.723300,-0.048340,-0.015625,0.998535,-0.457153,0.889282,-0.008301,-0.888184,-0.456909,-0.050049,644.000000,543.609000,-19.991000,303.642000,3.116000,0.040000,3.141000
-0.447,2.1208,0.5581,-0.0073242,-0.0145264,-0.000488,-0.019409,-0.009522,0.00878902,0.010009,-0.018799,-0.0128174,263.314000,-3.683500,-36.723300,-0.048340,-0.015625,0.998535,-0.457153,0.889282,-0.008301,-0.888184,-0.456909,-0.050049,644.000000,543.609000,-19.991000,303.642000,3.116000,0.040000,3.141000
-0.447,2.1208,0.5581,-0.0073242,-0.0145264,-0.000488,-0.019409,-0.009522,0.00878902,0.010009,-0.018799,-0.0128174,263.314000,-3.683500,-36.723300,-0.048340,-0.015625,0.998535,-0.457153,0.889282,-0.008301,-0.888184,-0.456909,-0.050049,644.000000,543.609000,-19.991000,303.642000,3.116000,0.040000,3.141000
-0.447,2.1208,0.5581,-0.0073242,-0.0145264,-0.000488,-0.019409,-0.009522,0.00878902,0.010009,-0.018799,-0.0128174,263.314000,-3.683500,-36.723300,-0.048340,-0.015625,0.998535,-0.457153,0.889282,-0.008301,-0.888184,-0.456909,-0.050049,644.000000,543.609000,-19.991000,303.642000,3.116000,0.040000,3.141000
-0.447,2.1208,0.5581,-0.0073242,-0.0145264,-0.000488,-0.019409,-0.009522,0.00878902,0.010009,-0.018799,-0.0128174,263.314000,-3.683500,-36.723300,-0.048340,-0.015625,0.998535,-0.457153,0.889282,-0.008301,-0.888184,-0.456909,-0.050049,644.000000,543.609000,-19.991000,303.642000,3.116000,0.040000,3.141000
-0.447,2.1208,0.5581,-0.0073242,-0.0145264,-0.000488,-0.019409,-0.009522,0.00878902,0.010009,-0.018799,-0.0128174,263.314000,-3.683500,-36.723300,-0.048340,-0.015625,0.998535,-0.457153,0.889282,-0.008301,-0.888184,-0.456909,-0.050049,644.000000,543.609000,-19.991000,303.642000,3.116000,0.040000,3.141000
-0.447,2.1208,0.5581,-0.0072022,-0.0145264,-0.000488,-0.019409,-0.009522,0.00878902,0.010131,-0.018799,-0.0128174,263.314000,-3.683500,-36.723300,-0.048218,-0.015625,0.998535,-0.457153,0.889282,-0.008301,-0.888062,-0.456909,-0.050049,644.000000,543.609000,-19.991000,303.642000,3.116000,0.040000,3.141000
-0.447,2.1208,0.5581,-0.0072022,-0.0145264,-0.000488,-0.019409,-0.009522,0.00891109,0.010131,-0.018799,-0.0128174,263.314000,-3.683500,-36.723300,-0.048218,-0.015625,0.998535,-0.457153,0.889282,-0.008179,-0.888062,-0.456909,-0.050049,644.000000,543.609000,-19.991000,303.642000,3.116000,0.040000,3.141000
-0.447,2.1208,0.5581,-0.0072022,-0.0145264,-0.000488,-0.019409,-0.009522,0.00891109,0.010131,-0.018799,-0.0128174,263.314000,-3.683500,-36.723300,-0.048218,-0.015625,0.998535,-0.457153,0.889282,-0.008179,-0.888062,-0.456909,-0.050049,644.000000,543.609000,-19.991000,303.642000,3.116000,0.040000,3.141000
-0.447,2.1208,0.5581,-0.0072022,-0.0145264,-0.000488,-0.019409,-0.009522,0.00891109,0.010131,-0.018799,-0.0128174,263.314000,-3.683500,-36.723300,-0.048218,-0.015625,0.998535,-0.457153,0.889282,-0.008179,-0.888062,-0.456909,-0.050049,644.000000,543.609000,-19.991000,303.642000,3.116000,0.040000,3.141000
-0.447,2.1208,0.5581,-0.0072022,-0.0145264,-0.000488,-0.019409,-0.009522,0.00891109,0.010131,-0.018799,-0.0126954,263.314000,-3.683500,-36.723300,-0.048218,-0.015625,0.998535,-0.457153,0.889282,-0.008179,-0.888062,-0.456909,-0.049927,644.000000,543.609000,-19.991000,303.642000,3.116000,0.040000,3.141000
-0.447,2.1208,0.5581,-0.0072022,-0.0145264,-0.000488,-0.019409,-0.009522,0.00891109,0.010131,-0.018799,-0.0126954,263.314000,-3.683500,-36.723300,-0.048218,-0.015625,0.998535,-0.457153,0.889282,-0.008179,-0.888062,-0.456909,-0.049927,644.000000,543.609000,-19.991000,303.642000,3.116000,0.040000,3.141000
-0.447,2.1208,0.5581,-0.0072022,-0.0145264,-0.000488,-0.019409,-0.009522,0.00891109,0.010131,-0.018799,-0.0126954,263.314000,-3.683500,-36.723300,-0.048218,-0.015625,0.998535,-0.457153,0.889282,-0.008179,-0.888062,-0.456909,-0.049927,644.000000,543.609000,-19.991000,303.642000,3.116000,0.040000,3.141000
-0.447,2.1208,0.5581,-0.0072022,-0.0145264,-0.000488,-0.019409,-0.009522,0.00891109,0.010131,-0.018799,-0.0126954,263.314000,-3.683500,-36.723300,-0.048218,-0.015625,0.998535,-0.457153,0.889282,-0.008179,-0.888062,-0.456909,-0.049927,644.000000,543.609000,-19.991000,303.642000,3.116000,0.040000,3.141000
-0.447,2.1208,0.5581,-0.0072022,-0.0145264,-0.000488,-0.019409,-0.009522,0.00891109,0.010131,-0.018799,-0.0126954,263.314000,-3.683500,-36.723300,-0.048218,-0.015625,0.998535,-0.457153,0.889282,-0.008179,-0.888062,-0.456909,-0.049927,644.000000,543.609000,-19.991000,303.642000,3.116000,0.040000,3.141000
-0.447,2.1208,0.5581,-0.0072022,-0.0145264,-0.000488,-0.019409,-0.009522,0.00891109,0.010131,-0.018799,-0.0126954,263.314000,-3.683500,-36.723300,-0.048218,-0.015625,0.998535,-0.457153,0.889282,-0.008179,-0.888062,-0.456909,-0.049927,644.000000,543.610000,-19.991000,303.644000,3.116000,0.040000,3.141000
-0.447,2.1208,0.5581,-0.0072022,-0.0145264,-0.000488,-0.019409,-0.009522,0.00891109,0.010009,-0.018799,-0.0126954,263.314000,-3.683500,-36.723300,-0.048218,-0.015625,0.998535,-0.457153,0.889282,-0.008179,-0.888184,-0.456909,-0.049927,644.000000,543.610000,-19.991000,303.644000,3.116000,0.040000,3.141000
-0.447,2.1208,0.5581,-0.0072022,-0.0144043,-0.000488,-0.019409,-0.009522,0.00891109,0.010009,-0.018799,-0.0126954,263.314000,-3.683500,-36.723300,-0.048218,-0.015503,0.998535,-0.457153,0.889282,-0.008179,-0.888184,-0.456909,-0.049927,644.000000,543.610000,-19.991000,303.644000,3.116000,0.040000,3.141000
-0.447,2.1208,0.5581,-0.0072022,-0.0144043,-0.000488,-0.019409,-0.009522,0.00891109,0.010009,-0.018799,-0.0126954,263.314000,-3.683500,-36.723300,-0.048218,-0.015503,0.998535,-0.457153,0.889282,-0.008179,-0.888184,-0.456909,-0.049927,644.000000,543.610000,-19.991000,303.644000,3.116000,0.040000,3.141000
-0.447,2.1208,0.5581,-0.0072022,-0.0144043,-0.000488,-0.019409,-0.009522,0.00878902,0.010009,-0.018799,-0.0126954,263.314000,-3.683500,-36.723300,-0.048218,-0.015503,0.998535,-0.457153,0.889282,-0.008301,-0.888184,-0.456909,-0.049927,644.000000,543.610000,-19.991000,303.644000,3.116000,0.040000,3.141000
-0.447,2.1208,0.5581,-0.0072022,-0.0144043,-0.000488,-0.019409,-0.009522,0.00878902,0.010009,-0.018799,-0.0126954,263.314000,-3.683500,-36.723300,-0.048218,-0.015503,0.998535,-0.457153,0.889282,-0.008301,-0.888184,-0.456909,-0.049927,644.000000,543.610000,-19.991000,303.644000,3.116000,0.040000,3.141000
-0.447,2.1208,0.5581,-0.0072022,-0.0144043,-0.000488,-0.019409,-0.009522,0.00878902,0.010009,-0.018799,-0.0126954,263.314000,-3.683500,-36.723300,-0.048218,-0.015503,0.998535,-0.457153,0.889282,-0.008301,-0.888184,-0.456909,-0.049927,644.000000,543.610000,-19.991000,303.644000,3.116000,0.040000,3.141000
-0.447,2.1208,0.5581,-0.0072022,-0.0144043,-0.000488,-0.019287,-0.009522,0.00878902,0.010009,-0.018799,-0.0126954,263.314000,-3.683500,-36.723300,-0.048218,-0.015503,0.998535,-0.457031,0.889282,-0.008301,-0.888184,-0.456909,-0.049927,644.000000,543.610000,-19.991000,303.644000,3.116000,0.040000,3.141000
-0.447,2.1208,0.5581,-0.0072022,-0.0144043,-0.000488,-0.019287,-0.009522,0.00878902,0.010009,-0.018799,-0.0126954,263.314000,-3.683500,-36.723300,-0.048218,-0.015503,0.998535,-0.457031,0.889282,-0.008301,-0.888184,-0.456909,-0.049927,644.000000,543.610000,-19.991000,303.644000,3.116000,0.040000,3.141000
-0.447,2.1208,0.5581,-0.0072022,-0.0144043,-0.000488,-0.019287,-0.009522,0.00878902,0.010009,-0.018799,-0.0126954,263.314000,-3.683500,-36.723300,-0.048218,-0.015503,0.998535,-0.457031,0.889282,-0.008301,-0.888184,-0.456909,-0.049927,644.000000,543.610000,-19.991000,303.644000,3.116000,0.040000,3.141000
-0.447,2.1208,0.5581,-0.0072022,-0.0144043,-0.000488,-0.019287,-0.009522,0.00878902,0.010009,-0.018799,-0.0126954,263.314000,-3.683500,-36.723300,-0.048218,-0.015503,0.998535,-0.457031,0.889282,-0.008301,-0.888184,-0.456909,-0.049927,644.000000,543.610000,-19.991000,303.644000,3.116000,0.040000,3.141000
-0.447,2.1208,0.5581,-0.0072022,-0.0144043,-0.000488,-0.019287,-0.009522,0.00878902,0.010009,-0.018799,-0.0126954,263.314000,-3.683500,-36.723300,-0.048218,-0.015503,0.998535,-0.457031,0.889282,-0.008301,-0.888184,-0.456909,-0.049927,644.000000,543.611000,-19.991000,303.644000,3.116000,0.040000,3.141000
-0.447,2.1208,0.5581,-0.0072022,-0.0144043,-0.000488,-0.019409,-0.009522,0.00878902,0.010009,-0.018799,-0.0128174,263.314000,-3.683500,-36.723300,-0.048218,-0.015503,0.998535,-0.457153,0.889282,-0.008301,-0.888184,-0.456909,-0.050049,644.000000,543.611000,-19.991000,303.645000,3.116000,0.040000,3.141000
-0.447,2.1208,0.5581,-0.0072022,-0.0144043,-0.000488,-0.019409,-0.009522,0.00878902,0.010009,-0.018799,-0.0128174,263.314000,-3.683500,-36.723300,-0.048218,-0.015503,0.998535,-0.457153,0.889282,-0.008301,-0.888184,-0.456909,-0.050049,644.000000,543.611000,-19.991000,303.645000,3.116000,0.040000,3.141000
-0.447,2.1208,0.5581,-0.0072022,-0.0144043,-0.000488,-0.019409,-0.009522,0.00878902,0.010009,-0.018799,-0.0128174,263.314000,-3.683500,-36.723300,-0.048218,-0.015503,0.998535,-0.457153,0.889282,-0.008301,-0.888184,-0.456909,-0.050049,644.000000,543.612000,-19.991000,303.646000,3.116000,0.040000,3.141000
-0.447,2.1208,0.5581,-0.0072022,-0.0144043,-0.000488,-0.019409,-0.009522,0.00878902,0.010131,-0.018799,-0.0128174,263.314000,-3.683500,-36.723300,-0.048218,-0.015503,0.998535,-0.457153,0.889282,-0.008301,-0.888062,-0.456909,-0.050049,644.000000,543.614000,-19.991000,303.647000,3.116000,0.040000,3.141000
-0.447,2.1208,0.5581,-0.0072022,-0.0144043,-0.000488,-0.019409,-0.009522,0.00878902,0.010131,-0.018921,-0.0128174,263.314000,-3.683500,-36.723300,-0.048218,-0.015503,0.998535,-0.457153,0.889282,-0.008301,-0.888062,-0.457031,-0.050049,644.000000,543.616000,-19.991000,303.649000,3.116000,0.040000,3.141000
-0.447,2.1208,0.5581,-0.0072022,-0.0145264,-0.000488,-0.019409,-0.009522,0.00878902,0.010131,-0.018921,-0.0128174,263.314000,-3.683500,-36.723300,-0.048218,-0.015625,0.998535,-0.457153,0.889282,-0.008301,-0.888062,-0.457031,-0.050049,644.000000,543.618000,-19.991000,303.651000,3.116000,0.040000,3.141000
-0.447,2.1208,0.5581,-0.0072022,-0.0145264,-0.000488,-0.019409,-0.009522,0.00878902,0.010131,-0.018921,-0.0128174,263.314000,-3.683500,-36.723300,-0.048218,-0.015625,0.998535,-0.457153,0.889282,-0.008301,-0.888062,-0.457031,-0.050049,644.000000,543.618000,-19.991000,303.651000,3.116000,0.040000,3.141000
-0.447,2.1208,0.5581,-0.0072022,-0.0145264,-0.000488,-0.019531,-0.009522,0.00891109,0.010131,-0.018921,-0.0128174,263.314000,-3.683500,-36.723300,-0.048218,-0.015625,0.998535,-0.457275,0.889282,-0.008179,-0.888062,-0.457031,-0.050049,644.000000,543.618000,-19.991000,303.651000,3.116000,0.040000,3.141000
