Dif_X,Dif_Y,Dif_Z,Dif_X1,Dif_X2,Dif_X3,Dif_Y1,Dif_Y2,Dif_Y3,Dif_Z1,Dif_Z2,Dif_Z3,NDI_X,NDI_Y,NDI_Z,NDI_Rot_X1,NDI_Rot_X2,NDI_Rot_X3,NDI_Rot_Y1,NDI_Rot_Y2,NDI_Rot_Y3,NDI_Rot_Z1,NDI_Rot_Z2,NDI_Rot_Z3,NDI_Quality,Kuka_X,Kuka_Y,Kuka_Z,Kuka_A,Kuka_B,Kuka_C,Kuka_TSL
-1.117000,-3.571800,1.785900,-0.029175,0.024658,-0.000245,-0.017334,0.032959,-0.013428,-0.033569,-0.018555,0.034180,237.306000,13.506200,-35.495500,-0.042603,-0.011963,0.998901,-0.886108,-0.461426,-0.043213,0.461426,-0.887085,0.009033,1232.000000,644.232000,-46.323000,304.203000,3.117000,0.038000,3.141000,0
-1.117000,-3.571800,1.785900,-0.029175,0.024780,-0.000245,-0.017334,0.032959,-0.013428,-0.033569,-0.018555,0.034180,237.306000,13.506200,-35.495500,-0.042603,-0.011841,0.998901,-0.886108,-0.461426,-0.043213,0.461426,-0.887085,0.009033,1232.000000,644.232000,-46.322000,304.203000,3.117000,0.038000,3.141000,0
-1.117000,-3.571800,1.785900,-0.029175,0.024780,-0.000245,-0.017334,0.032959,-0.013428,-0.033569,-0.018555,0.034180,237.306000,13.506200,-35.495500,-0.042603,-0.011841,0.998901,-0.886108,-0.461426,-0.043213,0.461426,-0.887085,0.009033,1228.000000,644.232000,-46.322000,304.203000,3.117000,0.038000,3.141000,0
-1.117000,-3.571800,1.785900,-0.029175,0.024780,-0.000245,-0.017334,0.032959,-0.013428,-0.033569,-0.018555,0.034180,237.306000,13.506200,-35.495500,-0.042603,-0.011841,0.998901,-0.886108,-0.461426,-0.043213,0.461426,-0.887085,0.009033,1228.000000,644.232000,-46.322000,304.203000,3.117000,0.038000,3.141000,0
-1.117000,-3.571800,1.785900,-0.029175,0.024780,-0.000245,-0.017334,0.032959,-0.013428,-0.033569,-0.018555,0.034180,237.306000,13.506200,-35.495500,-0.042603,-0.011841,0.998901,-0.886108,-0.461426,-0.043213,0.461426,-0.887085,0.009033,1228.000000,644.232000,-46.322000,304.203000,3.117000,0.038000,3.141000,0
-1.117000,-3.571800,1.785900,-0.029175,0.024780,-0.000245,-0.017334,0.032959,-0.013428,-0.033569,-0.018555,0.034180,237.306000,13.506200,-35.495500,-0.042603,-0.011841,0.998901,-0.886108,-0.461426,-0.043213,0.461426,-0.887085,0.009033,1228.000000,644.232000,-46.322000,304.203000,3.117000,0.038000,3.141000,0
-1.117000,-3.571800,1.785900,-0.029175,0.024658,-0.000245,-0.017334,0.032959,-0.013428,-0.033569,-0.018555,0.034180,237.306000,13.506200,-35.495500,-0.042603,-0.011963,0.998901,-0.886108,-0.461426,-0.043213,0.461426,-0.887085,0.009033,1228.000000,644.232000,-46.322000,304.203000,3.117000,0.038000,3.141000,0
-1.117000,-3.571800,1.785900,-0.029175,0.024658,-0.000245,-0.017334,0.032959,-0.013428,-0.033569,-0.018555,0.034180,237.306000,13.506200,-35.495500,-0.042603,-0.011963,0.998901,-0.886108,-0.461426,-0.043213,0.461426,-0.887085,0.009033,1228.000000,644.232000,-46.322000,304.204000,3.117000,0.038000,3.141000,0
-1.117000,-3.571800,1.785900,-0.029175,0.024658,-0.000245,-0.017334,0.032959,-0.013428,-0.033569,-0.018555,0.034180,237.306000,13.506200,-35.495500,-0.042603,-0.011963,0.998901,-0.886108,-0.461426,-0.043213,0.461426,-0.887085,0.009033,1228.000000,644.232000,-46.322000,304.203000,3.117000,0.038000,3.141000,0
-1.117000,-3.571800,1.785900,-0.029175,0.024658,-0.000245,-0.017334,0.032959,-0.013428,-0.033569,-0.018555,0.034180,237.306000,13.506200,-35.495500,-0.042603,-0.011963,0.998901,-0.886108,-0.461426,-0.043213,0.461426,-0.887085,0.009033,1228.000000,644.232000,-46.323000,304.203000,3.117000,0.038000,3.141000,0
-1.117000,-3.571800,1.785900,-0.029175,0.024780,-0.000245,-0.017456,0.032959,-0.013428,-0.033569,-0.018555,0.034180,237.306000,13.506200,-35.495500,-0.042603,-0.011841,0.998901,-0.886230,-0.461426,-0.043213,0.461426,-0.887085,0.009033,1228.000000,644.232000,-46.322000,304.203000,3.117000,0.038000,3.141000,0
-1.117000,-3.571800,1.785900,-0.029175,0.024780,-0.000245,-0.017456,0.032959,-0.013428,-0.033691,-0.018677,0.034180,237.306000,13.506200,-35.495500,-0.042603,-0.011841,0.998901,-0.886230,-0.461426,-0.043213,0.461304,-0.887207,0.009033,1228.000000,644.232000,-46.322000,304.203000,3.117000,0.038000,3.141000,0
-1.117000,-3.571800,1.785900,-0.029175,0.024780,-0.000245,-0.017456,0.033081,-0.013428,-0.033691,-0.018677,0.034180,237.306000,13.506200,-35.495500,-0.042603,-0.011841,0.998901,-0.886230,-0.461304,-0.043213,0.461304,-0.887207,0.009033,1228.000000,644.232000,-46.323000,304.203000,3.117000,0.038000,3.141000,0
-1.117000,-3.571800,1.785900,-0.029175,0.024780,-0.000245,-0.017456,0.033081,-0.013428,-0.033691,-0.018677,0.034180,237.306000,13.506200,-35.495500,-0.042603,-0.011841,0.998901,-0.886230,-0.461304,-0.043213,0.461304,-0.887207,0.009033,1228.000000,644.232000,-46.322000,304.203000,3.117000,0.038000,3.141000,0
-1.117000,-3.571800,1.785900,-0.029175,0.024780,-0.000245,-0.017456,0.033081,-0.013428,-0.033691,-0.018677,0.034180,237.306000,13.506200,-35.495500,-0.042603,-0.011841,0.998901,-0.886230,-0.461304,-0.043213,0.461304,-0.887207,0.009033,1228.000000,644.232000,-46.323000,304.203000,3.117000,0.038000,3.141000,0
-1.117000,-3.571800,1.785900,-0.029175,0.024780,-0.000245,-0.017456,0.033081,-0.013428,-0.033691,-0.018677,0.034180,237.306000,13.506200,-35.495500,-0.042603,-0.011841,0.998901,-0.886230,-0.461304,-0.043213,0.461304,-0.887207,0.009033,1228.000000,644.232000,-46.322000,304.203000,3.117000,0.038000,3.141000,0
-1.117000,-3.571800,1.785900,-0.029175,0.024780,-0.000245,-0.017456,0.033081,-0.013428,-0.033691,-0.018677,0.034180,237.306000,13.506200,-35.495500,-0.042603,-0.011841,0.998901,-0.886230,-0.461304,-0.043213,0.461304,-0.887207,0.009033,1228.000000,644.232000,-46.323000,304.203000,3.117000,0.038000,3.141000,0
-1.117000,-3.571800,1.785900,-0.029175,0.024780,-0.000245,-0.017456,0.033081,-0.013428,-0.033691,-0.018677,0.034180,237.306000,13.506200,-35.495500,-0.042603,-0.011841,0.998901,-0.886230,-0.461304,-0.043213,0.461304,-0.887207,0.009033,1228.000000,644.232000,-46.322000,304.203000,3.117000,0.038000,3.141000,0
-1.117000,-3.571800,1.785900,-0.029175,0.024780,-0.000245,-0.017456,0.033081,-0.013428,-0.033691,-0.018677,0.034302,237.306000,13.506200,-35.495500,-0.042603,-0.011841,0.998901,-0.886230,-0.461304,-0.043213,0.461304,-0.887207,0.009155,1228.000000,644.232000,-46.322000,304.203000,3.117000,0.038000,3.141000,0
-1.117000,-3.571800,1.785900,-0.029175,0.024780,-0.000245,-0.017456,0.032959,-0.013550,-0.033569,-0.018677,0.034302,237.306000,13.506200,-35.495500,-0.042603,-0.011841,0.998901,-0.886230,-0.461426,-0.043335,0.461426,-0.887207,0.009155,1228.000000,644.232000,-46.322000,304.203000,3.117000,0.038000,3.141000,0
-1.117000,-3.571800,1.785900,-0.029175,0.024780,-0.000245,-0.017456,0.032959,-0.013550,-0.033569,-0.018677,0.034302,237.306000,13.506200,-35.495500,-0.042603,-0.011841,0.998901,-0.886230,-0.461426,-0.043335,0.461426,-0.887207,0.009155,1228.000000,644.232000,-46.322000,304.203000,3.117000,0.038000,3.141000,0
-1.117000,-3.571800,1.785900,-0.029175,0.024780,-0.000245,-0.017456,0.032959,-0.013550,-0.033569,-0.018555,0.034302,237.306000,13.506200,-35.495500,-0.042603,-0.011841,0.998901,-0.886230,-0.461426,-0.043335,0.461426,-0.887085,0.009155,1228.000000,644.232000,-46.322000,304.203000,3.117000,0.038000,3.141000,0
-1.117000,-3.571800,1.785900,-0.029175,0.024780,-0.000245,-0.017456,0.032959,-0.013550,-0.033569,-0.018555,0.034302,237.306000,13.506200,-35.495500,-0.042603,-0.011841,0.998901,-0.886230,-0.461426,-0.043335,0.461426,-0.887085,0.009155,1228.000000,644.232000,-46.322000,304.203000,3.117000,0.038000,3.141000,0
-1.117000,-3.571800,1.785900,-0.029175,0.024780,-0.000245,-0.017456,0.032959,-0.013550,-0.033569,-0.018555,0.034302,237.306000,13.506200,-35.495500,-0.042603,-0.011841,0.998901,-0.886230,-0.461426,-0.043335,0.461426,-0.887085,0.009155,1228.000000,644.232000,-46.323000,304.203000,3.117000,0.038000,3.141000,0
-1.117000,-3.571800,1.785900,-0.029175,0.024780,-0.000245,-0.017456,0.032959,-0.013550,-0.033569,-0.018677,0.034302,237.306000,13.506200,-35.495500,-0.042603,-0.011841,0.998901,-0.886230,-0.461426,-0.043335,0.461426,-0.887207,0.009155,1228.000000,644.232000,-46.323000,304.203000,3.117000,0.038000,3.141000,0
-1.117000,-3.571800,1.785900,-0.029175,0.024780,-0.000245,-0.017456,0.032959,-0.013550,-0.033569,-0.018677,0.034302,237.306000,13.506200,-35.495500,-0.042603,-0.011841,0.998901,-0.886230,-0.461426,-0.043335,0.461426,-0.887207,0.009155,1228.000000,644.232000,-46.322000,304.203000,3.117000,0.038000,3.141000,0
-1.117000,-3.571800,1.785900,-0.029175,0.024780,-0.000245,-0.017456,0.033081,-0.013550,-0.033691,-0.018677,0.034302,237.306000,13.506200,-35.495500,-0.042603,-0.011841,0.998901,-0.886230,-0.461304,-0.043335,0.461304,-0.887207,0.009155,1228.000000,644.232000,-46.322000,304.203000,3.117000,0.038000,3.141000,0
-1.117000,-3.571800,1.785900,-0.029175,0.024780,-0.000245,-0.017456,0.033081,-0.013550,-0.033691,-0.018677,0.034302,237.306000,13.506200,-35.495500,-0.042603,-0.011841,0.998901,-0.886230,-0.461304,-0.043335,0.461304,-0.887207,0.009155,1228.000000,644.232000,-46.322000,304.203000,3.117000,0.038000,3.141000,0
-1.117000,-3.571800,1.785900,-0.029175,0.024780,-0.000245,-0.017456,0.033081,-0.013550,-0.033691,-0.018677,0.034302,237.306000,13.506200,-35.495500,-0.042603,-0.011841,0.998901,-0.886230,-0.461304,-0.043335,0.461304,-0.887207,0.009155,1228.000000,644.232000,-46.322000,304.203000,3.117000,0.038000,3.141000,0
-1.117000,-3.571800,1.785900,-0.029175,0.024780,-0.000245,-0.017456,0.033081,-0.013550,-0.033691,-0.018677,0.034302,237.306000,13.506200,-35.495500,-0.042603,-0.011841,0.998901,-0.886230,-0.461304,-0.043335,0.461304,-0.887207,0.009155,1228.000000,644.232000,-46.322000,304.203000,3.117000,0.038000,3.141000,0
-1.117000,-3.571800,1.785900,-0.029175,0.024780,-0.000245,-0.017456,0.033081,-0.013550,-0.033691,-0.018677,0.034302,237.306000,13.506200,-35.495500,-0.042603,-0.011841,0.998901,-0.886230,-0.461304,-0.043335,0.461304,-0.887207,0.009155,1228.000000,644.232000,-46.322000,304.203000,3.117000,0.038000,3.141000,0
-1.117000,-3.571800,1.785900,-0.029175,0.024780,-0.000245,-0.017456,0.033081,-0.013550,-0.033691,-0.018677,0.034302,237.306000,13.506200,-35.495500,-0.042603,-0.011841,0.998901,-0.886230,-0.461304,-0.043335,0.461304,-0.887207,0.009155,1228.000000,644.232000,-46.322000,304.203000,3.117000,0.038000,3.141000,0
-1.117000,-3.571800,1.785900,-0.029175,0.024780,-0.000245,-0.017456,0.033081,-0.013550,-0.033691,-0.018677,0.034302,237.306000,13.506200,-35.495500,-0.042603,-0.011841,0.998901,-0.886230,-0.461304,-0.043335,0.461304,-0.887207,0.009155,1228.000000,644.232000,-46.322000,304.203000,3.117000,0.038000,3.141000,0
-1.117000,-3.571800,1.785900,-0.029175,0.024780,-0.000245,-0.017456,0.033081,-0.013550,-0.033691,-0.018677,0.034180,237.306000,13.506200,-35.495500,-0.042603,-0.011841,0.998901,-0.886230,-0.461304,-0.043335,0.461304,-0.887207,0.009033,1228.000000,644.232000,-46.323000,304.203000,3.117000,0.038000,3.141000,0
-1.117000,-3.571800,1.785900,-0.029175,0.024780,-0.000245,-0.017456,0.033081,-0.013550,-0.033691,-0.018677,0.034180,237.306000,13.506200,-35.495500,-0.042603,-0.011841,0.998901,-0.886230,-0.461304,-0.043335,0.461304,-0.887207,0.009033,1228.000000,644.232000,-46.323000,304.203000,3.117000,0.038000,3.141000,0
-1.117000,-3.571800,1.785900,-0.029175,0.024658,-0.000245,-0.017456,0.033081,-0.013550,-0.033691,-0.018677,0.034180,237.306000,13.506200,-35.495500,-0.042603,-0.011963,0.998901,-0.886230,-0.461304,-0.043335,0.461304,-0.887207,0.009033,1228.000000,644.232000,-46.323000,304.203000,3.117000,0.038000,3.141000,0
-1.117000,-3.571800,1.785900,-0.029175,0.024658,-0.000245,-0.017456,0.033081,-0.013550,-0.033691,-0.018677,0.034180,237.306000,13.506200,-35.495500,-0.042603,-0.011963,0.998901,-0.886230,-0.461304,-0.043335,0.461304,-0.887207,0.009033,1228.000000,644.232000,-46.322000,304.203000,3.117000,0.038000,3.141000,0
-1.117000,-3.571800,1.785900,-0.029175,0.024658,-0.000245,-0.017456,0.033081,-0.013550,-0.033691,-0.018677,0.034180,237.306000,13.506200,-35.495500,-0.042603,-0.011963,0.998901,-0.886230,-0.461304,-0.043335,0.461304,-0.887207,0.009033,1228.000000,644.232000,-46.322000,304.203000,3.117000,0.038000,3.141000,0
-1.117000,-3.571800,1.785900,-0.029175,0.024658,-0.000245,-0.017456,0.033081,-0.013550,-0.033691,-0.018677,0.034180,237.306000,13.506200,-35.495500,-0.042603,-0.011963,0.998901,-0.886230,-0.461304,-0.043335,0.461304,-0.887207,0.009033,1228.000000,644.232000,-46.323000,304.203000,3.117000,0.038000,3.141000,0
-1.117000,-3.571800,1.785900,-0.029175,0.024658,-0.000245,-0.017456,0.033081,-0.013550,-0.033691,-0.018677,0.034180,237.306000,13.506200,-35.495500,-0.042603,-0.011963,0.998901,-0.886230,-0.461304,-0.043335,0.461304,-0.887207,0.009033,1228.000000,644.232000,-46.322000,304.203000,3.117000,0.038000,3.141000,0
-1.117000,-3.571800,1.785900,-0.029175,0.024658,-0.000245,-0.017456,0.033081,-0.013550,-0.033691,-0.018677,0.034180,237.306000,13.506200,-35.495500,-0.042603,-0.011963,0.998901,-0.886230,-0.461304,-0.043335,0.461304,-0.887207,0.009033,1228.000000,644.232000,-46.322000,304.203000,3.117000,0.038000,3.141000,0
-1.117000,-3.571800,1.785900,-0.029175,0.024658,-0.000245,-0.017456,0.033081,-0.013550,-0.033691,-0.018677,0.034180,237.306000,13.506200,-35.495500,-0.042603,-0.011963,0.998901,-0.886230,-0.461304,-0.043335,0.461304,-0.887207,0.009033,1228.000000,644.232000,-46.322000,304.203000,3.117000,0.038000,3.141000,0
-1.117000,-3.571800,1.785900,-0.029175,0.024658,-0.000245,-0.017456,0.033081,-0.013550,-0.033691,-0.018677,0.034180,237.306000,13.506200,-35.495500,-0.042603,-0.011963,0.998901,-0.886230,-0.461304,-0.043335,0.461304,-0.887207,0.009033,1228.000000,644.232000,-46.322000,304.203000,3.117000,0.038000,3.141000,0
-1.117000,-3.571800,1.785900,-0.029175,0.024658,-0.000245,-0.017456,0.033081,-0.013550,-0.033691,-0.018677,0.034180,237.306000,13.506200,-35.495500,-0.042603,-0.011963,0.998901,-0.886230,-0.461304,-0.043335,0.461304,-0.887207,0.009033,1228.000000,644.232000,-46.322000,304.203000,3.117000,0.038000,3.141000,0
-1.117000,-3.571800,1.785900,-0.029297,0.024658,-0.000245,-0.017456,0.033081,-0.013550,-0.033691,-0.018677,0.034180,237.306000,13.506200,-35.495500,-0.042725,-0.011963,0.998901,-0.886230,-0.461304,-0.043335,0.461304,-0.887207,0.009033,1228.000000,644.232000,-46.322000,304.203000,3.117000,0.038000,3.141000,0
-1.117000,-3.571800,1.785900,-0.029297,0.024658,-0.000245,-0.017456,0.033081,-0.013550,-0.033691,-0.018677,0.034180,237.306000,13.506200,-35.495500,-0.042725,-0.011963,0.998901,-0.886230,-0.461304,-0.043335,0.461304,-0.887207,0.009033,1228.000000,644.232000,-46.322000,304.203000,3.117000,0.038000,3.141000,0
-1.117000,-3.571800,1.785900,-0.029297,0.024658,-0.000245,-0.017456,0.033081,-0.013550,-0.033691,-0.018677,0.034180,237.306000,13.506200,-35.495500,-0.042725,-0.011963,0.998901,-0.886230,-0.461304,-0.043335,0.461304,-0.887207,0.009033,1228.000000,644.232000,-46.322000,304.203000,3.117000,0.038000,3.141000,0
-1.117000,-3.571800,1.785900,-0.029297,0.024658,-0.000245,-0.017456,0.033081,-0.013550,-0.033691,-0.018677,0.034302,237.306000,13.506200,-35.495500,-0.042725,-0.011963,0.998901,-0.886230,-0.461304,-0.043335,0.461304,-0.887207,0.009155,1228.000000,644.231000,-46.323000,304.203000,3.117000,0.038000,3.141000,0
-1.117000,-3.571800,1.785900,-0.029297,0.024780,-0.000245,-0.017456,0.033081,-0.013550,-0.033691,-0.018677,0.034302,237.306000,13.506200,-35.495500,-0.042725,-0.011841,0.998901,-0.886230,-0.461304,-0.043335,0.461304,-0.887207,0.009155,1228.000000,644.227000,-46.322000,304.200000,3.117000,0.038000,3.141000,0
-1.117000,-3.571800,1.785900,-0.029297,0.024780,-0.000245,-0.017456,0.033081,-0.013550,-0.033691,-0.018677,0.034302,237.306000,13.506200,-35.495500,-0.042725,-0.011841,0.998901,-0.886230,-0.461304,-0.043335,0.461304,-0.887207,0.009155,1228.000000,644.221000,-46.322000,304.195000,3.117000,0.038000,3.141000,0
-1.117000,-3.571800,1.785900,-0.029297,0.024780,-0.000245,-0.017456,0.033081,-0.013550,-0.033691,-0.018677,0.034180,237.306000,13.506200,-35.495500,-0.042725,-0.011841,0.998901,-0.886230,-0.461304,-0.043335,0.461304,-0.887207,0.009033,1228.000000,644.193000,-46.319000,304.179000,3.117000,0.038000,3.141000,0
-1.117000,-3.571800,1.785900,-0.029175,0.024780,-0.000245,-0.017456,0.033081,-0.013550,-0.033691,-0.018677,0.034180,237.306000,13.506200,-35.495500,-0.042603,-0.011841,0.998901,-0.886230,-0.461304,-0.043335,0.461304,-0.887207,0.009033,1228.000000,644.150000,-46.315000,304.171000,3.117000,0.038000,3.141000,0
-1.117000,-3.571800,1.785900,-0.029175,0.024658,-0.000245,-0.017456,0.033081,-0.013550,-0.033691,-0.018677,0.034180,237.306000,13.506200,-35.495500,-0.042603,-0.011963,0.998901,-0.886230,-0.461304,-0.043335,0.461304,-0.887207,0.009033,1228.000000,644.083000,-46.308000,304.155000,3.117000,0.038000,3.141000,0
-1.117000,-3.571800,1.785900,-0.029175,0.024658,-0.000245,-0.017456,0.033081,-0.013550,-0.033691,-0.018677,0.034180,237.306000,13.506200,-35.495500,-0.042603,-0.011963,0.998901,-0.886230,-0.461304,-0.043335,0.461304,-0.887207,0.009033,1228.000000,643.989000,-46.301000,304.129000,3.117000,0.038000,3.141000,0
-1.117000,-3.571800,1.785900,-0.029175,0.024658,-0.000245,-0.017456,0.033081,-0.013550,-0.033691,-0.018677,0.034180,237.306000,13.506200,-35.495500,-0.042603,-0.011963,0.998901,-0.886230,-0.461304,-0.043335,0.461304,-0.887207,0.009033,1228.000000,643.858000,-46.298000,304.104000,3.117000,0.038000,3.141000,0
-1.117000,-3.571800,1.785900,-0.029175,0.024658,-0.000245,-0.017456,0.033081,-0.013550,-0.033691,-0.018677,0.034180,237.306000,13.506200,-35.495500,-0.042603,-0.011963,0.998901,-0.886230,-0.461304,-0.043335,0.461304,-0.887207,0.009033,1228.000000,643.697000,-46.294000,304.077000,3.117000,0.038000,3.141000,0
-1.117000,-3.571800,1.785900,-0.029175,0.024658,-0.000245,-0.017456,0.033203,-0.013550,-0.033813,-0.018677,0.034180,237.306000,13.506200,-35.495500,-0.042603,-0.011963,0.998901,-0.886230,-0.461182,-0.043335,0.461182,-0.887207,0.009033,1228.000000,643.510000,-46.292000,304.065000,3.117000,0.038000,3.141000,0
-1.117000,-3.571800,1.785900,-0.029297,0.024658,-0.000245,-0.017456,0.033203,-0.013550,-0.033813,-0.018677,0.034180,237.306000,13.506200,-35.495500,-0.042725,-0.011963,0.998901,-0.886230,-0.461182,-0.043335,0.461182,-0.887207,0.009033,1232.000000,643.262000,-46.290000,304.048000,3.117000,0.038000,3.141000,0
-1.228000,-3.571800,1.785900,-0.029297,0.024780,-0.000245,-0.017456,0.033203,-0.013550,-0.033813,-0.018677,0.034302,237.195000,13.506200,-35.495500,-0.042725,-0.011841,0.998901,-0.886230,-0.461182,-0.043335,0.461182,-0.887207,0.009155,1232.000000,643.010000,-46.288000,304.039000,3.117000,0.038000,3.141000,0
-1.228000,-3.571800,1.785900,-0.029297,0.024780,-0.000245,-0.017456,0.033203,-0.013550,-0.033813,-0.018677,0.034302,237.195000,13.506200,-35.495500,-0.042725,-0.011841,0.998901,-0.886230,-0.461182,-0.043335,0.461182,-0.887207,0.009155,1232.000000,642.775000,-46.287000,304.030000,3.117000,0.038000,3.141000,0
-1.228000,-3.571800,1.785900,-0.029297,0.024780,-0.000245,-0.017456,0.033203,-0.013550,-0.033813,-0.018677,0.034302,237.195000,13.506200,-35.495500,-0.042725,-0.011841,0.998901,-0.886230,-0.461182,-0.043335,0.461182,-0.887207,0.009155,1232.000000,642.470000,-46.287000,304.017000,3.117000,0.038000,3.141000,0
-1.228000,-3.571800,1.785900,-0.029297,0.024780,-0.000245,-0.017579,0.033325,-0.013550,-0.033935,-0.018799,0.034302,237.195000,13.506200,-35.495500,-0.042725,-0.011841,0.998901,-0.886353,-0.461060,-0.043335,0.461060,-0.887329,0.009155,1232.000000,642.218000,-46.286000,304.011000,3.117000,0.038000,3.141000,0
-1.228000,-3.571800,1.785900,-0.029297,0.024902,-0.000245,-0.017579,0.033325,-0.013550,-0.033935,-0.018799,0.034424,237.195000,13.506200,-35.495500,-0.042725,-0.011719,0.998901,-0.886353,-0.461060,-0.043335,0.461060,-0.887329,0.009277,1232.000000,641.936000,-46.284000,304.010000,3.117000,0.038000,3.141000,0
-1.228000,-3.571800,1.785900,-0.029419,0.024902,-0.000245,-0.017579,0.033325,-0.013550,-0.033935,-0.018799,0.034424,237.195000,13.506200,-35.495500,-0.042847,-0.011719,0.998901,-0.886353,-0.461060,-0.043335,0.461060,-0.887329,0.009277,1236.000000,641.634000,-46.285000,304.020000,3.117000,0.038000,3.141000,0
-1.228000,-3.571800,1.785900,-0.029419,0.025024,-0.000245,-0.017579,0.033325,-0.013550,-0.034057,-0.018799,0.034546,237.195000,13.506200,-35.495500,-0.042847,-0.011597,0.998901,-0.886353,-0.461060,-0.043335,0.460938,-0.887329,0.009399,1236.000000,641.359000,-46.285000,304.026000,3.117000,0.039000,3.141000,0
-1.228000,-3.571800,1.785900,-0.029541,0.025024,-0.000245,-0.017579,0.033447,-0.013672,-0.034057,-0.018799,0.034546,237.195000,13.506200,-35.495500,-0.042969,-0.011597,0.998901,-0.886353,-0.460938,-0.043457,0.460938,-0.887329,0.009399,1240.000000,641.083000,-46.287000,304.051000,3.117000,0.038000,3.141000,0
-1.228000,-3.571800,1.785900,-0.029541,0.025146,-0.000245,-0.017701,0.033447,-0.013672,-0.034180,-0.018921,0.034668,237.195000,13.506200,-35.495500,-0.042969,-0.011475,0.998901,-0.886475,-0.460938,-0.043457,0.460815,-0.887451,0.009521,1240.000000,640.815000,-46.291000,304.087000,3.117000,0.039000,3.141000,0
-1.228000,-3.571800,1.785900,-0.029663,0.025146,-0.000245,-0.017701,0.033570,-0.013672,-0.034180,-0.018921,0.034790,237.195000,13.506200,-35.495500,-0.043091,-0.011475,0.998901,-0.886475,-0.460815,-0.043457,0.460815,-0.887451,0.009644,1244.000000,640.576000,-46.297000,304.110000,3.117000,0.039000,3.141000,0
-1.228000,-3.571800,1.785900,-0.029785,0.025269,-0.000245,-0.017701,0.033570,-0.013794,-0.034302,-0.018921,0.034912,237.195000,13.506200,-35.495500,-0.043213,-0.011352,0.998901,-0.886475,-0.460815,-0.043579,0.460693,-0.887451,0.009766,1248.000000,640.315000,-46.301000,304.138000,3.117000,0.039000,3.141000,0
-1.228000,-3.683500,1.785900,-0.029907,0.025391,-0.000245,-0.017701,0.033692,-0.013794,-0.034302,-0.018921,0.035034,237.195000,13.394500,-35.495500,-0.043335,-0.011230,0.998901,-0.886475,-0.460693,-0.043579,0.460693,-0.887451,0.009888,1252.000000,640.022000,-46.306000,304.175000,3.117000,0.039000,3.141000,0
-1.340000,-3.683500,1.785900,-0.030029,0.025513,-0.000245,-0.017823,0.033814,-0.013916,-0.034424,-0.019043,0.035278,237.083000,13.394500,-35.495500,-0.043457,-0.011108,0.998901,-0.886597,-0.460571,-0.043701,0.460571,-0.887573,0.010132,1256.000000,639.781000,-46.310000,304.201000,3.117000,0.039000,3.141000,0
-1.340000,-3.683500,1.785900,-0.030395,0.025635,-0.000367,-0.017823,0.033936,-0.014160,-0.034546,-0.019043,0.035522,237.083000,13.394500,-35.495500,-0.043823,-0.010986,0.998779,-0.886597,-0.460449,-0.043945,0.460449,-0.887573,0.010376,1260.000000,639.491000,-46.316000,304.216000,3.117000,0.039000,3.141000,0
-1.340000,-3.683500,1.897500,-0.030640,0.025879,-0.000367,-0.017945,0.034058,-0.014282,-0.034668,-0.019165,0.035767,237.083000,13.394500,-35.383900,-0.044067,-0.010742,0.998779,-0.886719,-0.460327,-0.044067,0.460327,-0.887695,0.010620,1268.000000,639.224000,-46.319000,304.235000,3.117000,0.039000,3.141000,0
-1.451000,-3.683500,1.897500,-0.031006,0.026123,-0.000367,-0.017945,0.034180,-0.014526,-0.034912,-0.019287,0.036255,236.972000,13.394500,-35.383900,-0.044434,-0.010498,0.998779,-0.886719,-0.460205,-0.044311,0.460083,-0.887817,0.011108,1280.000000,638.975000,-46.320000,304.241000,3.117000,0.039000,3.141000,0
-1.451000,-3.683500,1.897500,-0.031372,0.026367,-0.000367,-0.018067,0.034302,-0.014648,-0.035034,-0.019287,0.036499,236.972000,13.394500,-35.383900,-0.044800,-0.010254,0.998779,-0.886841,-0.460083,-0.044434,0.459961,-0.887817,0.011352,1288.000000,638.699000,-46.320000,304.234000,3.117000,0.039000,3.141000,0
-1.451000,-3.683500,1.897500,-0.031616,0.026489,-0.000367,-0.018067,0.034424,-0.014892,-0.035156,-0.019409,0.036865,236.972000,13.394500,-35.383900,-0.045044,-0.010132,0.998779,-0.886841,-0.459961,-0.044678,0.459839,-0.887939,0.011719,1296.000000,638.435000,-46.321000,304.228000,3.117000,0.039000,3.141000,0
-1.563000,-3.795100,1.897500,-0.032105,0.026855,-0.000367,-0.018189,0.034668,-0.015137,-0.035400,-0.019532,0.037353,236.860000,13.282900,-35.383900,-0.045532,-0.009766,0.998779,-0.886963,-0.459717,-0.044922,0.459595,-0.888062,0.012207,1312.000000,638.167000,-46.322000,304.224000,3.117000,0.039000,3.141000,0
-1.563000,-3.795100,1.897500,-0.032471,0.027100,-0.000367,-0.018189,0.034790,-0.015381,-0.035522,-0.019532,0.037720,236.860000,13.282900,-35.383900,-0.045898,-0.009521,0.998779,-0.886963,-0.459595,-0.045166,0.459473,-0.888062,0.012573,1324.000000,637.899000,-46.322000,304.224000,3.117000,0.039000,3.140000,0
-1.675000,-3.795100,1.897500,-0.032959,0.027344,-0.000367,-0.018311,0.035034,-0.015625,-0.035766,-0.019654,0.038208,236.748000,13.282900,-35.383900,-0.046387,-0.009277,0.998779,-0.887085,-0.459351,-0.045410,0.459229,-0.888184,0.013062,1344.000000,637.601000,-46.321000,304.211000,3.117000,0.039000,3.140000,0
-1.786000,-3.795100,1.897500,-0.033203,0.027588,-0.000367,-0.018433,0.035156,-0.015747,-0.035889,-0.019776,0.038574,236.637000,13.282900,-35.383900,-0.046631,-0.009033,0.998779,-0.887207,-0.459229,-0.045532,0.459106,-0.888306,0.013428,1360.000000,637.364000,-46.320000,304.209000,3.117000,0.039000,3.140000,0
-1.786000,-3.795100,1.897500,-0.033569,0.027832,-0.000489,-0.018433,0.035279,-0.015991,-0.036011,-0.019776,0.038818,236.637000,13.282900,-35.383900,-0.046997,-0.008789,0.998657,-0.887207,-0.459106,-0.045776,0.458984,-0.888306,0.013672,1372.000000,637.100000,-46.321000,304.211000,3.117000,0.039000,3.140000,0
-1.786000,-3.906700,1.897500,-0.033936,0.028076,-0.000489,-0.018555,0.035401,-0.016235,-0.036255,-0.019898,0.039307,236.637000,13.171300,-35.383900,-0.047363,-0.008545,0.998657,-0.887329,-0.458984,-0.046020,0.458740,-0.888428,0.014160,1396.000000,636.826000,-46.320000,304.207000,3.117000,0.039000,3.140000,0
-1.898000,-3.906700,1.897500,-0.034180,0.028320,-0.000489,-0.018555,0.035523,-0.016357,-0.036377,-0.020020,0.039551,236.525000,13.171300,-35.383900,-0.047607,-0.008301,0.998657,-0.887329,-0.458862,-0.046143,0.458618,-0.888550,0.014404,1412.000000,636.524000,-46.318000,304.199000,3.117000,0.039000,3.140000,0
-1.898000,-3.906700,1.897500,-0.034546,0.028564,-0.000489,-0.018677,0.035767,-0.016479,-0.036621,-0.020020,0.039917,236.525000,13.171300,-35.383900,-0.047974,-0.008057,0.998657,-0.887451,-0.458618,-0.046265,0.458374,-0.888550,0.014771,1436.000000,636.254000,-46.314000,304.201000,3.117000,0.039000,3.140000,0
-2.010000,-3.906700,1.897500,-0.034668,0.028687,-0.000489,-0.018677,0.035889,-0.016602,-0.036743,-0.020142,0.040161,236.413000,13.171300,-35.383900,-0.048096,-0.007935,0.998657,-0.887451,-0.458496,-0.046387,0.458252,-0.888672,0.015015,1452.000000,635.981000,-46.312000,304.207000,3.117000,0.039000,3.140000,0
-2.010000,-3.906700,1.897500,-0.034912,0.028931,-0.000489,-0.018799,0.036011,-0.016724,-0.036865,-0.020142,0.040405,236.413000,13.171300,-35.383900,-0.048340,-0.007690,0.998657,-0.887573,-0.458374,-0.046509,0.458130,-0.888672,0.015259,1468.000000,635.731000,-46.313000,304.203000,3.117000,0.039000,3.140000,0
-2.121000,-3.906700,1.897500,-0.035278,0.029175,-0.000489,-0.018799,0.036133,-0.016846,-0.036987,-0.020264,0.040772,236.302000,13.171300,-35.383900,-0.048706,-0.007446,0.998657,-0.887573,-0.458252,-0.046631,0.458008,-0.888794,0.015625,1496.000000,635.457000,-46.314000,304.195000,3.117000,0.039000,3.141000,0
-2.121000,-4.018300,1.897500,-0.035400,0.029297,-0.000489,-0.018921,0.036255,-0.016968,-0.037109,-0.020386,0.041016,236.302000,13.059700,-35.383900,-0.048828,-0.007324,0.998657,-0.887695,-0.458130,-0.046753,0.457886,-0.888916,0.015869,1512.000000,635.178000,-46.316000,304.186000,3.117000,0.039000,3.141000,0
-2.233000,-4.018300,1.897500,-0.035645,0.029663,-0.000489,-0.019043,0.036377,-0.017090,-0.037353,-0.020386,0.041382,236.190000,13.059700,-35.383900,-0.049072,-0.006958,0.998657,-0.887817,-0.458008,-0.046875,0.457642,-0.888916,0.016235,1540.000000,634.870000,-46.319000,304.187000,3.117000,0.039000,3.141000,0
-2.233000,-4.018300,1.897500,-0.035889,0.029785,-0.000489,-0.019043,0.036499,-0.017090,-0.037475,-0.020508,0.041626,236.190000,13.059700,-35.383900,-0.049316,-0.006836,0.998657,-0.887817,-0.457886,-0.046875,0.457520,-0.889038,0.016480,1556.000000,634.591000,-46.321000,304.180000,3.117000,0.039000,3.141000,0
-2.344000,-4.018300,1.897500,-0.036011,0.030029,-0.000489,-0.019043,0.036621,-0.017212,-0.037475,-0.020508,0.041870,236.079000,13.059700,-35.383900,-0.049439,-0.006592,0.998657,-0.887817,-0.457764,-0.046997,0.457520,-0.889038,0.016724,1576.000000,634.308000,-46.322000,304.162000,3.117000,0.039000,3.141000,0
-2.456000,-4.018300,1.897500,-0.036255,0.030273,-0.000489,-0.019165,0.036743,-0.017334,-0.037598,-0.020630,0.042236,235.967000,13.059700,-35.383900,-0.049683,-0.006348,0.998657,-0.887939,-0.457642,-0.047119,0.457397,-0.889160,0.017090,1604.000000,634.031000,-46.323000,304.150000,3.117000,0.039000,3.141000,0
-2.456000,-4.018300,1.785900,-0.036499,0.030518,-0.000611,-0.019165,0.036743,-0.017334,-0.037720,-0.020630,0.042480,235.967000,13.059700,-35.495500,-0.049927,-0.006104,0.998535,-0.887939,-0.457642,-0.047119,0.457275,-0.889160,0.017334,1624.000000,633.783000,-46.324000,304.142000,3.117000,0.039000,3.141000,0
-2.568000,-4.018300,1.785900,-0.036621,0.030884,-0.000611,-0.019165,0.036865,-0.017334,-0.037842,-0.020630,0.042969,235.855000,13.059700,-35.495500,-0.050049,-0.005737,0.998535,-0.887939,-0.457520,-0.047119,0.457153,-0.889160,0.017822,1656.000000,633.508000,-46.323000,304.136000,3.117000,0.039000,3.141000,0
-2.679000,-4.130000,1.785900,-0.036743,0.031128,-0.000611,-0.019165,0.036865,-0.017334,-0.037964,-0.020752,0.043213,235.744000,12.948000,-35.495500,-0.050171,-0.005493,0.998535,-0.887939,-0.457520,-0.047119,0.457031,-0.889282,0.018066,1680.000000,633.211000,-46.322000,304.143000,3.117000,0.039000,3.141000,0
-2.791000,-4.130000,1.785900,-0.036865,0.031372,-0.000611,-0.019288,0.036988,-0.017334,-0.037964,-0.020752,0.043457,235.632000,12.948000,-35.495500,-0.050293,-0.005249,0.998535,-0.888062,-0.457397,-0.047119,0.457031,-0.889282,0.018311,1700.000000,632.934000,-46.325000,304.141000,3.117000,0.039000,3.141000,0
-2.902000,-4.130000,1.674300,-0.036987,0.031738,-0.000611,-0.019288,0.037110,-0.017212,-0.038086,-0.020752,0.043823,235.521000,12.948000,-35.607100,-0.050415,-0.004883,0.998535,-0.888062,-0.457275,-0.046997,0.456909,-0.889282,0.018677,1736.000000,632.654000,-46.329000,304.143000,3.117000,0.039000,3.141000,0
-2.902000,-4.130000,1.674300,-0.037109,0.031982,-0.000611,-0.019288,0.037110,-0.017212,-0.038208,-0.020752,0.044067,235.521000,12.948000,-35.607100,-0.050537,-0.004639,0.998535,-0.888062,-0.457275,-0.046997,0.456787,-0.889282,0.018921,1760.000000,632.408000,-46.332000,304.155000,3.117000,0.039000,3.141000,0
-3.014000,-4.130000,1.562600,-0.037109,0.032349,-0.000611,-0.019410,0.037110,-0.017090,-0.038208,-0.020874,0.044434,235.409000,12.948000,-35.718800,-0.050537,-0.004272,0.998535,-0.888184,-0.457275,-0.046875,0.456787,-0.889404,0.019287,1796.000000,632.137000,-46.335000,304.177000,3.117000,0.039000,3.141000,0
-3.126000,-4.130000,1.562600,-0.037109,0.032471,-0.000611,-0.019410,0.037232,-0.017090,-0.038208,-0.020874,0.044556,235.297000,12.948000,-35.718800,-0.050537,-0.004150,0.998535,-0.888184,-0.457153,-0.046875,0.456787,-0.889404,0.019409,1824.000000,631.833000,-46.336000,304.183000,3.117000,0.039000,3.141000,0
-3.237000,-4.130000,1.562600,-0.037109,0.032593,-0.000611,-0.019410,0.037110,-0.016968,-0.038208,-0.020874,0.044678,235.186000,12.948000,-35.718800,-0.050537,-0.004028,0.998535,-0.888184,-0.457275,-0.046753,0.456787,-0.889404,0.019531,1848.000000,631.554000,-46.335000,304.189000,3.117000,0.039000,3.141000,0
-3.349000,-4.130000,1.451000,-0.037109,0.032837,-0.000611,-0.019410,0.037110,-0.016846,-0.038208,-0.020874,0.044922,235.074000,12.948000,-35.830400,-0.050537,-0.003784,0.998535,-0.888184,-0.457275,-0.046631,0.456787,-0.889404,0.019775,1884.000000,631.271000,-46.333000,304.203000,3.117000,0.039000,3.141000,0
-3.349000,-4.130000,1.451000,-0.037109,0.032959,-0.000611,-0.019288,0.037110,-0.016846,-0.038208,-0.020752,0.044922,235.074000,12.948000,-35.830400,-0.050537,-0.003662,0.998535,-0.888062,-0.457275,-0.046631,0.456787,-0.889282,0.019775,1908.000000,630.989000,-46.331000,304.210000,3.117000,0.039000,3.141000,0
-3.461000,-4.130000,1.339400,-0.036987,0.033203,-0.000611,-0.019288,0.036988,-0.016602,-0.038086,-0.020752,0.045166,234.962000,12.948000,-35.942000,-0.050415,-0.003418,0.998535,-0.888062,-0.457397,-0.046387,0.456909,-0.889282,0.020019,1948.000000,630.738000,-46.330000,304.219000,3.117000,0.039000,3.141000,0
-3.572000,-4.130000,1.339400,-0.036987,0.033325,-0.000611,-0.019288,0.036988,-0.016602,-0.038086,-0.020752,0.045166,234.851000,12.948000,-35.942000,-0.050415,-0.003296,0.998535,-0.888062,-0.457397,-0.046387,0.456909,-0.889282,0.020019,1972.000000,630.447000,-46.329000,304.226000,3.117000,0.039000,3.141000,0
-3.572000,-4.130000,1.339400,-0.036987,0.033325,-0.000611,-0.019288,0.036865,-0.016479,-0.038086,-0.020752,0.045288,234.851000,12.948000,-35.942000,-0.050415,-0.003296,0.998535,-0.888062,-0.457520,-0.046265,0.456909,-0.889282,0.020142,1996.000000,630.124000,-46.330000,304.223000,3.117000,0.039000,3.141000,0
-3.684000,-4.130000,1.227800,-0.036865,0.033569,-0.000611,-0.019288,0.036865,-0.016357,-0.037964,-0.020630,0.045288,234.739000,12.948000,-36.053600,-0.050293,-0.003052,0.998535,-0.888062,-0.457520,-0.046143,0.457031,-0.889160,0.020142,2032.000000,629.838000,-46.332000,304.210000,3.117000,0.039000,3.141000,0
-3.795000,-4.130000,1.227800,-0.036743,0.033569,-0.000611,-0.019165,0.036743,-0.016235,-0.037842,-0.020630,0.045410,234.628000,12.948000,-36.053600,-0.050171,-0.003052,0.998535,-0.887939,-0.457642,-0.046020,0.457153,-0.889160,0.020264,2056.000000,629.554000,-46.333000,304.201000,3.117000,0.039000,3.141000,0
-3.907000,-4.130000,1.116200,-0.036621,0.033813,-0.000489,-0.019165,0.036621,-0.015991,-0.037720,-0.020508,0.045410,234.516000,12.948000,-36.165200,-0.050049,-0.002808,0.998657,-0.887939,-0.457764,-0.045776,0.457275,-0.889038,0.020264,2092.000000,629.268000,-46.334000,304.195000,3.117000,0.039000,3.141000,0
-4.019000,-4.130000,1.004500,-0.036499,0.033813,-0.000489,-0.019043,0.036499,-0.015747,-0.037598,-0.020508,0.045532,234.404000,12.948000,-36.276900,-0.049927,-0.002808,0.998657,-0.887817,-0.457886,-0.045532,0.457397,-0.889038,0.020386,2116.000000,628.980000,-46.334000,304.175000,3.117000,0.039000,3.141000,0
-4.130000,-4.130000,0.892900,-0.036133,0.034058,-0.000489,-0.019043,0.036255,-0.015503,-0.037475,-0.020386,0.045532,234.293000,12.948000,-36.388500,-0.049561,-0.002563,0.998657,-0.887817,-0.458130,-0.045288,0.457520,-0.888916,0.020386,2156.000000,628.730000,-46.335000,304.168000,3.117000,0.039000,3.141000,0
-4.242000,-4.130000,0.892900,-0.035889,0.034180,-0.000489,-0.018921,0.036133,-0.015259,-0.037231,-0.020264,0.045532,234.181000,12.948000,-36.388500,-0.049316,-0.002441,0.998657,-0.887695,-0.458252,-0.045044,0.457764,-0.888794,0.020386,2184.000000,628.423000,-46.336000,304.164000,3.117000,0.039000,3.141000,0
-4.354000,-4.130000,0.781300,-0.035645,0.034302,-0.000489,-0.018921,0.036011,-0.014892,-0.037109,-0.020264,0.045532,234.069000,12.948000,-36.500100,-0.049072,-0.002319,0.998657,-0.887695,-0.458374,-0.044678,0.457886,-0.888794,0.020386,2212.000000,628.137000,-46.338000,304.164000,3.117000,0.039000,3.141000,0
-4.577000,-4.130000,0.558100,-0.035156,0.034424,-0.000489,-0.018799,0.035645,-0.014282,-0.036743,-0.020020,0.045410,233.846000,12.948000,-36.723300,-0.048584,-0.002197,0.998657,-0.887573,-0.458740,-0.044067,0.458252,-0.888550,0.020264,2252.000000,627.852000,-46.338000,304.162000,3.117000,0.039000,3.141000,0
-4.688000,-4.130000,0.446400,-0.034668,0.034546,-0.000489,-0.018677,0.035523,-0.013916,-0.036621,-0.020020,0.045410,233.735000,12.948000,-36.835000,-0.048096,-0.002075,0.998657,-0.887451,-0.458862,-0.043701,0.458374,-0.888550,0.020264,2284.000000,627.575000,-46.338000,304.166000,3.117000,0.039000,3.141000,0
-4.912000,-4.018300,0.334800,-0.033936,0.034790,-0.000367,-0.018555,0.035156,-0.013184,-0.036255,-0.019776,0.045166,233.511000,13.059700,-36.946600,-0.047363,-0.001831,0.998779,-0.887329,-0.459229,-0.042969,0.458740,-0.888306,0.020019,2328.000000,627.301000,-46.338000,304.173000,3.117000,0.039000,3.141000,0
-5.023000,-4.018300,0.223200,-0.033447,0.034912,-0.000367,-0.018433,0.034912,-0.012573,-0.036011,-0.019654,0.045044,233.400000,13.059700,-37.058200,-0.046875,-0.001709,0.998779,-0.887207,-0.459473,-0.042358,0.458984,-0.888184,0.019897,2360.000000,627.047000,-46.339000,304.171000,3.117000,0.039000,3.141000,0
-5.135000,-4.018300,0.000000,-0.032837,0.034912,-0.000367,-0.018311,0.034668,-0.012085,-0.035766,-0.019532,0.044922,233.288000,13.059700,-37.281400,-0.046265,-0.001709,0.998779,-0.887085,-0.459717,-0.041870,0.459229,-0.888062,0.019775,2392.000000,626.738000,-46.336000,304.163000,3.117000,0.039000,3.141000,0
-5.358000,-4.018300,-0.111700,-0.031982,0.035034,-0.000367,-0.018189,0.034424,-0.011230,-0.035400,-0.019409,0.044556,233.065000,13.059700,-37.393100,-0.045410,-0.001587,0.998779,-0.886963,-0.459961,-0.041016,0.459595,-0.887939,0.019409,2440.000000,626.460000,-46.332000,304.158000,3.117000,0.039000,3.141000,0
-5.470000,-4.018300,-0.223300,-0.031494,0.035034,-0.000245,-0.018067,0.034180,-0.010742,-0.035278,-0.019287,0.044312,232.953000,13.059700,-37.504700,-0.044922,-0.001587,0.998901,-0.886841,-0.460205,-0.040527,0.459717,-0.887817,0.019165,2472.000000,626.177000,-46.328000,304.157000,3.117000,0.039000,3.141000,0
-5.581000,-4.018300,-0.446500,-0.030640,0.035034,-0.000245,-0.017945,0.033814,-0.010010,-0.034790,-0.019043,0.043945,232.842000,13.059700,-37.727900,-0.044067,-0.001587,0.998901,-0.886719,-0.460571,-0.039795,0.460205,-0.887573,0.018799,2520.000000,625.888000,-46.325000,304.147000,3.117000,0.039000,3.141000,0
-5.693000,-3.906700,-0.558200,-0.030029,0.035034,-0.000245,-0.017823,0.033570,-0.009399,-0.034546,-0.018921,0.043701,232.730000,13.171300,-37.839600,-0.043457,-0.001587,0.998901,-0.886597,-0.460815,-0.039185,0.460449,-0.887451,0.018555,2548.000000,625.596000,-46.321000,304.131000,3.117000,0.039000,3.141000,0
-5.805000,-3.906700,-0.669800,-0.029419,0.035034,-0.000245,-0.017701,0.033203,-0.008911,-0.034302,-0.018799,0.043457,232.618000,13.171300,-37.951200,-0.042847,-0.001587,0.998901,-0.886475,-0.461182,-0.038696,0.460693,-0.887329,0.018311,2580.000000,625.338000,-46.318000,304.125000,3.117000,0.039000,3.141000,0
-6.028000,-3.906700,-0.893000,-0.028442,0.035034,-0.000123,-0.017456,0.032715,-0.008057,-0.033691,-0.018555,0.042969,232.395000,13.171300,-38.174400,-0.041870,-0.001587,0.999023,-0.886230,-0.461670,-0.037842,0.461304,-0.887085,0.017822,2624.000000,625.022000,-46.314000,304.112000,3.117000,0.039000,3.141000,0
-6.140000,-3.906700,-1.004600,-0.027710,0.034912,-0.000123,-0.017334,0.032349,-0.007446,-0.033325,-0.018311,0.042603,232.283000,13.171300,-38.286000,-0.041138,-0.001709,0.999023,-0.886108,-0.462036,-0.037231,0.461670,-0.886841,0.017456,2652.000000,624.733000,-46.312000,304.096000,3.117000,0.039000,3.141000,0
-6.251000,-3.795100,-1.116300,-0.026855,0.034912,-0.000123,-0.017090,0.031861,-0.006714,-0.032837,-0.018067,0.042114,232.172000,13.282900,-38.397700,-0.040283,-0.001709,0.999023,-0.885864,-0.462524,-0.036499,0.462158,-0.886597,0.016968,2680.000000,624.446000,-46.309000,304.088000,3.117000,0.039000,3.141000,0
-6.474000,-3.795100,-1.451100,-0.025391,0.034668,0.000000,-0.016724,0.031128,-0.005493,-0.032104,-0.017700,0.041382,231.949000,13.282900,-38.732500,-0.038818,-0.001953,0.999146,-0.885498,-0.463257,-0.035278,0.462891,-0.886230,0.016235,2728.000000,624.157000,-46.308000,304.075000,3.117000,0.039000,3.141000,0
-6.586000,-3.683500,-1.674400,-0.024292,0.034546,0.000000,-0.016480,0.030640,-0.004639,-0.031494,-0.017456,0.040772,231.837000,13.394500,-38.955800,-0.037720,-0.002075,0.999146,-0.885254,-0.463745,-0.034424,0.463501,-0.885986,0.015625,2756.000000,623.871000,-46.309000,304.067000,3.117000,0.038000,3.141000,0
