Dif_X,Dif_Y,Dif_Z,Dif_X1,Dif_X2,Dif_X3,Dif_Y1,Dif_Y2,Dif_Y3,Dif_Z1,Dif_Z2,Dif_Z3,NDI_X,NDI_Y,NDI_Z,NDI_Rot_X1,NDI_Rot_X2,NDI_Rot_X3,NDI_Rot_Y1,NDI_Rot_Y2,NDI_Rot_Y3,NDI_Rot_Z1,NDI_Rot_Z2,NDI_Rot_Z3,NDI_Quality,Kuka_X,Kuka_Y,Kuka_Z,Kuka_A,Kuka_B,Kuka_C,Kuka_TSL
-0.112000,-1.451000,-0.111600,-0.000366,0.007324,0.000245,-0.007447,0.013184,0.003662,-0.013428,-0.007691,0.006226,237.418000,-25.114700,-37.727900,-0.013916,-0.031006,0.999268,-0.876221,-0.481201,-0.027100,0.481689,-0.876099,-0.020386,316.000000,643.941000,-46.342000,304.124000,3.117000,0.038000,3.141000,0
-0.112000,-1.451000,-0.111600,-0.000366,0.007324,0.000245,-0.007447,0.013184,0.003662,-0.013428,-0.007691,0.006226,237.418000,-25.114700,-37.727900,-0.013916,-0.031006,0.999268,-0.876221,-0.481201,-0.027100,0.481689,-0.876099,-0.020386,316.000000,643.941000,-46.342000,304.124000,3.117000,0.038000,3.141000,0
-0.112000,-1.451000,-0.111600,-0.000488,0.007324,0.000245,-0.007447,0.013184,0.003662,-0.013428,-0.007691,0.006226,237.418000,-25.114700,-37.727900,-0.014038,-0.031006,0.999268,-0.876221,-0.481201,-0.027100,0.481689,-0.876099,-0.020386,316.000000,643.941000,-46.343000,304.124000,3.117000,0.038000,3.141000,0
-0.112000,-1.451000,-0.111600,-0.000488,0.007324,0.000245,-0.007447,0.013184,0.003662,-0.013428,-0.007691,0.006226,237.418000,-25.114700,-37.727900,-0.014038,-0.031006,0.999268,-0.876221,-0.481201,-0.027100,0.481689,-0.876099,-0.020386,316.000000,643.941000,-46.342000,304.124000,3.117000,0.038000,3.141000,0
-0.112000,-1.451000,-0.111600,-0.000488,0.007324,0.000245,-0.007447,0.013306,0.003662,-0.013428,-0.007691,0.006226,237.418000,-25.114700,-37.727900,-0.014038,-0.031006,0.999268,-0.876221,-0.481079,-0.027100,0.481689,-0.876099,-0.020386,316.000000,643.941000,-46.342000,304.124000,3.117000,0.038000,3.141000,0
-0.112000,-1.451000,-0.111600,-0.000488,0.007324,0.000245,-0.007447,0.013306,0.003540,-0.013550,-0.007691,0.006226,237.418000,-25.114700,-37.727900,-0.014038,-0.031006,0.999268,-0.876221,-0.481079,-0.027222,0.481567,-0.876099,-0.020386,316.000000,643.941000,-46.342000,304.124000,3.117000,0.038000,3.141000,0
-0.112000,-1.451000,-0.111600,-0.000488,0.007324,0.000245,-0.007447,0.013306,0.003540,-0.013550,-0.007691,0.006226,237.418000,-25.114700,-37.727900,-0.014038,-0.031006,0.999268,-0.876221,-0.481079,-0.027222,0.481567,-0.876099,-0.020386,316.000000,643.941000,-46.342000,304.124000,3.117000,0.038000,3.141000,0
-0.112000,-1.451000,-0.111600,-0.000488,0.007324,0.000245,-0.007447,0.013306,0.003540,-0.013550,-0.007691,0.006226,237.418000,-25.114700,-37.727900,-0.014038,-0.031006,0.999268,-0.876221,-0.481079,-0.027222,0.481567,-0.876099,-0.020386,316.000000,643.941000,-46.342000,304.124000,3.117000,0.038000,3.141000,0
-0.112000,-1.451000,-0.111600,-0.000488,0.007324,0.000245,-0.007447,0.013306,0.003540,-0.013550,-0.007691,0.006226,237.418000,-25.114700,-37.727900,-0.014038,-0.031006,0.999268,-0.876221,-0.481079,-0.027222,0.481567,-0.876099,-0.020386,316.000000,643.941000,-46.342000,304.124000,3.117000,0.038000,3.141000,0
-0.112000,-1.451000,-0.111600,-0.000488,0.007324,0.000245,-0.007569,0.013306,0.003540,-0.013550,-0.007691,0.006226,237.418000,-25.114700,-37.727900,-0.014038,-0.031006,0.999268,-0.876343,-0.481079,-0.027222,0.481567,-0.876099,-0.020386,316.000000,643.941000,-46.342000,304.124000,3.117000,0.038000,3.141000,0
-0.112000,-1.451000,-0.111600,-0.000488,0.007324,0.000245,-0.007569,0.013306,0.003540,-0.013550,-0.007813,0.006226,237.418000,-25.114700,-37.727900,-0.014038,-0.031006,0.999268,-0.876343,-0.481079,-0.027222,0.481567,-0.876221,-0.020386,316.000000,643.941000,-46.342000,304.124000,3.117000,0.038000,3.141000,0
-0.112000,-1.451000,-0.111600,-0.000488,0.007324,0.000245,-0.007569,0.013306,0.003540,-0.013550,-0.007813,0.006226,237.418000,-25.114700,-37.727900,-0.014038,-0.031006,0.999268,-0.876343,-0.481079,-0.027222,0.481567,-0.876221,-0.020386,316.000000,643.941000,-46.343000,304.124000,3.117000,0.038000,3.141000,0
-0.112000,-1.451000,-0.111600,-0.000488,0.007446,0.000245,-0.007569,0.013306,0.003540,-0.013550,-0.007813,0.006226,237.418000,-25.114700,-37.727900,-0.014038,-0.030884,0.999268,-0.876343,-0.481079,-0.027222,0.481567,-0.876221,-0.020386,316.000000,643.941000,-46.343000,304.124000,3.117000,0.038000,3.141000,0
-0.112000,-1.451000,-0.111600,-0.000488,0.007446,0.000245,-0.007569,0.013306,0.003540,-0.013550,-0.007813,0.006226,237.418000,-25.114700,-37.727900,-0.014038,-0.030884,0.999268,-0.876343,-0.481079,-0.027222,0.481567,-0.876221,-0.020386,316.000000,643.941000,-46.342000,304.124000,3.117000,0.038000,3.141000,0
-0.112000,-1.451000,-0.111600,-0.000488,0.007446,0.000245,-0.007569,0.013306,0.003662,-0.013550,-0.007813,0.006226,237.418000,-25.114700,-37.727900,-0.014038,-0.030884,0.999268,-0.876343,-0.481079,-0.027100,0.481567,-0.876221,-0.020386,316.000000,643.941000,-46.342000,304.124000,3.117000,0.038000,3.141000,0
-0.112000,-1.451000,-0.111600,-0.000488,0.007446,0.000245,-0.007569,0.013306,0.003662,-0.013550,-0.007813,0.006226,237.418000,-25.114700,-37.727900,-0.014038,-0.030884,0.999268,-0.876343,-0.481079,-0.027100,0.481567,-0.876221,-0.020386,316.000000,643.941000,-46.342000,304.124000,3.117000,0.038000,3.141000,0
-0.112000,-1.451000,-0.111600,-0.000488,0.007446,0.000245,-0.007569,0.013306,0.003662,-0.013550,-0.007813,0.006226,237.418000,-25.114700,-37.727900,-0.014038,-0.030884,0.999268,-0.876343,-0.481079,-0.027100,0.481567,-0.876221,-0.020386,316.000000,643.941000,-46.342000,304.124000,3.117000,0.038000,3.141000,0
-0.112000,-1.451000,-0.111600,-0.000488,0.007446,0.000245,-0.007569,0.013306,0.003662,-0.013550,-0.007813,0.006226,237.418000,-25.114700,-37.727900,-0.014038,-0.030884,0.999268,-0.876343,-0.481079,-0.027100,0.481567,-0.876221,-0.020386,316.000000,643.941000,-46.342000,304.124000,3.117000,0.038000,3.141000,0
-0.112000,-1.451000,-0.111600,-0.000488,0.007446,0.000245,-0.007569,0.013306,0.003662,-0.013550,-0.007813,0.006226,237.418000,-25.114700,-37.727900,-0.014038,-0.030884,0.999268,-0.876343,-0.481079,-0.027100,0.481567,-0.876221,-0.020386,316.000000,643.941000,-46.342000,304.124000,3.117000,0.038000,3.141000,0
-0.112000,-1.451000,-0.111600,-0.000366,0.007446,0.000245,-0.007569,0.013428,0.003662,-0.013672,-0.007813,0.006226,237.418000,-25.114700,-37.727900,-0.013916,-0.030884,0.999268,-0.876343,-0.480957,-0.027100,0.481445,-0.876221,-0.020386,316.000000,643.941000,-46.342000,304.124000,3.117000,0.038000,3.141000,0
-0.112000,-1.451000,-0.111600,-0.000366,0.007446,0.000245,-0.007569,0.013428,0.003662,-0.013672,-0.007813,0.006226,237.418000,-25.114700,-37.727900,-0.013916,-0.030884,0.999268,-0.876343,-0.480957,-0.027100,0.481445,-0.876221,-0.020386,316.000000,643.941000,-46.343000,304.124000,3.117000,0.038000,3.141000,0
-0.112000,-1.451000,-0.111600,-0.000366,0.007446,0.000245,-0.007569,0.013428,0.003662,-0.013672,-0.007813,0.006226,237.418000,-25.114700,-37.727900,-0.013916,-0.030884,0.999268,-0.876343,-0.480957,-0.027100,0.481445,-0.876221,-0.020386,316.000000,643.941000,-46.342000,304.124000,3.117000,0.038000,3.141000,0
-0.112000,-1.451000,-0.111600,-0.000366,0.007446,0.000245,-0.007569,0.013428,0.003662,-0.013672,-0.007813,0.006226,237.418000,-25.114700,-37.727900,-0.013916,-0.030884,0.999268,-0.876343,-0.480957,-0.027100,0.481445,-0.876221,-0.020386,316.000000,643.941000,-46.342000,304.124000,3.117000,0.038000,3.141000,0
-0.112000,-1.451000,-0.111600,-0.000366,0.007446,0.000245,-0.007569,0.013428,0.003662,-0.013672,-0.007813,0.006226,237.418000,-25.114700,-37.727900,-0.013916,-0.030884,0.999268,-0.876343,-0.480957,-0.027100,0.481445,-0.876221,-0.020386,316.000000,643.941000,-46.342000,304.124000,3.117000,0.038000,3.141000,0
-0.112000,-1.451000,-0.111600,-0.000366,0.007446,0.000245,-0.007569,0.013428,0.003662,-0.013672,-0.007813,0.006226,237.418000,-25.114700,-37.727900,-0.013916,-0.030884,0.999268,-0.876343,-0.480957,-0.027100,0.481445,-0.876221,-0.020386,316.000000,643.941000,-46.342000,304.124000,3.117000,0.038000,3.141000,0
-0.112000,-1.451000,-0.111600,-0.000366,0.007446,0.000245,-0.007569,0.013428,0.003662,-0.013672,-0.007813,0.006226,237.418000,-25.114700,-37.727900,-0.013916,-0.030884,0.999268,-0.876343,-0.480957,-0.027100,0.481445,-0.876221,-0.020386,316.000000,643.941000,-46.342000,304.124000,3.117000,0.038000,3.141000,0
-0.112000,-1.451000,-0.111600,-0.000366,0.007446,0.000245,-0.007569,0.013428,0.003662,-0.013672,-0.007813,0.006226,237.418000,-25.114700,-37.727900,-0.013916,-0.030884,0.999268,-0.876343,-0.480957,-0.027100,0.481445,-0.876221,-0.020386,316.000000,643.941000,-46.342000,304.124000,3.117000,0.038000,3.141000,0
-0.112000,-1.451000,-0.111600,-0.000366,0.007446,0.000245,-0.007569,0.013428,0.003662,-0.013672,-0.007813,0.006226,237.418000,-25.114700,-37.727900,-0.013916,-0.030884,0.999268,-0.876343,-0.480957,-0.027100,0.481445,-0.876221,-0.020386,316.000000,643.941000,-46.342000,304.124000,3.117000,0.038000,3.141000,0
-0.112000,-1.451000,-0.111600,-0.000366,0.007446,0.000245,-0.007569,0.013428,0.003662,-0.013672,-0.007813,0.006226,237.418000,-25.114700,-37.727900,-0.013916,-0.030884,0.999268,-0.876343,-0.480957,-0.027100,0.481445,-0.876221,-0.020386,316.000000,643.941000,-46.342000,304.124000,3.117000,0.038000,3.141000,0
-0.112000,-1.451000,-0.111600,-0.000366,0.007446,0.000245,-0.007569,0.013428,0.003662,-0.013672,-0.007813,0.006226,237.418000,-25.114700,-37.727900,-0.013916,-0.030884,0.999268,-0.876343,-0.480957,-0.027100,0.481445,-0.876221,-0.020386,316.000000,643.941000,-46.342000,304.124000,3.117000,0.038000,3.141000,0
-0.112000,-1.451000,-0.111600,-0.000366,0.007446,0.000245,-0.007569,0.013428,0.003662,-0.013672,-0.007813,0.006226,237.418000,-25.114700,-37.727900,-0.013916,-0.030884,0.999268,-0.876343,-0.480957,-0.027100,0.481445,-0.876221,-0.020386,316.000000,643.941000,-46.342000,304.124000,3.117000,0.038000,3.141000,0
-0.112000,-1.451000,-0.111600,-0.000366,0.007446,0.000245,-0.007569,0.013428,0.003662,-0.013672,-0.007813,0.006226,237.418000,-25.114700,-37.727900,-0.013916,-0.030884,0.999268,-0.876343,-0.480957,-0.027100,0.481445,-0.876221,-0.020386,316.000000,643.941000,-46.342000,304.124000,3.117000,0.038000,3.141000,0
-0.112000,-1.451000,-0.111600,-0.000366,0.007446,0.000245,-0.007569,0.013428,0.003662,-0.013672,-0.007813,0.006226,237.418000,-25.114700,-37.727900,-0.013916,-0.030884,0.999268,-0.876343,-0.480957,-0.027100,0.481445,-0.876221,-0.020386,316.000000,643.941000,-46.343000,304.124000,3.117000,0.038000,3.141000,0
-0.112000,-1.451000,-0.111600,-0.000366,0.007446,0.000245,-0.007569,0.013428,0.003662,-0.013672,-0.007813,0.006226,237.418000,-25.114700,-37.727900,-0.013916,-0.030884,0.999268,-0.876343,-0.480957,-0.027100,0.481445,-0.876221,-0.020386,316.000000,643.941000,-46.342000,304.124000,3.117000,0.038000,3.141000,0
-0.112000,-1.451000,-0.111600,-0.000488,0.007446,0.000245,-0.007569,0.013428,0.003662,-0.013672,-0.007813,0.006226,237.418000,-25.114700,-37.727900,-0.014038,-0.030884,0.999268,-0.876343,-0.480957,-0.027100,0.481445,-0.876221,-0.020386,316.000000,643.941000,-46.342000,304.124000,3.117000,0.038000,3.141000,0
-0.112000,-1.451000,-0.111600,-0.000488,0.007446,0.000245,-0.007569,0.013428,0.003662,-0.013672,-0.007813,0.006226,237.418000,-25.114700,-37.727900,-0.014038,-0.030884,0.999268,-0.876343,-0.480957,-0.027100,0.481445,-0.876221,-0.020386,316.000000,643.941000,-46.342000,304.124000,3.117000,0.038000,3.141000,0
-0.112000,-1.451000,-0.111600,-0.000488,0.007446,0.000245,-0.007569,0.013428,0.003662,-0.013672,-0.007813,0.006226,237.418000,-25.114700,-37.727900,-0.014038,-0.030884,0.999268,-0.876343,-0.480957,-0.027100,0.481445,-0.876221,-0.020386,316.000000,643.941000,-46.342000,304.124000,3.117000,0.038000,3.141000,0
-0.112000,-1.451000,-0.111600,-0.000488,0.007446,0.000245,-0.007569,0.013428,0.003662,-0.013672,-0.007813,0.006226,237.418000,-25.114700,-37.727900,-0.014038,-0.030884,0.999268,-0.876343,-0.480957,-0.027100,0.481445,-0.876221,-0.020386,316.000000,643.941000,-46.342000,304.124000,3.117000,0.038000,3.141000,0
-0.112000,-1.451000,-0.111600,-0.000488,0.007446,0.000245,-0.007569,0.013428,0.003662,-0.013672,-0.007813,0.006226,237.418000,-25.114700,-37.727900,-0.014038,-0.030884,0.999268,-0.876343,-0.480957,-0.027100,0.481445,-0.876221,-0.020386,316.000000,643.941000,-46.342000,304.124000,3.117000,0.038000,3.141000,0
-0.112000,-1.451000,-0.111600,-0.000488,0.007446,0.000245,-0.007569,0.013428,0.003662,-0.013550,-0.007813,0.006226,237.418000,-25.114700,-37.727900,-0.014038,-0.030884,0.999268,-0.876343,-0.480957,-0.027100,0.481567,-0.876221,-0.020386,316.000000,643.941000,-46.342000,304.124000,3.117000,0.038000,3.141000,0
-0.112000,-1.451000,-0.111600,-0.000488,0.007446,0.000245,-0.007569,0.013306,0.003662,-0.013550,-0.007813,0.006226,237.418000,-25.114700,-37.727900,-0.014038,-0.030884,0.999268,-0.876343,-0.481079,-0.027100,0.481567,-0.876221,-0.020386,316.000000,643.940000,-46.343000,304.124000,3.117000,0.038000,3.141000,0
-0.112000,-1.451000,-0.111600,-0.000488,0.007446,0.000245,-0.007569,0.013306,0.003662,-0.013550,-0.007813,0.006226,237.418000,-25.114700,-37.727900,-0.014038,-0.030884,0.999268,-0.876343,-0.481079,-0.027100,0.481567,-0.876221,-0.020386,316.000000,643.940000,-46.342000,304.123000,3.117000,0.038000,3.141000,0
-0.112000,-1.451000,-0.111600,-0.000488,0.007446,0.000245,-0.007569,0.013306,0.003662,-0.013550,-0.007813,0.006226,237.418000,-25.114700,-37.727900,-0.014038,-0.030884,0.999268,-0.876343,-0.481079,-0.027100,0.481567,-0.876221,-0.020386,316.000000,643.936000,-46.342000,304.117000,3.117000,0.038000,3.141000,0
-0.112000,-1.451000,-0.111600,-0.000488,0.007446,0.000245,-0.007569,0.013306,0.003662,-0.013550,-0.007813,0.006226,237.418000,-25.114700,-37.727900,-0.014038,-0.030884,0.999268,-0.876343,-0.481079,-0.027100,0.481567,-0.876221,-0.020386,316.000000,643.926000,-46.341000,304.116000,3.117000,0.038000,3.141000,0
-0.112000,-1.451000,-0.111600,-0.000488,0.007446,0.000245,-0.007569,0.013306,0.003540,-0.013550,-0.007691,0.006226,237.418000,-25.114700,-37.727900,-0.014038,-0.030884,0.999268,-0.876343,-0.481079,-0.027222,0.481567,-0.876099,-0.020386,316.000000,643.897000,-46.339000,304.114000,3.117000,0.038000,3.141000,0
-0.112000,-1.451000,-0.111600,-0.000488,0.007446,0.000245,-0.007569,0.013306,0.003662,-0.013550,-0.007813,0.006226,237.418000,-25.114700,-37.727900,-0.014038,-0.030884,0.999268,-0.876343,-0.481079,-0.027100,0.481567,-0.876221,-0.020386,316.000000,643.816000,-46.335000,304.112000,3.117000,0.038000,3.141000,0
-0.112000,-1.451000,-0.111600,-0.000488,0.007446,0.000245,-0.007569,0.013306,0.003662,-0.013550,-0.007813,0.006226,237.418000,-25.114700,-37.727900,-0.014038,-0.030884,0.999268,-0.876343,-0.481079,-0.027100,0.481567,-0.876221,-0.020386,316.000000,643.643000,-46.335000,304.081000,3.117000,0.038000,3.141000,0
-0.112000,-1.451000,-0.111600,-0.000366,0.007446,0.000245,-0.007569,0.013428,0.003662,-0.013672,-0.007813,0.006226,237.418000,-25.114700,-37.727900,-0.013916,-0.030884,0.999268,-0.876343,-0.480957,-0.027100,0.481445,-0.876221,-0.020386,316.000000,643.273000,-46.329000,304.049000,3.117000,0.038000,3.141000,0
-0.112000,-1.451000,-0.111600,-0.000366,0.007446,0.000245,-0.007569,0.013428,0.003662,-0.013672,-0.007813,0.006226,237.418000,-25.114700,-37.727900,-0.013916,-0.030884,0.999268,-0.876343,-0.480957,-0.027100,0.481445,-0.876221,-0.020386,316.000000,643.253000,-46.329000,304.049000,3.117000,0.038000,3.141000,0
-0.112000,-1.451000,-0.111600,-0.000366,0.007446,0.000245,-0.007569,0.013428,0.003662,-0.013672,-0.007813,0.006226,237.418000,-25.114700,-37.727900,-0.013916,-0.030884,0.999268,-0.876343,-0.480957,-0.027100,0.481445,-0.876221,-0.020386,316.000000,642.868000,-46.325000,304.036000,3.117000,0.038000,3.141000,0
-0.112000,-1.451000,-0.111600,-0.000366,0.007446,0.000245,-0.007569,0.013428,0.003662,-0.013672,-0.007813,0.006226,237.418000,-25.114700,-37.727900,-0.013916,-0.030884,0.999268,-0.876343,-0.480957,-0.027100,0.481445,-0.876221,-0.020386,316.000000,642.615000,-46.326000,304.036000,3.117000,0.038000,3.141000,0
-0.112000,-1.451000,-0.111600,-0.000366,0.007446,0.000245,-0.007569,0.013428,0.003662,-0.013672,-0.007813,0.006226,237.418000,-25.114700,-37.727900,-0.013916,-0.030884,0.999268,-0.876343,-0.480957,-0.027100,0.481445,-0.876221,-0.020386,316.000000,642.337000,-46.323000,304.021000,3.117000,0.038000,3.141000,0
-0.112000,-1.451000,-0.111600,-0.000366,0.007446,0.000245,-0.007569,0.013428,0.003662,-0.013672,-0.007813,0.006226,237.418000,-25.114700,-37.727900,-0.013916,-0.030884,0.999268,-0.876343,-0.480957,-0.027100,0.481445,-0.876221,-0.020386,316.000000,642.050000,-46.317000,304.013000,3.117000,0.038000,3.141000,0
-0.112000,-1.451000,-0.111600,-0.000366,0.007446,0.000245,-0.007569,0.013428,0.003662,-0.013672,-0.007813,0.006226,237.418000,-25.114700,-37.727900,-0.013916,-0.030884,0.999268,-0.876343,-0.480957,-0.027100,0.481445,-0.876221,-0.020386,316.000000,641.770000,-46.311000,304.017000,3.117000,0.038000,3.141000,0
-0.112000,-1.451000,-0.111600,-0.000366,0.007446,0.000245,-0.007569,0.013428,0.003662,-0.013672,-0.007813,0.006226,237.418000,-25.114700,-37.727900,-0.013916,-0.030884,0.999268,-0.876343,-0.480957,-0.027100,0.481445,-0.876221,-0.020386,316.000000,641.491000,-46.306000,304.022000,3.117000,0.038000,3.141000,0
-0.112000,-1.451000,-0.111600,-0.000366,0.007446,0.000245,-0.007569,0.013428,0.003662,-0.013672,-0.007813,0.006226,237.418000,-25.114700,-37.727900,-0.013916,-0.030884,0.999268,-0.876343,-0.480957,-0.027100,0.481445,-0.876221,-0.020386,316.000000,641.213000,-46.303000,304.030000,3.117000,0.038000,3.141000,0
-0.112000,-1.562700,-0.111600,-0.000366,0.007446,0.000245,-0.007569,0.013428,0.003662,-0.013672,-0.007813,0.006226,237.418000,-25.226400,-37.727900,-0.013916,-0.030884,0.999268,-0.876343,-0.480957,-0.027100,0.481445,-0.876221,-0.020386,316.000000,640.932000,-46.304000,304.058000,3.117000,0.038000,3.141000,0
-0.112000,-1.562700,-0.111600,-0.000366,0.007446,0.000245,-0.007569,0.013550,0.003784,-0.013794,-0.007813,0.006226,237.418000,-25.226400,-37.727900,-0.013916,-0.030884,0.999268,-0.876343,-0.480835,-0.026978,0.481323,-0.876221,-0.020386,320.000000,640.657000,-46.308000,304.087000,3.117000,0.038000,3.141000,0
-0.112000,-1.562700,-0.111600,-0.000366,0.007568,0.000245,-0.007691,0.013550,0.003784,-0.013794,-0.007935,0.006348,237.418000,-25.226400,-37.727900,-0.013916,-0.030762,0.999268,-0.876465,-0.480835,-0.026978,0.481323,-0.876343,-0.020264,320.000000,640.396000,-46.312000,304.112000,3.117000,0.039000,3.141000,0
-0.112000,-1.562700,-0.111600,-0.000366,0.007568,0.000245,-0.007691,0.013550,0.003784,-0.013794,-0.007935,0.006348,237.418000,-25.226400,-37.727900,-0.013916,-0.030762,0.999268,-0.876465,-0.480835,-0.026978,0.481323,-0.876343,-0.020264,320.000000,640.131000,-46.314000,304.146000,3.117000,0.039000,3.140000,0
-0.112000,-1.562700,-0.111600,-0.000366,0.007568,0.000245,-0.007691,0.013672,0.003784,-0.013916,-0.007935,0.006348,237.418000,-25.226400,-37.727900,-0.013916,-0.030762,0.999268,-0.876465,-0.480713,-0.026978,0.481201,-0.876343,-0.020264,320.000000,639.868000,-46.316000,304.185000,3.117000,0.039000,3.140000,0
-0.112000,-1.562700,-0.111600,-0.000366,0.007568,0.000245,-0.007691,0.013672,0.003784,-0.013916,-0.007935,0.006348,237.418000,-25.226400,-37.727900,-0.013916,-0.030762,0.999268,-0.876465,-0.480713,-0.026978,0.481201,-0.876343,-0.020264,320.000000,639.605000,-46.320000,304.201000,3.117000,0.039000,3.140000,0
-0.112000,-1.562700,-0.111600,-0.000488,0.007568,0.000245,-0.007691,0.013672,0.003784,-0.013916,-0.007935,0.006348,237.418000,-25.226400,-37.727900,-0.014038,-0.030762,0.999268,-0.876465,-0.480713,-0.026978,0.481201,-0.876343,-0.020264,320.000000,639.346000,-46.324000,304.222000,3.117000,0.039000,3.140000,0
-0.112000,-1.562700,-0.111600,-0.000488,0.007690,0.000245,-0.007813,0.013794,0.003784,-0.014038,-0.008057,0.006470,237.418000,-25.226400,-37.727900,-0.014038,-0.030640,0.999268,-0.876587,-0.480591,-0.026978,0.481079,-0.876465,-0.020142,320.000000,639.078000,-46.326000,304.238000,3.117000,0.039000,3.140000,0
-0.112000,-1.562700,-0.111600,-0.000488,0.007690,0.000245,-0.007813,0.013794,0.003784,-0.014038,-0.008057,0.006470,237.418000,-25.226400,-37.727900,-0.014038,-0.030640,0.999268,-0.876587,-0.480591,-0.026978,0.481079,-0.876465,-0.020142,320.000000,638.806000,-46.328000,304.242000,3.117000,0.039000,3.140000,0
-0.112000,-1.562700,-0.111600,-0.000488,0.007690,0.000245,-0.007813,0.013794,0.003784,-0.014038,-0.008057,0.006470,237.418000,-25.226400,-37.727900,-0.014038,-0.030640,0.999268,-0.876587,-0.480591,-0.026978,0.481079,-0.876465,-0.020142,320.000000,638.543000,-46.329000,304.241000,3.117000,0.039000,3.140000,0
-0.112000,-1.562700,-0.111600,-0.000488,0.007813,0.000245,-0.007813,0.013916,0.003784,-0.014160,-0.008057,0.006592,237.418000,-25.226400,-37.727900,-0.014038,-0.030518,0.999268,-0.876587,-0.480469,-0.026978,0.480957,-0.876465,-0.020019,320.000000,638.284000,-46.331000,304.246000,3.117000,0.039000,3.141000,0
-0.112000,-1.562700,-0.111600,-0.000610,0.007813,0.000245,-0.007813,0.013916,0.003784,-0.014160,-0.008057,0.006592,237.418000,-25.226400,-37.727900,-0.014160,-0.030518,0.999268,-0.876587,-0.480469,-0.026978,0.480957,-0.876465,-0.020019,320.000000,638.021000,-46.332000,304.257000,3.117000,0.039000,3.141000,0
-0.112000,-1.562700,-0.111600,-0.000610,0.007813,0.000245,-0.007935,0.014038,0.003662,-0.014282,-0.008179,0.006714,237.418000,-25.226400,-37.727900,-0.014160,-0.030518,0.999268,-0.876709,-0.480347,-0.027100,0.480835,-0.876587,-0.019897,320.000000,637.751000,-46.332000,304.243000,3.117000,0.039000,3.141000,0
-0.112000,-1.562700,-0.111600,-0.000610,0.007935,0.000245,-0.007935,0.014038,0.003662,-0.014282,-0.008179,0.006714,237.418000,-25.226400,-37.727900,-0.014160,-0.030395,0.999268,-0.876709,-0.480347,-0.027100,0.480835,-0.876587,-0.019897,320.000000,637.486000,-46.331000,304.235000,3.117000,0.039000,3.141000,0
-0.112000,-1.562700,-0.111600,-0.000732,0.007935,0.000245,-0.007935,0.014160,0.003662,-0.014404,-0.008179,0.006836,237.418000,-25.226400,-37.727900,-0.014282,-0.030395,0.999268,-0.876709,-0.480225,-0.027100,0.480713,-0.876587,-0.019775,320.000000,637.219000,-46.330000,304.229000,3.117000,0.039000,3.141000,0
-0.112000,-1.562700,-0.111600,-0.000732,0.008057,0.000245,-0.007935,0.014160,0.003662,-0.014404,-0.008301,0.006836,237.418000,-25.226400,-37.727900,-0.014282,-0.030273,0.999268,-0.876709,-0.480225,-0.027100,0.480713,-0.876709,-0.019775,320.000000,636.944000,-46.335000,304.227000,3.117000,0.039000,3.141000,0
-0.112000,-1.562700,-0.111600,-0.000854,0.008057,0.000245,-0.008057,0.014282,0.003662,-0.014526,-0.008301,0.006958,237.418000,-25.226400,-37.727900,-0.014404,-0.030273,0.999268,-0.876831,-0.480103,-0.027100,0.480591,-0.876709,-0.019653,320.000000,636.660000,-46.340000,304.212000,3.117000,0.039000,3.141000,0
-0.112000,-1.562700,-0.111600,-0.000854,0.008179,0.000245,-0.008057,0.014282,0.003662,-0.014526,-0.008301,0.007080,237.418000,-25.226400,-37.727900,-0.014404,-0.030151,0.999268,-0.876831,-0.480103,-0.027100,0.480591,-0.876709,-0.019531,320.000000,636.373000,-46.344000,304.193000,3.117000,0.039000,3.141000,0
-0.112000,-1.562700,-0.111600,-0.000977,0.008179,0.000245,-0.008057,0.014405,0.003540,-0.014648,-0.008301,0.007080,237.418000,-25.226400,-37.727900,-0.014526,-0.030151,0.999268,-0.876831,-0.479980,-0.027222,0.480469,-0.876709,-0.019531,320.000000,636.088000,-46.348000,304.182000,3.117000,0.039000,3.141000,0
-0.112000,-1.562700,-0.111600,-0.000977,0.008179,0.000245,-0.008179,0.014405,0.003540,-0.014648,-0.008423,0.007202,237.418000,-25.226400,-37.727900,-0.014526,-0.030151,0.999268,-0.876953,-0.479980,-0.027222,0.480469,-0.876831,-0.019409,320.000000,635.800000,-46.353000,304.170000,3.117000,0.039000,3.141000,0
-0.112000,-1.674300,-0.111600,-0.001099,0.008301,0.000245,-0.008179,0.014527,0.003540,-0.014770,-0.008423,0.007202,237.418000,-25.338000,-37.727900,-0.014648,-0.030029,0.999268,-0.876953,-0.479858,-0.027222,0.480347,-0.876831,-0.019409,320.000000,635.514000,-46.354000,304.156000,3.117000,0.038000,3.141000,0
-0.112000,-1.674300,-0.111600,-0.001099,0.008301,0.000245,-0.008179,0.014649,0.003540,-0.014892,-0.008545,0.007324,237.418000,-25.338000,-37.727900,-0.014648,-0.030029,0.999268,-0.876953,-0.479736,-0.027222,0.480225,-0.876953,-0.019287,320.000000,635.227000,-46.355000,304.132000,3.117000,0.038000,3.141000,0
-0.112000,-1.674300,-0.111600,-0.001221,0.008423,0.000245,-0.008301,0.014771,0.003540,-0.015014,-0.008545,0.007446,237.418000,-25.338000,-37.727900,-0.014771,-0.029907,0.999268,-0.877075,-0.479614,-0.027222,0.480103,-0.876953,-0.019165,320.000000,634.939000,-46.359000,304.115000,3.117000,0.038000,3.141000,0
-0.112000,-1.674300,-0.111600,-0.001221,0.008423,0.000245,-0.008301,0.014771,0.003540,-0.015014,-0.008545,0.007446,237.418000,-25.338000,-37.727900,-0.014771,-0.029907,0.999268,-0.877075,-0.479614,-0.027222,0.480103,-0.876953,-0.019165,320.000000,634.650000,-46.360000,304.095000,3.117000,0.038000,3.141000,0
-0.112000,-1.674300,-0.111600,-0.001221,0.008545,0.000245,-0.008423,0.014893,0.003418,-0.015137,-0.008667,0.007568,237.418000,-25.338000,-37.727900,-0.014771,-0.029785,0.999268,-0.877197,-0.479492,-0.027344,0.479980,-0.877075,-0.019043,320.000000,634.368000,-46.358000,304.078000,3.117000,0.038000,3.141000,0
-0.112000,-1.674300,0.000000,-0.001343,0.008545,0.000245,-0.008423,0.015015,0.003418,-0.015259,-0.008667,0.007690,237.418000,-25.338000,-37.616300,-0.014893,-0.029785,0.999268,-0.877197,-0.479370,-0.027344,0.479858,-0.877075,-0.018921,320.000000,634.081000,-46.356000,304.065000,3.117000,0.038000,3.141000,0
-0.112000,-1.674300,0.000000,-0.001343,0.008667,0.000245,-0.008423,0.015137,0.003418,-0.015381,-0.008789,0.007690,237.418000,-25.338000,-37.616300,-0.014893,-0.029663,0.999268,-0.877197,-0.479248,-0.027344,0.479736,-0.877197,-0.018921,320.000000,633.802000,-46.356000,304.057000,3.117000,0.038000,3.141000,0
-0.224000,-1.674300,0.000000,-0.001465,0.008789,0.000245,-0.008545,0.015259,0.003418,-0.015503,-0.008789,0.007813,237.306000,-25.338000,-37.616300,-0.015015,-0.029541,0.999268,-0.877319,-0.479126,-0.027344,0.479614,-0.877197,-0.018799,320.000000,633.529000,-46.357000,304.058000,3.117000,0.038000,3.141000,0
-0.224000,-1.674300,0.000000,-0.001465,0.008789,0.000245,-0.008545,0.015259,0.003418,-0.015503,-0.008911,0.007935,237.306000,-25.338000,-37.616300,-0.015015,-0.029541,0.999268,-0.877319,-0.479126,-0.027344,0.479614,-0.877319,-0.018677,320.000000,633.256000,-46.359000,304.068000,3.117000,0.038000,3.141000,0
-0.224000,-1.674300,0.000000,-0.001587,0.008911,0.000245,-0.008667,0.015381,0.003418,-0.015625,-0.008911,0.007935,237.306000,-25.338000,-37.616300,-0.015137,-0.029419,0.999268,-0.877441,-0.479004,-0.027344,0.479492,-0.877319,-0.018677,320.000000,632.987000,-46.359000,304.089000,3.117000,0.038000,3.141000,0
-0.224000,-1.674300,0.000000,-0.001709,0.008911,0.000245,-0.008667,0.015503,0.003296,-0.015747,-0.009033,0.008057,237.306000,-25.338000,-37.616300,-0.015259,-0.029419,0.999268,-0.877441,-0.478882,-0.027466,0.479370,-0.877441,-0.018555,320.000000,632.718000,-46.358000,304.099000,3.117000,0.038000,3.141000,0
-0.224000,-1.674300,0.000000,-0.001709,0.009033,0.000245,-0.008789,0.015625,0.003296,-0.015869,-0.009033,0.008179,237.306000,-25.338000,-37.616300,-0.015259,-0.029297,0.999268,-0.877563,-0.478760,-0.027466,0.479248,-0.877441,-0.018433,320.000000,632.441000,-46.355000,304.112000,3.117000,0.038000,3.141000,0
-0.224000,-1.785900,0.000000,-0.001831,0.009155,0.000245,-0.008789,0.015747,0.003296,-0.015991,-0.009155,0.008301,237.306000,-25.449600,-37.616300,-0.015381,-0.029175,0.999268,-0.877563,-0.478638,-0.027466,0.479126,-0.877563,-0.018311,320.000000,632.177000,-46.352000,304.133000,3.117000,0.038000,3.141000,0
-0.224000,-1.785900,0.000000,-0.001831,0.009277,0.000245,-0.008912,0.015747,0.003296,-0.016113,-0.009155,0.008423,237.306000,-25.449600,-37.616300,-0.015381,-0.029053,0.999268,-0.877686,-0.478638,-0.027466,0.479004,-0.877563,-0.018188,320.000000,631.910000,-46.349000,304.140000,3.117000,0.038000,3.141000,0
-0.224000,-1.785900,0.000000,-0.001953,0.009277,0.000245,-0.008912,0.015869,0.003296,-0.016113,-0.009278,0.008545,237.306000,-25.449600,-37.616300,-0.015503,-0.029053,0.999268,-0.877686,-0.478516,-0.027466,0.479004,-0.877686,-0.018066,324.000000,631.644000,-46.343000,304.143000,3.117000,0.038000,3.141000,0
-0.224000,-1.785900,0.000000,-0.001953,0.009399,0.000245,-0.009034,0.015991,0.003296,-0.016235,-0.009278,0.008667,237.306000,-25.449600,-37.616300,-0.015503,-0.028931,0.999268,-0.877808,-0.478394,-0.027466,0.478882,-0.877686,-0.017944,324.000000,631.371000,-46.336000,304.154000,3.117000,0.039000,3.141000,0
-0.224000,-1.785900,0.000000,-0.002075,0.009521,0.000245,-0.009034,0.016114,0.003296,-0.016357,-0.009400,0.008789,237.306000,-25.449600,-37.616300,-0.015625,-0.028809,0.999268,-0.877808,-0.478271,-0.027466,0.478760,-0.877808,-0.017822,324.000000,631.096000,-46.331000,304.164000,3.117000,0.039000,3.141000,0
-0.224000,-1.785900,0.000000,-0.002197,0.009644,0.000245,-0.009156,0.016236,0.003296,-0.016479,-0.009400,0.008911,237.306000,-25.449600,-37.616300,-0.015747,-0.028687,0.999268,-0.877930,-0.478149,-0.027466,0.478638,-0.877808,-0.017700,324.000000,630.825000,-46.328000,304.167000,3.117000,0.039000,3.141000,0
-0.224000,-1.785900,0.000000,-0.002197,0.009766,0.000245,-0.009156,0.016358,0.003174,-0.016601,-0.009522,0.009033,237.306000,-25.449600,-37.616300,-0.015747,-0.028564,0.999268,-0.877930,-0.478027,-0.027588,0.478516,-0.877930,-0.017578,328.000000,630.548000,-46.326000,304.176000,3.117000,0.039000,3.141000,0
-0.224000,-1.785900,0.000000,-0.002319,0.009888,0.000245,-0.009156,0.016480,0.003174,-0.016723,-0.009522,0.009155,237.306000,-25.449600,-37.616300,-0.015869,-0.028442,0.999268,-0.877930,-0.477905,-0.027588,0.478394,-0.877930,-0.017456,328.000000,630.261000,-46.324000,304.190000,3.117000,0.039000,3.141000,0
-0.224000,-1.785900,0.000000,-0.002563,0.010010,0.000245,-0.009400,0.016724,0.003174,-0.016968,-0.009644,0.009399,237.306000,-25.449600,-37.616300,-0.016113,-0.028320,0.999268,-0.878174,-0.477661,-0.027588,0.478149,-0.878052,-0.017212,332.000000,629.895000,-46.323000,304.188000,3.117000,0.039000,3.141000,0
-0.224000,-1.897500,0.000000,-0.002563,0.010254,0.000367,-0.009400,0.016846,0.003174,-0.017090,-0.009766,0.009643,237.306000,-25.561200,-37.616300,-0.016113,-0.028076,0.999390,-0.878174,-0.477539,-0.027588,0.478027,-0.878174,-0.016968,332.000000,629.418000,-46.325000,304.190000,3.117000,0.039000,3.141000,0
-0.224000,-1.897500,0.000000,-0.002686,0.010254,0.000367,-0.009522,0.016968,0.003174,-0.017212,-0.009888,0.009766,237.306000,-25.561200,-37.616300,-0.016235,-0.028076,0.999390,-0.878296,-0.477417,-0.027588,0.477905,-0.878296,-0.016846,336.000000,629.135000,-46.328000,304.186000,3.117000,0.039000,3.141000,0
-0.224000,-1.897500,0.000000,-0.002808,0.010376,0.000367,-0.009522,0.017090,0.003052,-0.017334,-0.009888,0.009888,237.306000,-25.561200,-37.616300,-0.016357,-0.027954,0.999390,-0.878296,-0.477295,-0.027710,0.477783,-0.878296,-0.016724,336.000000,628.859000,-46.332000,304.178000,3.117000,0.039000,3.141000,0
-0.335000,-1.897500,0.000000,-0.002930,0.010498,0.000367,-0.009644,0.017212,0.003052,-0.017456,-0.010010,0.010010,237.195000,-25.561200,-37.616300,-0.016480,-0.027832,0.999390,-0.878418,-0.477173,-0.027710,0.477661,-0.878418,-0.016602,340.000000,628.579000,-46.336000,304.175000,3.117000,0.039000,3.141000,0
-0.335000,-1.897500,0.000000,-0.002930,0.010620,0.000367,-0.009644,0.017334,0.003052,-0.017578,-0.010010,0.010132,237.195000,-25.561200,-37.616300,-0.016480,-0.027710,0.999390,-0.878418,-0.477051,-0.027710,0.477539,-0.878418,-0.016480,340.000000,628.302000,-46.341000,304.182000,3.117000,0.039000,3.141000,0
-0.335000,-1.897500,0.111600,-0.003052,0.010742,0.000367,-0.009766,0.017456,0.003052,-0.017700,-0.010132,0.010254,237.195000,-25.561200,-37.504700,-0.016602,-0.027588,0.999390,-0.878540,-0.476929,-0.027710,0.477417,-0.878540,-0.016357,344.000000,628.017000,-46.347000,304.177000,3.117000,0.039000,3.141000,0
-0.335000,-1.897500,0.111600,-0.003174,0.010864,0.000367,-0.009766,0.017578,0.002930,-0.017822,-0.010254,0.010376,237.195000,-25.561200,-37.504700,-0.016724,-0.027466,0.999390,-0.878540,-0.476807,-0.027832,0.477295,-0.878662,-0.016235,344.000000,627.739000,-46.353000,304.177000,3.117000,0.039000,3.141000,0
-0.335000,-1.897500,0.111600,-0.003296,0.010986,0.000367,-0.009888,0.017700,0.002930,-0.017944,-0.010254,0.010498,237.195000,-25.561200,-37.504700,-0.016846,-0.027344,0.999390,-0.878662,-0.476685,-0.027832,0.477173,-0.878662,-0.016113,348.000000,627.467000,-46.357000,304.184000,3.117000,0.039000,3.141000,0
-0.335000,-1.897500,0.111600,-0.003418,0.011108,0.000367,-0.010010,0.017822,0.002930,-0.018188,-0.010376,0.010742,237.195000,-25.561200,-37.504700,-0.016968,-0.027222,0.999390,-0.878784,-0.476563,-0.027832,0.476929,-0.878784,-0.015869,348.000000,627.186000,-46.361000,304.187000,3.117000,0.039000,3.141000,0
-0.335000,-2.009200,0.111600,-0.003418,0.011108,0.000367,-0.010010,0.017945,0.002808,-0.018188,-0.010376,0.010864,237.195000,-25.672900,-37.504700,-0.016968,-0.027222,0.999390,-0.878784,-0.476440,-0.027954,0.476929,-0.878784,-0.015747,352.000000,626.903000,-46.365000,304.180000,3.117000,0.039000,3.141000,0
-0.335000,-2.009200,0.111600,-0.003540,0.011230,0.000367,-0.010132,0.018067,0.002808,-0.018432,-0.010498,0.010986,237.195000,-25.672900,-37.504700,-0.017090,-0.027100,0.999390,-0.878906,-0.476318,-0.027954,0.476685,-0.878906,-0.015625,352.000000,626.622000,-46.363000,304.170000,3.117000,0.039000,3.141000,0
-0.335000,-2.009200,0.111600,-0.003662,0.011353,0.000367,-0.010132,0.018189,0.002808,-0.018554,-0.010498,0.011108,237.195000,-25.672900,-37.504700,-0.017212,-0.026978,0.999390,-0.878906,-0.476196,-0.027954,0.476563,-0.878906,-0.015503,356.000000,626.341000,-46.361000,304.166000,3.117000,0.039000,3.141000,0
-0.335000,-2.009200,0.111600,-0.003784,0.011475,0.000367,-0.010254,0.018311,0.002808,-0.018677,-0.010620,0.011230,237.195000,-25.672900,-37.504700,-0.017334,-0.026856,0.999390,-0.879028,-0.476074,-0.027954,0.476440,-0.879028,-0.015381,356.000000,626.049000,-46.358000,304.160000,3.117000,0.039000,3.141000,0
-0.335000,-2.009200,0.111600,-0.003906,0.011597,0.000367,-0.010376,0.018555,0.002686,-0.018799,-0.010742,0.011353,237.195000,-25.672900,-37.504700,-0.017456,-0.026733,0.999390,-0.879150,-0.475830,-0.028076,0.476318,-0.879150,-0.015259,360.000000,625.758000,-46.353000,304.149000,3.117000,0.039000,3.141000,0
-0.335000,-2.009200,0.111600,-0.004028,0.011719,0.000367,-0.010376,0.018677,0.002686,-0.018921,-0.010742,0.011475,237.195000,-25.672900,-37.504700,-0.017578,-0.026611,0.999390,-0.879150,-0.475708,-0.028076,0.476196,-0.879150,-0.015137,360.000000,625.461000,-46.346000,304.133000,3.117000,0.039000,3.141000,0
-0.335000,-2.009200,0.111600,-0.004150,0.011841,0.000367,-0.010498,0.018799,0.002686,-0.019165,-0.010864,0.011719,237.195000,-25.672900,-37.504700,-0.017700,-0.026489,0.999390,-0.879272,-0.475586,-0.028076,0.475952,-0.879272,-0.014893,364.000000,625.173000,-46.339000,304.122000,3.117000,0.039000,3.141000,0
-0.335000,-2.009200,0.111600,-0.004150,0.011963,0.000367,-0.010498,0.018921,0.002686,-0.019287,-0.010987,0.011841,237.195000,-25.672900,-37.504700,-0.017700,-0.026367,0.999390,-0.879272,-0.475464,-0.028076,0.475830,-0.879395,-0.014771,368.000000,624.885000,-46.333000,304.110000,3.117000,0.039000,3.141000,0
-0.447000,-2.120800,0.111600,-0.004272,0.012085,0.000367,-0.010621,0.019043,0.002563,-0.019409,-0.010987,0.011963,237.083000,-25.784500,-37.504700,-0.017822,-0.026245,0.999390,-0.879395,-0.475342,-0.028198,0.475708,-0.879395,-0.014648,368.000000,624.593000,-46.330000,304.108000,3.117000,0.038000,3.141000,0
-0.447000,-2.120800,0.111600,-0.004394,0.012207,0.000367,-0.010743,0.019287,0.002563,-0.019531,-0.011109,0.012207,237.083000,-25.784500,-37.504700,-0.017944,-0.026123,0.999390,-0.879517,-0.475098,-0.028198,0.475586,-0.879517,-0.014404,372.000000,624.306000,-46.327000,304.109000,3.117000,0.038000,3.141000,0
-0.447000,-2.120800,0.111600,-0.004517,0.012329,0.000367,-0.010743,0.019409,0.002563,-0.019775,-0.011231,0.012329,237.083000,-25.784500,-37.504700,-0.018066,-0.026001,0.999390,-0.879517,-0.474976,-0.028198,0.475342,-0.879639,-0.014282,372.000000,624.019000,-46.326000,304.099000,3.117000,0.038000,3.141000,0
-0.447000,-2.120800,0.111600,-0.004639,0.012573,0.000367,-0.010865,0.019654,0.002441,-0.019897,-0.011353,0.012573,237.083000,-25.784500,-37.504700,-0.018188,-0.025757,0.999390,-0.879639,-0.474731,-0.028320,0.475220,-0.879761,-0.014038,376.000000,623.731000,-46.327000,304.104000,3.117000,0.038000,3.141000,0
-0.447000,-2.120800,0.223200,-0.004761,0.012695,0.000367,-0.010987,0.019776,0.002441,-0.020019,-0.011475,0.012695,237.083000,-25.784500,-37.393100,-0.018311,-0.025635,0.999390,-0.879761,-0.474609,-0.028320,0.475098,-0.879883,-0.013916,380.000000,623.448000,-46.329000,304.127000,3.117000,0.038000,3.141000,0
-0.447000,-2.120800,0.223200,-0.004883,0.012817,0.000367,-0.011109,0.019898,0.002441,-0.020141,-0.011475,0.012939,237.083000,-25.784500,-37.393100,-0.018433,-0.025513,0.999390,-0.879883,-0.474487,-0.028320,0.474976,-0.879883,-0.013672,380.000000,623.160000,-46.332000,304.139000,3.117000,0.038000,3.141000,0
-0.447000,-2.120800,0.223200,-0.005127,0.012939,0.000367,-0.011109,0.020020,0.002319,-0.020386,-0.011597,0.013184,237.083000,-25.784500,-37.393100,-0.018677,-0.025391,0.999390,-0.879883,-0.474365,-0.028442,0.474731,-0.880005,-0.013428,384.000000,622.877000,-46.338000,304.150000,3.117000,0.038000,3.141000,0
-0.447000,-2.232400,0.223200,-0.005249,0.013062,0.000367,-0.011231,0.020142,0.002319,-0.020508,-0.011719,0.013306,237.083000,-25.896100,-37.393100,-0.018799,-0.025269,0.999390,-0.880005,-0.474243,-0.028442,0.474609,-0.880127,-0.013306,388.000000,622.595000,-46.342000,304.171000,3.117000,0.039000,3.141000,0
-0.447000,-2.232400,0.223200,-0.005371,0.013306,0.000367,-0.011353,0.020386,0.002197,-0.020752,-0.011841,0.013550,237.083000,-25.896100,-37.393100,-0.018921,-0.025024,0.999390,-0.880127,-0.473999,-0.028564,0.474365,-0.880249,-0.013062,392.000000,622.315000,-46.346000,304.196000,3.117000,0.039000,3.141000,0
-0.447000,-2.232400,0.223200,-0.005493,0.013428,0.000367,-0.011353,0.020508,0.002197,-0.020874,-0.011841,0.013672,237.083000,-25.896100,-37.393100,-0.019043,-0.024902,0.999390,-0.880127,-0.473877,-0.028564,0.474243,-0.880249,-0.012939,392.000000,622.031000,-46.350000,304.203000,3.117000,0.039000,3.141000,0
-0.447000,-2.232400,0.223200,-0.005615,0.013550,0.000367,-0.011475,0.020630,0.002075,-0.020996,-0.011963,0.013794,237.083000,-25.896100,-37.393100,-0.019165,-0.024780,0.999390,-0.880249,-0.473755,-0.028687,0.474121,-0.880371,-0.012817,396.000000,621.749000,-46.350000,304.217000,3.117000,0.039000,3.141000,0
-0.558000,-2.232400,0.223200,-0.005859,0.013672,0.000367,-0.011475,0.020752,0.002075,-0.021118,-0.011963,0.014038,236.972000,-25.896100,-37.393100,-0.019409,-0.024658,0.999390,-0.880249,-0.473633,-0.028687,0.473999,-0.880371,-0.012573,400.000000,621.459000,-46.347000,304.228000,3.117000,0.039000,3.141000,0
-0.558000,-2.232400,0.223200,-0.005982,0.013794,0.000367,-0.011597,0.020874,0.001953,-0.021240,-0.012085,0.014160,236.972000,-25.896100,-37.393100,-0.019531,-0.024536,0.999390,-0.880371,-0.473511,-0.028809,0.473877,-0.880493,-0.012451,404.000000,621.168000,-46.343000,304.227000,3.117000,0.039000,3.141000,0
-0.558000,-2.232400,0.223200,-0.006103,0.013916,0.000367,-0.011719,0.021118,0.001953,-0.021362,-0.012207,0.014404,236.972000,-25.896100,-37.393100,-0.019653,-0.024414,0.999390,-0.880493,-0.473267,-0.028809,0.473755,-0.880615,-0.012207,404.000000,620.883000,-46.341000,304.230000,3.117000,0.039000,3.141000,0
