Dif_X,Dif_Y,Dif_Z,Dif_X1,Dif_X2,Dif_X3,Dif_Y1,Dif_Y2,Dif_Y3,Dif_Z1,Dif_Z2,Dif_Z3,NDI_X,NDI_Y,NDI_Z,NDI_Rot_X1,NDI_Rot_X2,NDI_Rot_X3,NDI_Rot_Y1,NDI_Rot_Y2,NDI_Rot_Y3,NDI_Rot_Z1,NDI_Rot_Z2,NDI_Rot_Z3,NDI_Quality,Kuka_X,Kuka_Y,Kuka_Z,Kuka_A,Kuka_B,Kuka_C,Kuka_TSL
-0.558000,-2.902150,1.116200,-0.017212,0.018921,0.000122,-0.014649,0.026978,-0.005493,-0.027465,-0.015503,0.023926,237.641000,3.013770,-36.276900,-0.030029,-0.018188,0.999268,-0.883301,-0.467651,-0.035034,0.467896,-0.883789,-0.001953,740.000000,643.345000,-46.368000,304.186000,3.117000,0.039000,3.141000,0
-0.558000,-2.902150,1.116200,-0.017212,0.018921,0.000122,-0.014649,0.026978,-0.005493,-0.027465,-0.015503,0.023926,237.641000,3.013770,-36.276900,-0.030029,-0.018188,0.999268,-0.883301,-0.467651,-0.035034,0.467896,-0.883789,-0.001953,740.000000,643.345000,-46.368000,304.186000,3.117000,0.039000,3.141000,0
-0.558000,-2.902150,1.116200,-0.017212,0.018921,0.000122,-0.014649,0.026978,-0.005493,-0.027465,-0.015503,0.023804,237.641000,3.013770,-36.276900,-0.030029,-0.018188,0.999268,-0.883301,-0.467651,-0.035034,0.467896,-0.883789,-0.002075,740.000000,643.345000,-46.368000,304.186000,3.117000,0.039000,3.141000,0
-0.558000,-2.902150,1.116200,-0.017212,0.018921,0.000122,-0.014649,0.026978,-0.005493,-0.027465,-0.015503,0.023804,237.641000,3.013770,-36.276900,-0.030029,-0.018188,0.999268,-0.883301,-0.467651,-0.035034,0.467896,-0.883789,-0.002075,740.000000,643.345000,-46.368000,304.186000,3.117000,0.039000,3.141000,0
-0.558000,-2.902150,1.116200,-0.017212,0.018921,0.000122,-0.014649,0.026978,-0.005493,-0.027465,-0.015503,0.023804,237.641000,3.013770,-36.276900,-0.030029,-0.018188,0.999268,-0.883301,-0.467651,-0.035034,0.467896,-0.883789,-0.002075,740.000000,643.345000,-46.368000,304.186000,3.117000,0.039000,3.141000,0
-0.558000,-2.902150,1.116200,-0.017212,0.018921,0.000122,-0.014649,0.026978,-0.005493,-0.027465,-0.015503,0.023804,237.641000,3.013770,-36.276900,-0.030029,-0.018188,0.999268,-0.883301,-0.467651,-0.035034,0.467896,-0.883789,-0.002075,740.000000,643.345000,-46.368000,304.186000,3.117000,0.039000,3.141000,0
-0.558000,-2.902150,1.116200,-0.017212,0.018921,0.000122,-0.014649,0.026978,-0.005493,-0.027465,-0.015503,0.023804,237.641000,3.013770,-36.276900,-0.030029,-0.018188,0.999268,-0.883301,-0.467651,-0.035034,0.467896,-0.883789,-0.002075,740.000000,643.345000,-46.368000,304.186000,3.117000,0.039000,3.141000,0
-0.558000,-2.902150,1.116200,-0.017212,0.018921,0.000122,-0.014649,0.026978,-0.005371,-0.027465,-0.015503,0.023804,237.641000,3.013770,-36.276900,-0.030029,-0.018188,0.999268,-0.883301,-0.467651,-0.034912,0.467896,-0.883789,-0.002075,740.000000,643.345000,-46.368000,304.186000,3.117000,0.039000,3.141000,0
-0.558000,-2.902150,1.116200,-0.017212,0.018921,0.000122,-0.014649,0.026978,-0.005371,-0.027465,-0.015503,0.023926,237.641000,3.013770,-36.276900,-0.030029,-0.018188,0.999268,-0.883301,-0.467651,-0.034912,0.467896,-0.883789,-0.001953,740.000000,643.345000,-46.368000,304.186000,3.117000,0.039000,3.141000,0
-0.558000,-2.902150,1.116200,-0.017212,0.018921,0.000122,-0.014649,0.026978,-0.005371,-0.027465,-0.015503,0.023926,237.641000,3.013770,-36.276900,-0.030029,-0.018188,0.999268,-0.883301,-0.467651,-0.034912,0.467896,-0.883789,-0.001953,740.000000,643.345000,-46.368000,304.186000,3.117000,0.039000,3.141000,0
-0.558000,-2.902150,1.116200,-0.017212,0.018921,0.000122,-0.014649,0.026978,-0.005371,-0.027465,-0.015503,0.023926,237.641000,3.013770,-36.276900,-0.030029,-0.018188,0.999268,-0.883301,-0.467651,-0.034912,0.467896,-0.883789,-0.001953,740.000000,643.345000,-46.368000,304.186000,3.117000,0.039000,3.141000,0
-0.558000,-2.902150,1.116200,-0.017212,0.019043,0.000122,-0.014527,0.026978,-0.005371,-0.027465,-0.015503,0.023926,237.641000,3.013770,-36.276900,-0.030029,-0.018066,0.999268,-0.883179,-0.467651,-0.034912,0.467896,-0.883789,-0.001953,740.000000,643.345000,-46.368000,304.186000,3.117000,0.039000,3.141000,0
-0.558000,-2.902150,1.116200,-0.017212,0.019043,0.000122,-0.014527,0.026978,-0.005371,-0.027465,-0.015503,0.023926,237.641000,3.013770,-36.276900,-0.030029,-0.018066,0.999268,-0.883179,-0.467651,-0.034912,0.467896,-0.883789,-0.001953,740.000000,643.345000,-46.368000,304.186000,3.117000,0.039000,3.141000,0
-0.558000,-2.902150,1.116200,-0.017212,0.019043,0.000122,-0.014527,0.026978,-0.005371,-0.027465,-0.015503,0.023926,237.641000,3.013770,-36.276900,-0.030029,-0.018066,0.999268,-0.883179,-0.467651,-0.034912,0.467896,-0.883789,-0.001953,740.000000,643.345000,-46.368000,304.186000,3.117000,0.039000,3.141000,0
-0.558000,-2.902150,1.116200,-0.017212,0.019043,0.000122,-0.014527,0.026978,-0.005371,-0.027343,-0.015503,0.023926,237.641000,3.013770,-36.276900,-0.030029,-0.018066,0.999268,-0.883179,-0.467651,-0.034912,0.468018,-0.883789,-0.001953,740.000000,643.345000,-46.368000,304.186000,3.117000,0.039000,3.141000,0
-0.558000,-2.902150,1.116200,-0.017212,0.019043,0.000122,-0.014527,0.026978,-0.005371,-0.027343,-0.015503,0.023926,237.641000,3.013770,-36.276900,-0.030029,-0.018066,0.999268,-0.883179,-0.467651,-0.034912,0.468018,-0.883789,-0.001953,740.000000,643.345000,-46.368000,304.186000,3.117000,0.039000,3.141000,0
-0.558000,-2.902150,1.116200,-0.017212,0.019043,0.000122,-0.014527,0.026978,-0.005371,-0.027343,-0.015381,0.023926,237.641000,3.013770,-36.276900,-0.030029,-0.018066,0.999268,-0.883179,-0.467651,-0.034912,0.468018,-0.883667,-0.001953,740.000000,643.345000,-46.368000,304.186000,3.117000,0.039000,3.141000,0
-0.558000,-2.902150,1.116200,-0.017212,0.019043,0.000122,-0.014527,0.026978,-0.005371,-0.027343,-0.015381,0.023926,237.641000,3.013770,-36.276900,-0.030029,-0.018066,0.999268,-0.883179,-0.467651,-0.034912,0.468018,-0.883667,-0.001953,740.000000,643.345000,-46.368000,304.186000,3.117000,0.039000,3.141000,0
-0.558000,-2.902150,1.116200,-0.017212,0.019043,0.000122,-0.014527,0.026856,-0.005371,-0.027343,-0.015381,0.023926,237.641000,3.013770,-36.276900,-0.030029,-0.018066,0.999268,-0.883179,-0.467773,-0.034912,0.468018,-0.883667,-0.001953,740.000000,643.345000,-46.368000,304.186000,3.117000,0.039000,3.141000,0
-0.558000,-2.902150,1.116200,-0.017212,0.019043,0.000122,-0.014527,0.026856,-0.005371,-0.027343,-0.015381,0.023926,237.641000,3.013770,-36.276900,-0.030029,-0.018066,0.999268,-0.883179,-0.467773,-0.034912,0.468018,-0.883667,-0.001953,740.000000,643.345000,-46.368000,304.186000,3.117000,0.039000,3.141000,0
-0.558000,-2.902150,1.116200,-0.017212,0.019043,0.000122,-0.014527,0.026856,-0.005371,-0.027343,-0.015381,0.023926,237.641000,3.013770,-36.276900,-0.030029,-0.018066,0.999268,-0.883179,-0.467773,-0.034912,0.468018,-0.883667,-0.001953,740.000000,643.345000,-46.368000,304.186000,3.117000,0.039000,3.141000,0
-0.558000,-2.902150,1.116200,-0.017212,0.019043,0.000122,-0.014527,0.026856,-0.005371,-0.027343,-0.015381,0.023926,237.641000,3.013770,-36.276900,-0.030029,-0.018066,0.999268,-0.883179,-0.467773,-0.034912,0.468018,-0.883667,-0.001953,740.000000,643.345000,-46.368000,304.186000,3.117000,0.039000,3.141000,0
-0.558000,-2.902150,1.116200,-0.017212,0.019043,0.000122,-0.014527,0.026856,-0.005371,-0.027343,-0.015381,0.023926,237.641000,3.013770,-36.276900,-0.030029,-0.018066,0.999268,-0.883179,-0.467773,-0.034912,0.468018,-0.883667,-0.001953,740.000000,643.345000,-46.368000,304.186000,3.117000,0.039000,3.141000,0
-0.558000,-2.902150,1.116200,-0.017212,0.019043,0.000122,-0.014527,0.026856,-0.005371,-0.027343,-0.015381,0.023926,237.641000,3.013770,-36.276900,-0.030029,-0.018066,0.999268,-0.883179,-0.467773,-0.034912,0.468018,-0.883667,-0.001953,740.000000,643.345000,-46.368000,304.186000,3.117000,0.039000,3.141000,0
-0.558000,-2.902150,1.116200,-0.017090,0.019043,0.000122,-0.014527,0.026856,-0.005371,-0.027343,-0.015381,0.023926,237.641000,3.013770,-36.276900,-0.029907,-0.018066,0.999268,-0.883179,-0.467773,-0.034912,0.468018,-0.883667,-0.001953,740.000000,643.345000,-46.368000,304.186000,3.117000,0.039000,3.141000,0
-0.558000,-2.902150,1.116200,-0.017090,0.019043,0.000122,-0.014527,0.026978,-0.005371,-0.027343,-0.015381,0.023926,237.641000,3.013770,-36.276900,-0.029907,-0.018066,0.999268,-0.883179,-0.467651,-0.034912,0.468018,-0.883667,-0.001953,740.000000,643.345000,-46.368000,304.186000,3.117000,0.039000,3.141000,0
-0.558000,-2.902150,1.116200,-0.017090,0.019043,0.000122,-0.014527,0.026978,-0.005371,-0.027343,-0.015381,0.023804,237.641000,3.013770,-36.276900,-0.029907,-0.018066,0.999268,-0.883179,-0.467651,-0.034912,0.468018,-0.883667,-0.002075,740.000000,643.345000,-46.368000,304.186000,3.117000,0.039000,3.141000,0
-0.558000,-2.902150,1.116200,-0.017090,0.019043,0.000122,-0.014527,0.026978,-0.005371,-0.027343,-0.015503,0.023804,237.641000,3.013770,-36.276900,-0.029907,-0.018066,0.999268,-0.883179,-0.467651,-0.034912,0.468018,-0.883789,-0.002075,740.000000,643.345000,-46.368000,304.186000,3.117000,0.039000,3.141000,0
-0.558000,-2.902150,1.116200,-0.017090,0.019043,0.000122,-0.014649,0.026978,-0.005371,-0.027465,-0.015503,0.023804,237.641000,3.013770,-36.276900,-0.029907,-0.018066,0.999268,-0.883301,-0.467651,-0.034912,0.467896,-0.883789,-0.002075,740.000000,643.345000,-46.368000,304.186000,3.117000,0.039000,3.141000,0
-0.558000,-2.902150,1.116200,-0.017090,0.019043,0.000122,-0.014649,0.026978,-0.005371,-0.027465,-0.015503,0.023804,237.641000,3.013770,-36.276900,-0.029907,-0.018066,0.999268,-0.883301,-0.467651,-0.034912,0.467896,-0.883789,-0.002075,740.000000,643.345000,-46.368000,304.186000,3.117000,0.039000,3.141000,0
-0.558000,-2.902150,1.116200,-0.017090,0.019043,0.000122,-0.014649,0.026978,-0.005371,-0.027465,-0.015503,0.023804,237.641000,3.013770,-36.276900,-0.029907,-0.018066,0.999268,-0.883301,-0.467651,-0.034912,0.467896,-0.883789,-0.002075,740.000000,643.345000,-46.368000,304.186000,3.117000,0.039000,3.141000,0
-0.558000,-2.902150,1.116200,-0.017090,0.019043,0.000122,-0.014649,0.026978,-0.005371,-0.027465,-0.015503,0.023804,237.641000,3.013770,-36.276900,-0.029907,-0.018066,0.999268,-0.883301,-0.467651,-0.034912,0.467896,-0.883789,-0.002075,740.000000,643.345000,-46.368000,304.186000,3.117000,0.039000,3.141000,0
-0.558000,-2.902150,1.116200,-0.017090,0.019043,0.000122,-0.014649,0.026978,-0.005371,-0.027465,-0.015503,0.023804,237.641000,3.013770,-36.276900,-0.029907,-0.018066,0.999268,-0.883301,-0.467651,-0.034912,0.467896,-0.883789,-0.002075,740.000000,643.345000,-46.368000,304.186000,3.117000,0.039000,3.141000,0
-0.558000,-2.902150,1.116200,-0.017090,0.019043,0.000122,-0.014649,0.026978,-0.005371,-0.027465,-0.015503,0.023804,237.641000,3.013770,-36.276900,-0.029907,-0.018066,0.999268,-0.883301,-0.467651,-0.034912,0.467896,-0.883789,-0.002075,740.000000,643.345000,-46.368000,304.186000,3.117000,0.039000,3.141000,0
-0.558000,-2.902150,1.116200,-0.017090,0.019043,0.000122,-0.014649,0.026978,-0.005371,-0.027465,-0.015503,0.023804,237.641000,3.013770,-36.276900,-0.029907,-0.018066,0.999268,-0.883301,-0.467651,-0.034912,0.467896,-0.883789,-0.002075,740.000000,643.345000,-46.368000,304.186000,3.117000,0.039000,3.141000,0
-0.558000,-2.902150,1.116200,-0.017090,0.019043,0.000122,-0.014649,0.026978,-0.005371,-0.027465,-0.015503,0.023804,237.641000,3.013770,-36.276900,-0.029907,-0.018066,0.999268,-0.883301,-0.467651,-0.034912,0.467896,-0.883789,-0.002075,740.000000,643.345000,-46.368000,304.186000,3.117000,0.039000,3.141000,0
-0.558000,-2.902150,1.116200,-0.017212,0.019043,0.000122,-0.014649,0.026978,-0.005371,-0.027465,-0.015503,0.023926,237.641000,3.013770,-36.276900,-0.030029,-0.018066,0.999268,-0.883301,-0.467651,-0.034912,0.467896,-0.883789,-0.001953,740.000000,643.351000,-46.372000,304.197000,3.117000,0.039000,3.141000,0
-0.558000,-2.902150,1.116200,-0.017212,0.019043,0.000122,-0.014649,0.026978,-0.005493,-0.027465,-0.015503,0.023926,237.641000,3.013770,-36.276900,-0.030029,-0.018066,0.999268,-0.883301,-0.467651,-0.035034,0.467896,-0.883789,-0.001953,740.000000,643.351000,-46.372000,304.197000,3.117000,0.039000,3.141000,0
-0.558000,-2.902150,1.116200,-0.017212,0.019043,0.000122,-0.014649,0.026978,-0.005493,-0.027465,-0.015503,0.023926,237.641000,3.013770,-36.276900,-0.030029,-0.018066,0.999268,-0.883301,-0.467651,-0.035034,0.467896,-0.883789,-0.001953,740.000000,643.351000,-46.371000,304.197000,3.117000,0.039000,3.141000,0
-0.558000,-2.902150,1.116200,-0.017212,0.019043,0.000122,-0.014649,0.026978,-0.005493,-0.027465,-0.015503,0.023926,237.641000,3.013770,-36.276900,-0.030029,-0.018066,0.999268,-0.883301,-0.467651,-0.035034,0.467896,-0.883789,-0.001953,740.000000,643.351000,-46.371000,304.197000,3.117000,0.039000,3.141000,0
-0.558000,-2.902150,1.116200,-0.017212,0.019043,0.000122,-0.014649,0.026978,-0.005493,-0.027465,-0.015503,0.023926,237.641000,3.013770,-36.276900,-0.030029,-0.018066,0.999268,-0.883301,-0.467651,-0.035034,0.467896,-0.883789,-0.001953,740.000000,643.335000,-46.370000,304.197000,3.117000,0.039000,3.141000,0
-0.558000,-2.902150,1.116200,-0.017212,0.019043,0.000122,-0.014649,0.026978,-0.005371,-0.027465,-0.015503,0.023926,237.641000,3.013770,-36.276900,-0.030029,-0.018066,0.999268,-0.883301,-0.467651,-0.034912,0.467896,-0.883789,-0.001953,740.000000,643.284000,-46.365000,304.178000,3.117000,0.039000,3.141000,0
-0.558000,-2.902150,1.116200,-0.017212,0.019043,0.000122,-0.014649,0.026978,-0.005371,-0.027465,-0.015503,0.023926,237.641000,3.013770,-36.276900,-0.030029,-0.018066,0.999268,-0.883301,-0.467651,-0.034912,0.467896,-0.883789,-0.001953,740.000000,643.179000,-46.359000,304.169000,3.117000,0.039000,3.141000,0
-0.558000,-2.902150,1.116200,-0.017212,0.019043,0.000122,-0.014649,0.026978,-0.005371,-0.027465,-0.015503,0.023926,237.641000,3.013770,-36.276900,-0.030029,-0.018066,0.999268,-0.883301,-0.467651,-0.034912,0.467896,-0.883789,-0.001953,740.000000,643.016000,-46.355000,304.142000,3.117000,0.038000,3.141000,0
-0.558000,-2.902150,1.116200,-0.017090,0.019043,0.000122,-0.014527,0.026978,-0.005371,-0.027465,-0.015503,0.023926,237.641000,3.013770,-36.276900,-0.029907,-0.018066,0.999268,-0.883179,-0.467651,-0.034912,0.467896,-0.883789,-0.001953,740.000000,642.825000,-46.349000,304.095000,3.117000,0.038000,3.141000,0
-0.558000,-2.902150,1.116200,-0.017090,0.019043,0.000122,-0.014527,0.026978,-0.005371,-0.027343,-0.015503,0.023926,237.641000,3.013770,-36.276900,-0.029907,-0.018066,0.999268,-0.883179,-0.467651,-0.034912,0.468018,-0.883789,-0.001953,740.000000,642.614000,-46.344000,304.058000,3.117000,0.038000,3.141000,0
-0.558000,-2.902150,1.116200,-0.017090,0.019043,0.000122,-0.014527,0.026978,-0.005371,-0.027343,-0.015381,0.023926,237.641000,3.013770,-36.276900,-0.029907,-0.018066,0.999268,-0.883179,-0.467651,-0.034912,0.468018,-0.883667,-0.001953,740.000000,642.366000,-46.339000,304.022000,3.117000,0.038000,3.141000,0
-0.558000,-2.902150,1.116200,-0.017090,0.019043,0.000122,-0.014527,0.026978,-0.005371,-0.027343,-0.015381,0.023926,237.641000,3.013770,-36.276900,-0.029907,-0.018066,0.999268,-0.883179,-0.467651,-0.034912,0.468018,-0.883667,-0.001953,740.000000,642.086000,-46.332000,303.991000,3.117000,0.038000,3.141000,0
-0.558000,-2.902150,1.116200,-0.017090,0.019043,0.000122,-0.014527,0.026978,-0.005371,-0.027343,-0.015503,0.023926,237.641000,3.013770,-36.276900,-0.029907,-0.018066,0.999268,-0.883179,-0.467651,-0.034912,0.468018,-0.883789,-0.001953,740.000000,641.796000,-46.324000,303.974000,3.117000,0.038000,3.141000,0
-0.558000,-2.902150,1.116200,-0.017212,0.019043,0.000122,-0.014649,0.026978,-0.005371,-0.027465,-0.015503,0.023926,237.641000,3.013770,-36.276900,-0.030029,-0.018066,0.999268,-0.883301,-0.467651,-0.034912,0.467896,-0.883789,-0.001953,740.000000,641.511000,-46.317000,303.967000,3.117000,0.038000,3.141000,0
-0.558000,-2.902150,1.116200,-0.017212,0.019165,0.000122,-0.014649,0.026978,-0.005371,-0.027465,-0.015503,0.024048,237.641000,3.013770,-36.276900,-0.030029,-0.017944,0.999268,-0.883301,-0.467651,-0.034912,0.467896,-0.883789,-0.001831,740.000000,641.226000,-46.310000,303.966000,3.117000,0.038000,3.141000,0
-0.558000,-2.902150,1.116200,-0.017212,0.019165,0.000122,-0.014649,0.026978,-0.005371,-0.027465,-0.015503,0.024048,237.641000,3.013770,-36.276900,-0.030029,-0.017944,0.999268,-0.883301,-0.467651,-0.034912,0.467896,-0.883789,-0.001831,740.000000,640.940000,-46.305000,303.990000,3.117000,0.038000,3.141000,0
-0.558000,-2.902150,1.116200,-0.017334,0.019165,0.000122,-0.014649,0.027100,-0.005371,-0.027465,-0.015503,0.024048,237.641000,3.013770,-36.276900,-0.030151,-0.017944,0.999268,-0.883301,-0.467529,-0.034912,0.467896,-0.883789,-0.001831,740.000000,640.661000,-46.305000,304.021000,3.117000,0.038000,3.141000,0
-0.558000,-2.902150,1.116200,-0.017334,0.019287,0.000122,-0.014649,0.027100,-0.005493,-0.027588,-0.015503,0.024170,237.641000,3.013770,-36.276900,-0.030151,-0.017822,0.999268,-0.883301,-0.467529,-0.035034,0.467773,-0.883789,-0.001709,740.000000,640.394000,-46.309000,304.050000,3.117000,0.038000,3.141000,0
-0.558000,-2.902150,1.116200,-0.017456,0.019287,0.000122,-0.014649,0.027100,-0.005493,-0.027588,-0.015503,0.024170,237.641000,3.013770,-36.276900,-0.030273,-0.017822,0.999268,-0.883301,-0.467529,-0.035034,0.467773,-0.883789,-0.001709,744.000000,640.129000,-46.313000,304.088000,3.117000,0.039000,3.141000,0
-0.558000,-2.902150,1.116200,-0.017456,0.019287,0.000122,-0.014649,0.027222,-0.005493,-0.027588,-0.015625,0.024292,237.641000,3.013770,-36.276900,-0.030273,-0.017822,0.999268,-0.883301,-0.467407,-0.035034,0.467773,-0.883911,-0.001587,744.000000,639.865000,-46.318000,304.135000,3.117000,0.039000,3.141000,0
-0.558000,-2.902150,1.116200,-0.017578,0.019287,0.000122,-0.014771,0.027222,-0.005615,-0.027710,-0.015625,0.024414,237.641000,3.013770,-36.276900,-0.030395,-0.017822,0.999268,-0.883423,-0.467407,-0.035156,0.467651,-0.883911,-0.001465,744.000000,639.599000,-46.325000,304.163000,3.117000,0.039000,3.141000,0
-0.558000,-2.902150,1.116200,-0.017578,0.019409,0.000122,-0.014771,0.027344,-0.005615,-0.027710,-0.015625,0.024414,237.641000,3.013770,-36.276900,-0.030395,-0.017700,0.999268,-0.883423,-0.467285,-0.035156,0.467651,-0.883911,-0.001465,748.000000,639.340000,-46.333000,304.190000,3.117000,0.039000,3.141000,0
-0.669000,-2.902150,1.116200,-0.017822,0.019531,0.000122,-0.014771,0.027466,-0.005859,-0.027954,-0.015747,0.024658,237.530000,3.013770,-36.276900,-0.030640,-0.017578,0.999268,-0.883423,-0.467163,-0.035400,0.467407,-0.884033,-0.001221,752.000000,638.827000,-46.345000,304.243000,3.117000,0.039000,3.141000,0
-0.669000,-2.902150,1.116200,-0.017944,0.019531,0.000122,-0.014893,0.027466,-0.005859,-0.027954,-0.015747,0.024658,237.530000,3.013770,-36.276900,-0.030762,-0.017578,0.999268,-0.883545,-0.467163,-0.035400,0.467407,-0.884033,-0.001221,756.000000,638.536000,-46.350000,304.260000,3.117000,0.039000,3.141000,0
-0.669000,-2.902150,1.116200,-0.018066,0.019653,0.000122,-0.014893,0.027588,-0.005981,-0.028076,-0.015747,0.024902,237.530000,3.013770,-36.276900,-0.030884,-0.017456,0.999268,-0.883545,-0.467041,-0.035522,0.467285,-0.884033,-0.000977,760.000000,638.274000,-46.354000,304.277000,3.117000,0.039000,3.141000,0
-0.669000,-2.902150,1.116200,-0.018311,0.019653,0.000122,-0.014893,0.027710,-0.006104,-0.028198,-0.015869,0.025024,237.530000,3.013770,-36.276900,-0.031128,-0.017456,0.999268,-0.883545,-0.466919,-0.035645,0.467163,-0.884155,-0.000854,764.000000,638.012000,-46.359000,304.292000,3.117000,0.039000,3.141000,0
-0.669000,-3.013770,1.116200,-0.018555,0.019775,0.000122,-0.015015,0.027832,-0.006226,-0.028320,-0.015991,0.025269,237.530000,2.902150,-36.276900,-0.031372,-0.017334,0.999268,-0.883667,-0.466797,-0.035767,0.467041,-0.884277,-0.000610,768.000000,637.743000,-46.363000,304.282000,3.117000,0.039000,3.141000,0
-0.669000,-3.013770,1.227900,-0.018677,0.019898,0.000122,-0.015015,0.027954,-0.006348,-0.028442,-0.015991,0.025391,237.530000,2.902150,-36.165200,-0.031494,-0.017212,0.999268,-0.883667,-0.466675,-0.035889,0.466919,-0.884277,-0.000488,772.000000,637.478000,-46.366000,304.278000,3.117000,0.039000,3.141000,0
-0.669000,-3.013770,1.227900,-0.018921,0.020020,0.000122,-0.015137,0.028076,-0.006470,-0.028564,-0.016113,0.025635,237.530000,2.902150,-36.165200,-0.031738,-0.017090,0.999268,-0.883789,-0.466553,-0.036011,0.466797,-0.884399,-0.000244,776.000000,637.216000,-46.371000,304.276000,3.117000,0.039000,3.141000,0
-0.669000,-3.013770,1.227900,-0.019287,0.020264,0.000000,-0.015259,0.028198,-0.006714,-0.028808,-0.016113,0.025879,237.530000,2.902150,-36.165200,-0.032105,-0.016846,0.999146,-0.883911,-0.466431,-0.036255,0.466553,-0.884399,0.000000,784.000000,636.948000,-46.374000,304.270000,3.117000,0.039000,3.141000,0
-0.781000,-3.013770,1.227900,-0.019531,0.020386,0.000000,-0.015259,0.028442,-0.006836,-0.028930,-0.016235,0.026123,237.418000,2.902150,-36.165200,-0.032349,-0.016724,0.999146,-0.883911,-0.466187,-0.036377,0.466431,-0.884521,0.000244,788.000000,636.664000,-46.375000,304.244000,3.117000,0.039000,3.141000,0
-0.781000,-3.013770,1.227900,-0.019897,0.020630,0.000000,-0.015381,0.028565,-0.007080,-0.029052,-0.016358,0.026489,237.418000,2.902150,-36.165200,-0.032715,-0.016480,0.999146,-0.884033,-0.466064,-0.036621,0.466309,-0.884644,0.000610,796.000000,636.384000,-46.373000,304.229000,3.117000,0.039000,3.141000,0
-0.781000,-3.013770,1.227900,-0.020142,0.020752,0.000000,-0.015503,0.028687,-0.007202,-0.029297,-0.016480,0.026733,237.418000,2.902150,-36.165200,-0.032959,-0.016357,0.999146,-0.884155,-0.465942,-0.036743,0.466064,-0.884766,0.000854,804.000000,636.106000,-46.369000,304.215000,3.117000,0.039000,3.141000,0
-0.781000,-3.125390,1.227900,-0.020386,0.020996,0.000000,-0.015503,0.028931,-0.007324,-0.029419,-0.016480,0.026978,237.418000,2.790530,-36.165200,-0.033203,-0.016113,0.999146,-0.884155,-0.465698,-0.036865,0.465942,-0.884766,0.001099,808.000000,635.821000,-46.364000,304.192000,3.117000,0.039000,3.141000,0
-0.893000,-3.125390,1.339500,-0.020752,0.021240,0.000000,-0.015625,0.029175,-0.007568,-0.029663,-0.016602,0.027466,237.306000,2.790530,-36.053600,-0.033569,-0.015869,0.999146,-0.884277,-0.465454,-0.037109,0.465698,-0.884888,0.001587,820.000000,635.541000,-46.357000,304.170000,3.117000,0.039000,3.141000,0
-0.893000,-3.125390,1.339500,-0.020996,0.021362,0.000000,-0.015747,0.029297,-0.007690,-0.029785,-0.016724,0.027710,237.306000,2.790530,-36.053600,-0.033814,-0.015747,0.999146,-0.884399,-0.465332,-0.037231,0.465576,-0.885010,0.001831,828.000000,635.258000,-46.350000,304.144000,3.117000,0.039000,3.141000,0
-0.893000,-3.125390,1.339500,-0.021362,0.021729,0.000000,-0.015869,0.029541,-0.007812,-0.030151,-0.016846,0.028076,237.306000,2.790530,-36.053600,-0.034180,-0.015381,0.999146,-0.884521,-0.465088,-0.037353,0.465210,-0.885132,0.002197,840.000000,634.973000,-46.344000,304.127000,3.117000,0.039000,3.141000,0
-0.893000,-3.125390,1.339500,-0.021606,0.021851,0.000000,-0.015992,0.029785,-0.007935,-0.030273,-0.016968,0.028320,237.306000,2.790530,-36.053600,-0.034424,-0.015259,0.999146,-0.884644,-0.464844,-0.037476,0.465088,-0.885254,0.002441,848.000000,634.690000,-46.340000,304.110000,3.117000,0.039000,3.141000,0
-1.004000,-3.237010,1.339500,-0.021851,0.022095,0.000000,-0.015992,0.029907,-0.008179,-0.030517,-0.017090,0.028687,237.195000,2.678910,-36.053600,-0.034668,-0.015015,0.999146,-0.884644,-0.464722,-0.037720,0.464844,-0.885376,0.002808,860.000000,634.403000,-46.337000,304.085000,3.117000,0.038000,3.141000,0
-1.004000,-3.237010,1.339500,-0.022217,0.022339,0.000000,-0.016236,0.030151,-0.008301,-0.030761,-0.017212,0.029053,237.195000,2.678910,-36.053600,-0.035034,-0.014771,0.999146,-0.884888,-0.464478,-0.037842,0.464600,-0.885498,0.003174,872.000000,634.114000,-46.335000,304.061000,3.117000,0.038000,3.141000,0
-1.004000,-3.237010,1.339500,-0.022583,0.022583,0.000000,-0.016236,0.030396,-0.008545,-0.031006,-0.017334,0.029419,237.195000,2.678910,-36.053600,-0.035400,-0.014526,0.999146,-0.884888,-0.464233,-0.038086,0.464355,-0.885620,0.003540,884.000000,633.833000,-46.337000,304.048000,3.117000,0.038000,3.141000,0
-1.004000,-3.237010,1.451100,-0.022949,0.022827,0.000000,-0.016480,0.030762,-0.008789,-0.031250,-0.017456,0.029785,237.195000,2.678910,-35.942000,-0.035767,-0.014282,0.999146,-0.885132,-0.463867,-0.038330,0.464111,-0.885742,0.003906,900.000000,633.556000,-46.342000,304.042000,3.117000,0.038000,3.141000,0
-1.116000,-3.348630,1.451100,-0.023193,0.023071,0.000000,-0.016480,0.030884,-0.008911,-0.031494,-0.017578,0.030151,237.083000,2.567290,-35.942000,-0.036011,-0.014038,0.999146,-0.885132,-0.463745,-0.038452,0.463867,-0.885864,0.004272,912.000000,633.283000,-46.348000,304.051000,3.117000,0.038000,3.141000,0
-1.116000,-3.348630,1.451100,-0.023560,0.023316,0.000000,-0.016602,0.031128,-0.009033,-0.031738,-0.017700,0.030395,237.083000,2.567290,-35.942000,-0.036377,-0.013794,0.999146,-0.885254,-0.463501,-0.038574,0.463623,-0.885986,0.004517,924.000000,633.015000,-46.355000,304.071000,3.117000,0.038000,3.141000,0
-1.116000,-3.348630,1.451100,-0.024048,0.023560,0.000000,-0.016724,0.031494,-0.009277,-0.032104,-0.017944,0.030884,237.083000,2.567290,-35.942000,-0.036865,-0.013550,0.999146,-0.885376,-0.463135,-0.038818,0.463257,-0.886230,0.005005,940.000000,632.743000,-46.362000,304.083000,3.117000,0.038000,3.141000,0
-1.227000,-3.348630,1.451100,-0.024292,0.023804,-0.000123,-0.016846,0.031616,-0.009521,-0.032226,-0.017944,0.031250,236.972000,2.567290,-35.942000,-0.037109,-0.013306,0.999023,-0.885498,-0.463013,-0.039063,0.463135,-0.886230,0.005371,952.000000,632.472000,-46.368000,304.109000,3.117000,0.039000,3.141000,0
-1.227000,-3.460260,1.451100,-0.024780,0.024170,-0.000123,-0.016968,0.031983,-0.009766,-0.032592,-0.018189,0.031738,236.972000,2.455660,-35.942000,-0.037598,-0.012939,0.999023,-0.885620,-0.462646,-0.039307,0.462769,-0.886475,0.005859,972.000000,632.203000,-46.374000,304.141000,3.117000,0.039000,3.141000,0
-1.227000,-3.460260,1.562700,-0.025024,0.024292,-0.000123,-0.017090,0.032105,-0.009888,-0.032715,-0.018189,0.031982,236.972000,2.455660,-35.830400,-0.037842,-0.012817,0.999023,-0.885742,-0.462524,-0.039429,0.462646,-0.886475,0.006104,984.000000,631.931000,-46.378000,304.161000,3.117000,0.039000,3.141000,0
-1.339000,-3.460260,1.562700,-0.025513,0.024536,-0.000123,-0.017212,0.032349,-0.010132,-0.032959,-0.018433,0.032471,236.860000,2.455660,-35.830400,-0.038330,-0.012573,0.999023,-0.885864,-0.462280,-0.039673,0.462402,-0.886719,0.006592,1008.000000,631.660000,-46.379000,304.176000,3.117000,0.039000,3.141000,0
-1.339000,-3.460260,1.562700,-0.025757,0.024780,-0.000123,-0.017334,0.032471,-0.010376,-0.033203,-0.018433,0.032715,236.860000,2.455660,-35.830400,-0.038574,-0.012329,0.999023,-0.885986,-0.462158,-0.039917,0.462158,-0.886719,0.006836,1020.000000,631.382000,-46.377000,304.195000,3.117000,0.039000,3.141000,0
-1.339000,-3.460260,1.562700,-0.026001,0.024902,-0.000123,-0.017334,0.032593,-0.010498,-0.033325,-0.018555,0.032959,236.860000,2.455660,-35.830400,-0.038818,-0.012207,0.999023,-0.885986,-0.462036,-0.040039,0.462036,-0.886841,0.007080,1032.000000,631.107000,-46.377000,304.205000,3.117000,0.039000,3.141000,0
-1.451000,-3.460260,1.562700,-0.026367,0.025147,-0.000123,-0.017456,0.032715,-0.010742,-0.033447,-0.018555,0.033325,236.748000,2.455660,-35.830400,-0.039185,-0.011963,0.999023,-0.886108,-0.461914,-0.040283,0.461914,-0.886841,0.007446,1052.000000,630.836000,-46.376000,304.207000,3.117000,0.039000,3.141000,0
-1.451000,-3.460260,1.562700,-0.026611,0.025269,-0.000123,-0.017456,0.032837,-0.010864,-0.033569,-0.018677,0.033569,236.748000,2.455660,-35.830400,-0.039429,-0.011841,0.999023,-0.886108,-0.461792,-0.040405,0.461792,-0.886963,0.007690,1068.000000,630.556000,-46.372000,304.218000,3.117000,0.039000,3.141000,0
-1.451000,-3.571880,1.562700,-0.026733,0.025391,-0.000123,-0.017456,0.032959,-0.010986,-0.033691,-0.018677,0.033691,236.748000,2.344040,-35.830400,-0.039551,-0.011719,0.999023,-0.886108,-0.461670,-0.040527,0.461670,-0.886963,0.007813,1080.000000,630.268000,-46.367000,304.222000,3.117000,0.039000,3.141000,0
-1.562000,-3.571880,1.674300,-0.027222,0.025757,-0.000123,-0.017578,0.033203,-0.011231,-0.033935,-0.018799,0.034180,236.637000,2.344040,-35.718800,-0.040039,-0.011352,0.999023,-0.886230,-0.461426,-0.040772,0.461426,-0.887085,0.008301,1112.000000,629.926000,-46.363000,304.207000,3.117000,0.039000,3.141000,0
-1.562000,-3.571880,1.674300,-0.027588,0.025879,-0.000123,-0.017701,0.033325,-0.011475,-0.034179,-0.018921,0.034546,236.637000,2.344040,-35.718800,-0.040405,-0.011230,0.999023,-0.886353,-0.461304,-0.041016,0.461182,-0.887207,0.008667,1132.000000,629.420000,-46.359000,304.197000,3.117000,0.039000,3.141000,0
-1.562000,-3.571880,1.674300,-0.027832,0.026001,-0.000123,-0.017701,0.033447,-0.011597,-0.034179,-0.019043,0.034668,236.637000,2.344040,-35.718800,-0.040649,-0.011108,0.999023,-0.886353,-0.461182,-0.041138,0.461182,-0.887329,0.008789,1144.000000,629.135000,-46.356000,304.188000,3.117000,0.039000,3.141000,0
-1.562000,-3.571880,1.674300,-0.027954,0.026123,-0.000123,-0.017823,0.033569,-0.011719,-0.034301,-0.019043,0.034912,236.637000,2.344040,-35.718800,-0.040772,-0.010986,0.999023,-0.886475,-0.461060,-0.041260,0.461060,-0.887329,0.009033,1156.000000,628.854000,-46.357000,304.172000,3.117000,0.039000,3.141000,0
-1.674000,-3.571880,1.674300,-0.028320,0.026367,-0.000245,-0.017823,0.033814,-0.011841,-0.034546,-0.019165,0.035278,236.525000,2.344040,-35.718800,-0.041138,-0.010742,0.998901,-0.886475,-0.460815,-0.041382,0.460815,-0.887451,0.009399,1176.000000,628.575000,-46.358000,304.158000,3.117000,0.039000,3.141000,0
-1.674000,-3.571880,1.674300,-0.028564,0.026611,-0.000245,-0.017945,0.033936,-0.011963,-0.034668,-0.019165,0.035522,236.525000,2.344040,-35.718800,-0.041382,-0.010498,0.998901,-0.886597,-0.460693,-0.041504,0.460693,-0.887451,0.009644,1188.000000,628.296000,-46.360000,304.156000,3.117000,0.039000,3.141000,0
-1.786000,-3.683500,1.674300,-0.028931,0.026856,-0.000245,-0.018067,0.034058,-0.012207,-0.034912,-0.019287,0.036011,236.413000,2.232420,-35.718800,-0.041748,-0.010254,0.998901,-0.886719,-0.460571,-0.041748,0.460449,-0.887573,0.010132,1208.000000,628.008000,-46.365000,304.149000,3.117000,0.039000,3.141000,0
-1.786000,-3.683500,1.674300,-0.029175,0.027100,-0.000245,-0.018067,0.034180,-0.012329,-0.035034,-0.019409,0.036255,236.413000,2.232420,-35.718800,-0.041992,-0.010010,0.998901,-0.886719,-0.460449,-0.041870,0.460327,-0.887695,0.010376,1224.000000,627.729000,-46.372000,304.148000,3.117000,0.039000,3.141000,0
-1.897000,-3.683500,1.674300,-0.029419,0.027344,-0.000245,-0.018189,0.034424,-0.012451,-0.035156,-0.019531,0.036621,236.302000,2.232420,-35.718800,-0.042236,-0.009766,0.998901,-0.886841,-0.460205,-0.041992,0.460205,-0.887817,0.010742,1236.000000,627.455000,-46.380000,304.150000,3.117000,0.039000,3.141000,0
-1.897000,-3.683500,1.674300,-0.029907,0.027710,-0.000245,-0.018311,0.034668,-0.012695,-0.035522,-0.019653,0.037109,236.302000,2.232420,-35.718800,-0.042725,-0.009399,0.998901,-0.886963,-0.459961,-0.042236,0.459839,-0.887939,0.011230,1260.000000,627.176000,-46.386000,304.151000,3.117000,0.039000,3.141000,0
-2.009000,-3.683500,1.674300,-0.030151,0.027954,-0.000245,-0.018433,0.034790,-0.012817,-0.035644,-0.019653,0.037476,236.190000,2.232420,-35.718800,-0.042969,-0.009155,0.998901,-0.887085,-0.459839,-0.042358,0.459717,-0.887939,0.011597,1276.000000,626.894000,-46.391000,304.140000,3.117000,0.039000,3.141000,0
-2.009000,-3.795120,1.674300,-0.030640,0.028320,-0.000245,-0.018555,0.035034,-0.013062,-0.036010,-0.019898,0.037964,236.190000,2.120800,-35.718800,-0.043457,-0.008789,0.998901,-0.887207,-0.459595,-0.042603,0.459351,-0.888184,0.012085,1304.000000,626.614000,-46.392000,304.132000,3.117000,0.039000,3.141000,0
-2.120000,-3.795120,1.674300,-0.030884,0.028564,-0.000245,-0.018555,0.035278,-0.013184,-0.036132,-0.019898,0.038330,236.079000,2.120800,-35.718800,-0.043701,-0.008545,0.998901,-0.887207,-0.459351,-0.042725,0.459229,-0.888184,0.012451,1320.000000,626.337000,-46.393000,304.138000,3.117000,0.039000,3.141000,0
-2.120000,-3.795120,1.674300,-0.031250,0.028809,-0.000245,-0.018677,0.035523,-0.013428,-0.036377,-0.020020,0.038696,236.079000,2.120800,-35.718800,-0.044067,-0.008301,0.998901,-0.887329,-0.459106,-0.042969,0.458984,-0.888306,0.012817,1348.000000,626.051000,-46.392000,304.142000,3.117000,0.039000,3.141000,0
-2.232000,-3.795120,1.674300,-0.031494,0.029053,-0.000245,-0.018799,0.035645,-0.013550,-0.036499,-0.020142,0.038940,235.967000,2.120800,-35.718800,-0.044311,-0.008057,0.998901,-0.887451,-0.458984,-0.043091,0.458862,-0.888428,0.013062,1364.000000,625.762000,-46.389000,304.136000,3.117000,0.039000,3.141000,0
-2.232000,-3.795120,1.674300,-0.031616,0.029175,-0.000367,-0.018799,0.035767,-0.013550,-0.036621,-0.020142,0.039185,235.967000,2.120800,-35.718800,-0.044434,-0.007935,0.998779,-0.887451,-0.458862,-0.043091,0.458740,-0.888428,0.013306,1384.000000,625.473000,-46.383000,304.132000,3.117000,0.039000,3.141000,0
-2.344000,-3.906740,1.674300,-0.031982,0.029419,-0.000367,-0.018921,0.035889,-0.013794,-0.036865,-0.020264,0.039551,235.855000,2.009180,-35.718800,-0.044800,-0.007690,0.998779,-0.887573,-0.458740,-0.043335,0.458496,-0.888550,0.013672,1412.000000,625.188000,-46.379000,304.131000,3.117000,0.039000,3.141000,0
-2.344000,-3.906740,1.674300,-0.032105,0.029663,-0.000367,-0.018921,0.036011,-0.013794,-0.036987,-0.020386,0.039795,235.855000,2.009180,-35.718800,-0.044922,-0.007446,0.998779,-0.887573,-0.458618,-0.043335,0.458374,-0.888672,0.013916,1428.000000,624.900000,-46.374000,304.126000,3.117000,0.039000,3.141000,0
-2.455000,-3.906740,1.674300,-0.032349,0.029785,-0.000367,-0.019043,0.036133,-0.013916,-0.037109,-0.020386,0.040039,235.744000,2.009180,-35.718800,-0.045166,-0.007324,0.998779,-0.887695,-0.458496,-0.043457,0.458252,-0.888672,0.014160,1448.000000,624.615000,-46.367000,304.124000,3.117000,0.039000,3.141000,0
-2.455000,-3.906740,1.674300,-0.032593,0.030151,-0.000367,-0.019043,0.036255,-0.014038,-0.037231,-0.020508,0.040405,235.744000,2.009180,-35.718800,-0.045410,-0.006958,0.998779,-0.887695,-0.458374,-0.043579,0.458130,-0.888794,0.014526,1476.000000,624.330000,-46.360000,304.127000,3.117000,0.039000,3.141000,0
-2.567000,-3.906740,1.674300,-0.032715,0.030273,-0.000367,-0.019165,0.036377,-0.014038,-0.037353,-0.020508,0.040649,235.632000,2.009180,-35.718800,-0.045532,-0.006836,0.998779,-0.887817,-0.458252,-0.043579,0.458008,-0.888794,0.014771,1496.000000,624.043000,-46.356000,304.121000,3.117000,0.039000,3.141000,0
-2.678000,-3.906740,1.674300,-0.032959,0.030640,-0.000367,-0.019165,0.036499,-0.014038,-0.037475,-0.020630,0.041016,235.521000,2.009180,-35.718800,-0.045776,-0.006470,0.998779,-0.887817,-0.458130,-0.043579,0.457886,-0.888916,0.015137,1524.000000,623.758000,-46.354000,304.125000,3.117000,0.039000,3.141000,0
-2.678000,-3.906740,1.562700,-0.033081,0.030884,-0.000367,-0.019287,0.036621,-0.014160,-0.037597,-0.020630,0.041260,235.521000,2.009180,-35.830400,-0.045898,-0.006226,0.998779,-0.887939,-0.458008,-0.043701,0.457764,-0.888916,0.015381,1544.000000,623.473000,-46.352000,304.142000,3.117000,0.039000,3.141000,0
-2.790000,-4.018360,1.562700,-0.033325,0.031128,-0.000367,-0.019287,0.036743,-0.014160,-0.037719,-0.020752,0.041626,235.409000,1.897560,-35.830400,-0.046143,-0.005981,0.998779,-0.887939,-0.457886,-0.043701,0.457642,-0.889038,0.015747,1572.000000,623.187000,-46.351000,304.151000,3.117000,0.039000,3.141000,0
-2.790000,-4.018360,1.562700,-0.033447,0.031372,-0.000367,-0.019287,0.036865,-0.014282,-0.037841,-0.020752,0.041870,235.409000,1.897560,-35.830400,-0.046265,-0.005737,0.998779,-0.887939,-0.457764,-0.043823,0.457520,-0.889038,0.015991,1592.000000,622.905000,-46.353000,304.159000,3.117000,0.039000,3.141000,0
-2.902000,-4.018360,1.562700,-0.033691,0.031616,-0.000367,-0.019410,0.036865,-0.014282,-0.037964,-0.020874,0.042236,235.297000,1.897560,-35.830400,-0.046509,-0.005493,0.998779,-0.888062,-0.457764,-0.043823,0.457397,-0.889160,0.016357,1612.000000,622.624000,-46.355000,304.176000,3.117000,0.039000,3.141000,0
-3.013000,-4.018360,1.562700,-0.033936,0.031860,-0.000367,-0.019410,0.036987,-0.014404,-0.038086,-0.020874,0.042603,235.186000,1.897560,-35.830400,-0.046753,-0.005249,0.998779,-0.888062,-0.457642,-0.043945,0.457275,-0.889160,0.016724,1644.000000,622.344000,-46.359000,304.196000,3.117000,0.039000,3.141000,0
-3.013000,-4.018360,1.562700,-0.034058,0.032105,-0.000367,-0.019532,0.037109,-0.014404,-0.038208,-0.020874,0.042725,235.186000,1.897560,-35.830400,-0.046875,-0.005005,0.998779,-0.888184,-0.457520,-0.043945,0.457153,-0.889160,0.016846,1668.000000,622.058000,-46.364000,304.198000,3.117000,0.039000,3.141000,0
-3.125000,-4.018360,1.451100,-0.034180,0.032349,-0.000367,-0.019532,0.037109,-0.014526,-0.038208,-0.020874,0.043091,235.074000,1.897560,-35.942000,-0.046997,-0.004761,0.998779,-0.888184,-0.457520,-0.044067,0.457153,-0.889160,0.017212,1700.000000,621.772000,-46.367000,304.208000,3.117000,0.039000,3.141000,0
-3.237000,-4.018360,1.451100,-0.034302,0.032471,-0.000367,-0.019532,0.037109,-0.014526,-0.038208,-0.020874,0.043213,234.962000,1.897560,-35.942000,-0.047119,-0.004639,0.998779,-0.888184,-0.457520,-0.044067,0.457153,-0.889160,0.017334,1720.000000,621.484000,-46.368000,304.221000,3.117000,0.039000,3.141000,0
-3.237000,-4.018360,1.451100,-0.034424,0.032593,-0.000367,-0.019410,0.036987,-0.014526,-0.038208,-0.020874,0.043457,234.962000,1.897560,-35.942000,-0.047241,-0.004517,0.998779,-0.888062,-0.457642,-0.044067,0.457153,-0.889160,0.017578,1744.000000,621.194000,-46.368000,304.222000,3.117000,0.039000,3.141000,0
-3.348000,-4.018360,1.451100,-0.034546,0.032837,-0.000367,-0.019410,0.036987,-0.014526,-0.038086,-0.020874,0.043701,234.851000,1.897560,-35.942000,-0.047363,-0.004272,0.998779,-0.888062,-0.457642,-0.044067,0.457275,-0.889160,0.017822,1776.000000,620.911000,-46.368000,304.227000,3.117000,0.039000,3.141000,0
-3.460000,-4.018360,1.339500,-0.034546,0.032959,-0.000367,-0.019287,0.036865,-0.014526,-0.037964,-0.020752,0.043823,234.739000,1.897560,-36.053600,-0.047363,-0.004150,0.998779,-0.887939,-0.457764,-0.044067,0.457397,-0.889038,0.017944,1796.000000,620.621000,-46.367000,304.230000,3.117000,0.039000,3.141000,0
-3.571000,-4.018360,1.339500,-0.034546,0.033081,-0.000367,-0.019287,0.036743,-0.014404,-0.037841,-0.020752,0.044067,234.628000,1.897560,-36.053600,-0.047363,-0.004028,0.998779,-0.887939,-0.457886,-0.043945,0.457520,-0.889038,0.018188,1832.000000,620.324000,-46.365000,304.226000,3.117000,0.039000,3.141000,0
-3.571000,-4.018360,1.339500,-0.034546,0.033203,-0.000367,-0.019165,0.036621,-0.014282,-0.037719,-0.020630,0.044067,234.628000,1.897560,-36.053600,-0.047363,-0.003906,0.998779,-0.887817,-0.458008,-0.043823,0.457642,-0.888916,0.018188,1856.000000,620.033000,-46.365000,304.208000,3.117000,0.039000,3.141000,0
-3.683000,-3.906740,1.227900,-0.034546,0.033447,-0.000367,-0.019165,0.036499,-0.014282,-0.037597,-0.020630,0.044189,234.516000,2.009180,-36.165200,-0.047363,-0.003662,0.998779,-0.887817,-0.458130,-0.043823,0.457764,-0.888916,0.018311,1876.000000,619.745000,-46.366000,304.193000,3.117000,0.039000,3.141000,0
-3.795000,-3.906740,1.227900,-0.034424,0.033569,-0.000367,-0.019165,0.036377,-0.014038,-0.037475,-0.020508,0.044312,234.404000,2.009180,-36.165200,-0.047241,-0.003540,0.998779,-0.887817,-0.458252,-0.043579,0.457886,-0.888794,0.018433,1912.000000,619.451000,-46.366000,304.180000,3.117000,0.039000,3.141000,0
-3.906000,-3.906740,1.116200,-0.034302,0.033691,-0.000367,-0.019043,0.036255,-0.013794,-0.037475,-0.020508,0.044434,234.293000,2.009180,-36.276900,-0.047119,-0.003418,0.998779,-0.887695,-0.458374,-0.043335,0.457886,-0.888794,0.018555,1936.000000,619.154000,-46.366000,304.163000,3.117000,0.039000,3.141000,0
-4.018000,-3.906740,1.004600,-0.034058,0.033936,-0.000367,-0.019043,0.036133,-0.013550,-0.037353,-0.020386,0.044556,234.181000,2.009180,-36.388500,-0.046875,-0.003174,0.998779,-0.887695,-0.458496,-0.043091,0.458008,-0.888672,0.018677,1972.000000,618.864000,-46.368000,304.151000,3.117000,0.039000,3.141000,0
