Dif_X,Dif_Y,Dif_Z,Dif_X1,Dif_X2,Dif_X3,Dif_Y1,Dif_Y2,Dif_Y3,Dif_Z1,Dif_Z2,Dif_Z3,NDI_X,NDI_Y,NDI_Z,NDI_Rot_X1,NDI_Rot_X2,NDI_Rot_X3,NDI_Rot_Y1,NDI_Rot_Y2,NDI_Rot_Y3,NDI_Rot_Z1,NDI_Rot_Z2,NDI_Rot_Z3,NDI_Quality,Kuka_X,Kuka_Y,Kuka_Z,Kuka_A,Kuka_B,Kuka_C,Kuka_TSL
-0.223000,-1.786000,0.223200,-0.005493,0.011475,0.000367,-0.009766,0.016845,0.001465,-0.016968,-0.010132,0.012207,238.311000,-13.506200,-37.058200,-0.015869,-0.026978,0.999390,-0.869995,-0.492310,-0.027100,0.492798,-0.869995,-0.015625,412.000000,642.779000,-46.325000,304.196000,3.117000,0.038000,3.141000,0
-0.223000,-1.786000,0.223200,-0.005493,0.011475,0.000367,-0.009766,0.016845,0.001465,-0.016968,-0.010132,0.012207,238.311000,-13.506200,-37.058200,-0.015869,-0.026978,0.999390,-0.869995,-0.492310,-0.027100,0.492798,-0.869995,-0.015625,412.000000,642.779000,-46.325000,304.196000,3.117000,0.038000,3.141000,0
-0.223000,-1.786000,0.223200,-0.005493,0.011475,0.000367,-0.009766,0.016845,0.001465,-0.016968,-0.010132,0.012207,238.311000,-13.506200,-37.058200,-0.015869,-0.026978,0.999390,-0.869995,-0.492310,-0.027100,0.492798,-0.869995,-0.015625,412.000000,642.779000,-46.325000,304.196000,3.117000,0.038000,3.141000,0
-0.223000,-1.786000,0.223200,-0.005493,0.011475,0.000367,-0.009766,0.016845,0.001465,-0.016968,-0.010132,0.012207,238.311000,-13.506200,-37.058200,-0.015869,-0.026978,0.999390,-0.869995,-0.492310,-0.027100,0.492798,-0.869995,-0.015625,412.000000,642.779000,-46.325000,304.196000,3.117000,0.038000,3.141000,0
-0.223000,-1.786000,0.223200,-0.005493,0.011475,0.000367,-0.009766,0.016845,0.001587,-0.016968,-0.010132,0.012207,238.311000,-13.506200,-37.058200,-0.015869,-0.026978,0.999390,-0.869995,-0.492310,-0.026978,0.492798,-0.869995,-0.015625,412.000000,642.779000,-46.325000,304.196000,3.117000,0.038000,3.141000,0
-0.223000,-1.786000,0.223200,-0.005371,0.011475,0.000367,-0.009766,0.016845,0.001587,-0.017090,-0.010132,0.012207,238.311000,-13.506200,-37.058200,-0.015747,-0.026978,0.999390,-0.869995,-0.492310,-0.026978,0.492676,-0.869995,-0.015625,412.000000,642.779000,-46.325000,304.196000,3.117000,0.038000,3.141000,0
-0.223000,-1.786000,0.223200,-0.005371,0.011475,0.000367,-0.009766,0.016845,0.001587,-0.017090,-0.010132,0.012207,238.311000,-13.506200,-37.058200,-0.015747,-0.026978,0.999390,-0.869995,-0.492310,-0.026978,0.492676,-0.869995,-0.015625,412.000000,642.779000,-46.325000,304.195000,3.117000,0.038000,3.141000,0
-0.223000,-1.786000,0.223200,-0.005371,0.011475,0.000367,-0.009766,0.016845,0.001587,-0.017090,-0.010132,0.012085,238.311000,-13.506200,-37.058200,-0.015747,-0.026978,0.999390,-0.869995,-0.492310,-0.026978,0.492676,-0.869995,-0.015747,412.000000,642.779000,-46.325000,304.195000,3.117000,0.038000,3.141000,0
-0.223000,-1.786000,0.223200,-0.005371,0.011475,0.000367,-0.009766,0.016845,0.001587,-0.017090,-0.010132,0.012085,238.311000,-13.506200,-37.058200,-0.015747,-0.026978,0.999390,-0.869995,-0.492310,-0.026978,0.492676,-0.869995,-0.015747,412.000000,642.779000,-46.325000,304.195000,3.117000,0.038000,3.141000,0
-0.223000,-1.786000,0.223200,-0.005371,0.011475,0.000367,-0.009766,0.016845,0.001587,-0.016968,-0.010132,0.012085,238.311000,-13.506200,-37.058200,-0.015747,-0.026978,0.999390,-0.869995,-0.492310,-0.026978,0.492798,-0.869995,-0.015747,412.000000,642.779000,-46.325000,304.195000,3.117000,0.038000,3.141000,0
-0.223000,-1.786000,0.223200,-0.005371,0.011475,0.000367,-0.009766,0.016845,0.001587,-0.016968,-0.010132,0.012085,238.311000,-13.506200,-37.058200,-0.015747,-0.026978,0.999390,-0.869995,-0.492310,-0.026978,0.492798,-0.869995,-0.015747,412.000000,642.779000,-46.325000,304.195000,3.117000,0.038000,3.141000,0
-0.223000,-1.786000,0.223200,-0.005371,0.011475,0.000367,-0.009766,0.016845,0.001587,-0.016968,-0.010132,0.012085,238.311000,-13.506200,-37.058200,-0.015747,-0.026978,0.999390,-0.869995,-0.492310,-0.026978,0.492798,-0.869995,-0.015747,412.000000,642.779000,-46.325000,304.196000,3.117000,0.038000,3.141000,0
-0.223000,-1.786000,0.223200,-0.005371,0.011475,0.000367,-0.009766,0.016845,0.001587,-0.016968,-0.010132,0.012085,238.311000,-13.506200,-37.058200,-0.015747,-0.026978,0.999390,-0.869995,-0.492310,-0.026978,0.492798,-0.869995,-0.015747,412.000000,642.779000,-46.325000,304.196000,3.117000,0.038000,3.141000,0
-0.223000,-1.786000,0.223200,-0.005371,0.011475,0.000367,-0.009766,0.016845,0.001587,-0.016968,-0.010132,0.012085,238.311000,-13.506200,-37.058200,-0.015747,-0.026978,0.999390,-0.869995,-0.492310,-0.026978,0.492798,-0.869995,-0.015747,412.000000,642.779000,-46.325000,304.196000,3.117000,0.038000,3.141000,0
-0.223000,-1.786000,0.223200,-0.005371,0.011475,0.000367,-0.009766,0.016845,0.001587,-0.016968,-0.010132,0.012085,238.311000,-13.506200,-37.058200,-0.015747,-0.026978,0.999390,-0.869995,-0.492310,-0.026978,0.492798,-0.869995,-0.015747,412.000000,642.779000,-46.325000,304.196000,3.117000,0.038000,3.141000,0
-0.223000,-1.786000,0.223200,-0.005371,0.011475,0.000367,-0.009766,0.016845,0.001587,-0.017090,-0.010132,0.012085,238.311000,-13.506200,-37.058200,-0.015747,-0.026978,0.999390,-0.869995,-0.492310,-0.026978,0.492676,-0.869995,-0.015747,412.000000,642.779000,-46.325000,304.196000,3.117000,0.038000,3.141000,0
-0.223000,-1.786000,0.223200,-0.005371,0.011475,0.000367,-0.009766,0.016845,0.001709,-0.017090,-0.010132,0.012085,238.311000,-13.506200,-37.058200,-0.015747,-0.026978,0.999390,-0.869995,-0.492310,-0.026856,0.492676,-0.869995,-0.015747,412.000000,642.779000,-46.325000,304.196000,3.117000,0.038000,3.141000,0
-0.223000,-1.786000,0.223200,-0.005371,0.011475,0.000367,-0.009766,0.016845,0.001709,-0.017090,-0.010132,0.012085,238.311000,-13.506200,-37.058200,-0.015747,-0.026978,0.999390,-0.869995,-0.492310,-0.026856,0.492676,-0.869995,-0.015747,412.000000,642.779000,-46.325000,304.195000,3.117000,0.038000,3.141000,0
-0.223000,-1.786000,0.223200,-0.005249,0.011475,0.000367,-0.009766,0.016845,0.001709,-0.017090,-0.010132,0.012085,238.311000,-13.506200,-37.058200,-0.015625,-0.026978,0.999390,-0.869995,-0.492310,-0.026856,0.492676,-0.869995,-0.015747,412.000000,642.779000,-46.325000,304.195000,3.117000,0.038000,3.141000,0
-0.223000,-1.786000,0.223200,-0.005249,0.011475,0.000367,-0.009766,0.016845,0.001709,-0.017090,-0.010132,0.012085,238.311000,-13.506200,-37.058200,-0.015625,-0.026978,0.999390,-0.869995,-0.492310,-0.026856,0.492676,-0.869995,-0.015747,412.000000,642.779000,-46.325000,304.195000,3.117000,0.038000,3.141000,0
-0.223000,-1.786000,0.223200,-0.005249,0.011475,0.000367,-0.009766,0.016845,0.001709,-0.017090,-0.010132,0.012085,238.311000,-13.506200,-37.058200,-0.015625,-0.026978,0.999390,-0.869995,-0.492310,-0.026856,0.492676,-0.869995,-0.015747,412.000000,642.779000,-46.325000,304.196000,3.117000,0.038000,3.141000,0
-0.223000,-1.786000,0.223200,-0.005249,0.011475,0.000367,-0.009766,0.016845,0.001709,-0.017090,-0.010132,0.012085,238.311000,-13.506200,-37.058200,-0.015625,-0.026978,0.999390,-0.869995,-0.492310,-0.026856,0.492676,-0.869995,-0.015747,412.000000,642.779000,-46.325000,304.196000,3.117000,0.038000,3.141000,0
-0.223000,-1.786000,0.223200,-0.005249,0.011475,0.000367,-0.009766,0.016845,0.001709,-0.017090,-0.010132,0.012085,238.311000,-13.506200,-37.058200,-0.015625,-0.026978,0.999390,-0.869995,-0.492310,-0.026856,0.492676,-0.869995,-0.015747,412.000000,642.779000,-46.325000,304.196000,3.117000,0.038000,3.141000,0
-0.223000,-1.786000,0.223200,-0.005249,0.011475,0.000367,-0.009766,0.016845,0.001709,-0.016968,-0.010132,0.012085,238.311000,-13.506200,-37.058200,-0.015625,-0.026978,0.999390,-0.869995,-0.492310,-0.026856,0.492798,-0.869995,-0.015747,412.000000,642.779000,-46.325000,304.196000,3.117000,0.038000,3.141000,0
-0.223000,-1.786000,0.223200,-0.005249,0.011475,0.000367,-0.009766,0.016845,0.001709,-0.016968,-0.010132,0.012085,238.311000,-13.506200,-37.058200,-0.015625,-0.026978,0.999390,-0.869995,-0.492310,-0.026856,0.492798,-0.869995,-0.015747,412.000000,642.779000,-46.325000,304.196000,3.117000,0.038000,3.141000,0
-0.223000,-1.786000,0.223200,-0.005249,0.011475,0.000367,-0.009766,0.016845,0.001709,-0.016968,-0.010132,0.012085,238.311000,-13.506200,-37.058200,-0.015625,-0.026978,0.999390,-0.869995,-0.492310,-0.026856,0.492798,-0.869995,-0.015747,412.000000,642.779000,-46.325000,304.196000,3.117000,0.038000,3.141000,0
-0.223000,-1.786000,0.223200,-0.005249,0.011475,0.000367,-0.009766,0.016845,0.001709,-0.016968,-0.010132,0.012085,238.311000,-13.506200,-37.058200,-0.015625,-0.026978,0.999390,-0.869995,-0.492310,-0.026856,0.492798,-0.869995,-0.015747,412.000000,642.779000,-46.325000,304.196000,3.117000,0.038000,3.141000,0
-0.223000,-1.786000,0.223200,-0.005249,0.011475,0.000367,-0.009766,0.016845,0.001709,-0.017090,-0.010132,0.012085,238.311000,-13.506200,-37.058200,-0.015625,-0.026978,0.999390,-0.869995,-0.492310,-0.026856,0.492676,-0.869995,-0.015747,412.000000,642.779000,-46.325000,304.195000,3.117000,0.038000,3.141000,0
-0.223000,-1.786000,0.223200,-0.005249,0.011475,0.000367,-0.009766,0.016845,0.001709,-0.017090,-0.010132,0.012085,238.311000,-13.506200,-37.058200,-0.015625,-0.026978,0.999390,-0.869995,-0.492310,-0.026856,0.492676,-0.869995,-0.015747,412.000000,642.779000,-46.325000,304.195000,3.117000,0.038000,3.141000,0
-0.335000,-1.786000,0.223200,-0.005371,0.011475,0.000367,-0.009766,0.016845,0.001587,-0.017090,-0.010132,0.012085,238.199000,-13.506200,-37.058200,-0.015747,-0.026978,0.999390,-0.869995,-0.492310,-0.026978,0.492676,-0.869995,-0.015747,408.000000,642.779000,-46.325000,304.195000,3.117000,0.038000,3.141000,0
-0.335000,-1.786000,0.223200,-0.005371,0.011475,0.000367,-0.009766,0.016845,0.001587,-0.017090,-0.010132,0.012085,238.199000,-13.506200,-37.058200,-0.015747,-0.026978,0.999390,-0.869995,-0.492310,-0.026978,0.492676,-0.869995,-0.015747,408.000000,642.779000,-46.325000,304.196000,3.117000,0.038000,3.141000,0
-0.335000,-1.786000,0.223200,-0.005371,0.011475,0.000367,-0.009766,0.016845,0.001587,-0.017090,-0.010132,0.012085,238.199000,-13.506200,-37.058200,-0.015747,-0.026978,0.999390,-0.869995,-0.492310,-0.026978,0.492676,-0.869995,-0.015747,408.000000,642.779000,-46.325000,304.196000,3.117000,0.038000,3.141000,0
-0.335000,-1.786000,0.223200,-0.005371,0.011475,0.000367,-0.009888,0.016845,0.001587,-0.017090,-0.010254,0.012085,238.199000,-13.506200,-37.058200,-0.015747,-0.026978,0.999390,-0.870117,-0.492310,-0.026978,0.492676,-0.870117,-0.015747,408.000000,642.779000,-46.325000,304.196000,3.117000,0.038000,3.141000,0
-0.335000,-1.786000,0.223200,-0.005371,0.011475,0.000367,-0.009766,0.016845,0.001587,-0.017090,-0.010132,0.012085,238.199000,-13.506200,-37.058200,-0.015747,-0.026978,0.999390,-0.869995,-0.492310,-0.026978,0.492676,-0.869995,-0.015747,408.000000,642.779000,-46.325000,304.196000,3.117000,0.038000,3.141000,0
-0.335000,-1.786000,0.223200,-0.005371,0.011475,0.000367,-0.009766,0.016845,0.001587,-0.017090,-0.010132,0.012085,238.199000,-13.506200,-37.058200,-0.015747,-0.026978,0.999390,-0.869995,-0.492310,-0.026978,0.492676,-0.869995,-0.015747,408.000000,642.779000,-46.325000,304.195000,3.117000,0.038000,3.141000,0
-0.335000,-1.786000,0.223200,-0.005371,0.011475,0.000367,-0.009766,0.016845,0.001587,-0.017090,-0.010132,0.012085,238.199000,-13.506200,-37.058200,-0.015747,-0.026978,0.999390,-0.869995,-0.492310,-0.026978,0.492676,-0.869995,-0.015747,408.000000,642.779000,-46.325000,304.195000,3.117000,0.038000,3.141000,0
-0.335000,-1.786000,0.223200,-0.005371,0.011475,0.000367,-0.009766,0.016845,0.001587,-0.017090,-0.010132,0.012085,238.199000,-13.506200,-37.058200,-0.015747,-0.026978,0.999390,-0.869995,-0.492310,-0.026978,0.492676,-0.869995,-0.015747,408.000000,642.777000,-46.325000,304.195000,3.117000,0.038000,3.141000,0
-0.335000,-1.786000,0.223200,-0.005371,0.011475,0.000367,-0.009766,0.016845,0.001587,-0.016968,-0.010132,0.012207,238.199000,-13.506200,-37.058200,-0.015747,-0.026978,0.999390,-0.869995,-0.492310,-0.026978,0.492798,-0.869995,-0.015625,408.000000,642.774000,-46.325000,304.192000,3.117000,0.038000,3.141000,0
-0.335000,-1.786000,0.223200,-0.005371,0.011475,0.000367,-0.009766,0.016845,0.001587,-0.016968,-0.010132,0.012207,238.199000,-13.506200,-37.058200,-0.015747,-0.026978,0.999390,-0.869995,-0.492310,-0.026978,0.492798,-0.869995,-0.015625,408.000000,642.754000,-46.322000,304.172000,3.117000,0.038000,3.141000,0
-0.335000,-1.786000,0.223200,-0.005371,0.011475,0.000367,-0.009766,0.016845,0.001587,-0.016968,-0.010132,0.012207,238.199000,-13.506200,-37.058200,-0.015747,-0.026978,0.999390,-0.869995,-0.492310,-0.026978,0.492798,-0.869995,-0.015625,408.000000,642.712000,-46.318000,304.150000,3.117000,0.038000,3.141000,0
-0.335000,-1.786000,0.223200,-0.005371,0.011475,0.000367,-0.009766,0.016845,0.001587,-0.016968,-0.010132,0.012207,238.199000,-13.506200,-37.058200,-0.015747,-0.026978,0.999390,-0.869995,-0.492310,-0.026978,0.492798,-0.869995,-0.015625,408.000000,642.650000,-46.310000,304.130000,3.117000,0.038000,3.141000,0
-0.335000,-1.786000,0.223200,-0.005371,0.011475,0.000367,-0.009766,0.016845,0.001587,-0.016968,-0.010132,0.012207,238.199000,-13.506200,-37.058200,-0.015747,-0.026978,0.999390,-0.869995,-0.492310,-0.026978,0.492798,-0.869995,-0.015625,408.000000,642.566000,-46.300000,304.101000,3.117000,0.038000,3.141000,0
-0.335000,-1.786000,0.223200,-0.005371,0.011475,0.000367,-0.009766,0.016845,0.001587,-0.017090,-0.010132,0.012085,238.199000,-13.506200,-37.058200,-0.015747,-0.026978,0.999390,-0.869995,-0.492310,-0.026978,0.492676,-0.869995,-0.015747,408.000000,642.317000,-46.285000,304.032000,3.117000,0.038000,3.141000,0
-0.335000,-1.786000,0.223200,-0.005371,0.011475,0.000367,-0.009766,0.016845,0.001587,-0.017090,-0.010132,0.012085,238.199000,-13.506200,-37.058200,-0.015747,-0.026978,0.999390,-0.869995,-0.492310,-0.026978,0.492676,-0.869995,-0.015747,408.000000,642.122000,-46.280000,304.001000,3.117000,0.038000,3.141000,0
-0.335000,-1.786000,0.223200,-0.005371,0.011475,0.000367,-0.009766,0.016845,0.001587,-0.017090,-0.010132,0.012085,238.199000,-13.506200,-37.058200,-0.015747,-0.026978,0.999390,-0.869995,-0.492310,-0.026978,0.492676,-0.869995,-0.015747,408.000000,641.919000,-46.277000,303.985000,3.117000,0.038000,3.141000,0
-0.335000,-1.786000,0.223200,-0.005371,0.011475,0.000367,-0.009888,0.016845,0.001587,-0.017090,-0.010254,0.012085,238.199000,-13.506200,-37.058200,-0.015747,-0.026978,0.999390,-0.870117,-0.492310,-0.026978,0.492676,-0.870117,-0.015747,408.000000,641.700000,-46.275000,303.985000,3.117000,0.038000,3.141000,0
-0.335000,-1.786000,0.223200,-0.005371,0.011475,0.000367,-0.009888,0.016967,0.001587,-0.017090,-0.010254,0.012085,238.199000,-13.506200,-37.058200,-0.015747,-0.026978,0.999390,-0.870117,-0.492188,-0.026978,0.492676,-0.870117,-0.015747,408.000000,641.452000,-46.275000,303.984000,3.117000,0.038000,3.141000,0
-0.335000,-1.786000,0.223200,-0.005371,0.011475,0.000367,-0.009888,0.016967,0.001587,-0.017090,-0.010254,0.012085,238.199000,-13.506200,-37.058200,-0.015747,-0.026978,0.999390,-0.870117,-0.492188,-0.026978,0.492676,-0.870117,-0.015747,408.000000,641.180000,-46.274000,303.983000,3.117000,0.038000,3.141000,0
-0.335000,-1.786000,0.223200,-0.005371,0.011475,0.000367,-0.009888,0.016967,0.001587,-0.017212,-0.010254,0.012085,238.199000,-13.506200,-37.058200,-0.015747,-0.026978,0.999390,-0.870117,-0.492188,-0.026978,0.492554,-0.870117,-0.015747,408.000000,640.925000,-46.274000,304.000000,3.117000,0.038000,3.141000,0
-0.335000,-1.786000,0.223200,-0.005493,0.011475,0.000367,-0.009888,0.017090,0.001587,-0.017212,-0.010254,0.012207,238.199000,-13.506200,-37.058200,-0.015869,-0.026978,0.999390,-0.870117,-0.492065,-0.026978,0.492554,-0.870117,-0.015625,404.000000,640.617000,-46.274000,304.028000,3.117000,0.038000,3.141000,0
-0.335000,-1.786000,0.223200,-0.005493,0.011597,0.000367,-0.009888,0.017090,0.001465,-0.017334,-0.010254,0.012207,238.199000,-13.506200,-37.058200,-0.015869,-0.026856,0.999390,-0.870117,-0.492065,-0.027100,0.492432,-0.870117,-0.015625,404.000000,640.068000,-46.280000,304.086000,3.117000,0.038000,3.141000,0
-0.335000,-1.786000,0.223200,-0.005493,0.011597,0.000367,-0.010010,0.017090,0.001465,-0.017334,-0.010376,0.012207,238.199000,-13.506200,-37.058200,-0.015869,-0.026856,0.999390,-0.870239,-0.492065,-0.027100,0.492432,-0.870239,-0.015625,404.000000,639.791000,-46.287000,304.124000,3.117000,0.038000,3.141000,0
-0.335000,-1.786000,0.223200,-0.005493,0.011597,0.000367,-0.010010,0.017212,0.001465,-0.017334,-0.010376,0.012329,238.199000,-13.506200,-37.058200,-0.015869,-0.026856,0.999390,-0.870239,-0.491943,-0.027100,0.492432,-0.870239,-0.015503,408.000000,639.514000,-46.297000,304.143000,3.117000,0.038000,3.141000,0
-0.335000,-1.786000,0.223200,-0.005615,0.011597,0.000367,-0.010010,0.017212,0.001465,-0.017334,-0.010376,0.012329,238.199000,-13.506200,-37.058200,-0.015991,-0.026856,0.999390,-0.870239,-0.491943,-0.027100,0.492432,-0.870239,-0.015503,408.000000,639.269000,-46.303000,304.160000,3.117000,0.039000,3.141000,0
-0.335000,-1.786000,0.223200,-0.005615,0.011719,0.000367,-0.010010,0.017212,0.001465,-0.017456,-0.010376,0.012451,238.199000,-13.506200,-37.058200,-0.015991,-0.026733,0.999390,-0.870239,-0.491943,-0.027100,0.492310,-0.870239,-0.015381,408.000000,638.964000,-46.304000,304.177000,3.117000,0.039000,3.141000,0
-0.335000,-1.786000,0.223200,-0.005737,0.011719,0.000367,-0.010010,0.017334,0.001465,-0.017456,-0.010376,0.012451,238.199000,-13.506200,-37.058200,-0.016113,-0.026733,0.999390,-0.870239,-0.491821,-0.027100,0.492310,-0.870239,-0.015381,408.000000,638.685000,-46.306000,304.180000,3.117000,0.038000,3.141000,0
-0.335000,-1.786000,0.334800,-0.005737,0.011719,0.000367,-0.010132,0.017334,0.001343,-0.017578,-0.010498,0.012573,238.199000,-13.506200,-36.946600,-0.016113,-0.026733,0.999390,-0.870361,-0.491821,-0.027222,0.492188,-0.870361,-0.015259,408.000000,638.418000,-46.309000,304.194000,3.117000,0.039000,3.141000,0
-0.335000,-1.786000,0.334800,-0.005859,0.011841,0.000367,-0.010132,0.017334,0.001343,-0.017578,-0.010498,0.012573,238.199000,-13.506200,-36.946600,-0.016235,-0.026611,0.999390,-0.870361,-0.491821,-0.027222,0.492188,-0.870361,-0.015259,408.000000,638.154000,-46.312000,304.212000,3.117000,0.039000,3.141000,0
-0.335000,-1.786000,0.334800,-0.005859,0.011841,0.000367,-0.010132,0.017456,0.001343,-0.017578,-0.010498,0.012695,238.199000,-13.506200,-36.946600,-0.016235,-0.026611,0.999390,-0.870361,-0.491699,-0.027222,0.492188,-0.870361,-0.015137,408.000000,637.893000,-46.315000,304.234000,3.117000,0.039000,3.141000,0
-0.335000,-1.786000,0.334800,-0.005981,0.011963,0.000367,-0.010132,0.017456,0.001343,-0.017701,-0.010498,0.012817,238.199000,-13.506200,-36.946600,-0.016357,-0.026489,0.999390,-0.870361,-0.491699,-0.027222,0.492065,-0.870361,-0.015015,408.000000,637.652000,-46.318000,304.235000,3.117000,0.039000,3.141000,0
-0.335000,-1.786000,0.334800,-0.005981,0.011963,0.000367,-0.010132,0.017578,0.001221,-0.017701,-0.010620,0.012817,238.199000,-13.506200,-36.946600,-0.016357,-0.026489,0.999390,-0.870361,-0.491577,-0.027344,0.492065,-0.870483,-0.015015,412.000000,637.369000,-46.323000,304.246000,3.117000,0.039000,3.141000,0
-0.335000,-1.786000,0.334800,-0.006104,0.012085,0.000367,-0.010254,0.017578,0.001221,-0.017823,-0.010620,0.012939,238.199000,-13.506200,-36.946600,-0.016480,-0.026367,0.999390,-0.870483,-0.491577,-0.027344,0.491943,-0.870483,-0.014893,412.000000,637.109000,-46.331000,304.256000,3.117000,0.039000,3.141000,0
-0.335000,-1.786000,0.334800,-0.006104,0.012085,0.000367,-0.010254,0.017700,0.001221,-0.017823,-0.010620,0.013061,238.199000,-13.506200,-36.946600,-0.016480,-0.026367,0.999390,-0.870483,-0.491455,-0.027344,0.491943,-0.870483,-0.014771,412.000000,636.844000,-46.339000,304.258000,3.117000,0.039000,3.141000,0
-0.335000,-1.786000,0.334800,-0.006226,0.012207,0.000367,-0.010254,0.017700,0.001221,-0.017945,-0.010742,0.013061,238.199000,-13.506200,-36.946600,-0.016602,-0.026245,0.999390,-0.870483,-0.491455,-0.027344,0.491821,-0.870605,-0.014771,412.000000,636.575000,-46.344000,304.253000,3.117000,0.039000,3.141000,0
-0.335000,-1.897600,0.334800,-0.006226,0.012207,0.000367,-0.010376,0.017822,0.001221,-0.018067,-0.010742,0.013184,238.199000,-13.617800,-36.946600,-0.016602,-0.026245,0.999390,-0.870605,-0.491333,-0.027344,0.491699,-0.870605,-0.014648,416.000000,636.303000,-46.345000,304.247000,3.117000,0.039000,3.141000,0
-0.335000,-1.897600,0.334800,-0.006348,0.012329,0.000367,-0.010376,0.017944,0.001221,-0.018067,-0.010742,0.013306,238.199000,-13.617800,-36.946600,-0.016724,-0.026123,0.999390,-0.870605,-0.491211,-0.027344,0.491699,-0.870605,-0.014526,416.000000,636.063000,-46.345000,304.244000,3.117000,0.039000,3.141000,0
-0.335000,-1.897600,0.334800,-0.006470,0.012451,0.000367,-0.010376,0.017944,0.001099,-0.018189,-0.010865,0.013428,238.199000,-13.617800,-36.946600,-0.016846,-0.026001,0.999390,-0.870605,-0.491211,-0.027466,0.491577,-0.870728,-0.014404,416.000000,635.760000,-46.343000,304.229000,3.117000,0.039000,3.141000,0
-0.335000,-1.897600,0.334800,-0.006470,0.012451,0.000367,-0.010499,0.018066,0.001099,-0.018311,-0.010865,0.013550,238.199000,-13.617800,-36.946600,-0.016846,-0.026001,0.999390,-0.870728,-0.491089,-0.027466,0.491455,-0.870728,-0.014282,420.000000,635.482000,-46.341000,304.219000,3.117000,0.039000,3.141000,0
-0.335000,-1.897600,0.334800,-0.006592,0.012573,0.000367,-0.010499,0.018066,0.001099,-0.018311,-0.010865,0.013550,238.199000,-13.617800,-36.946600,-0.016968,-0.025879,0.999390,-0.870728,-0.491089,-0.027466,0.491455,-0.870728,-0.014282,420.000000,635.202000,-46.338000,304.205000,3.117000,0.039000,3.141000,0
-0.335000,-1.897600,0.334800,-0.006714,0.012695,0.000367,-0.010621,0.018188,0.001099,-0.018433,-0.010987,0.013672,238.199000,-13.617800,-36.946600,-0.017090,-0.025757,0.999390,-0.870850,-0.490967,-0.027466,0.491333,-0.870850,-0.014160,420.000000,634.921000,-46.334000,304.197000,3.117000,0.039000,3.141000,0
-0.335000,-1.897600,0.334800,-0.006714,0.012695,0.000367,-0.010621,0.018310,0.000977,-0.018555,-0.010987,0.013794,238.199000,-13.617800,-36.946600,-0.017090,-0.025757,0.999390,-0.870850,-0.490845,-0.027588,0.491211,-0.870850,-0.014038,424.000000,634.637000,-46.330000,304.182000,3.117000,0.039000,3.141000,0
-0.335000,-1.897600,0.334800,-0.006836,0.012817,0.000367,-0.010621,0.018432,0.000977,-0.018677,-0.011109,0.014038,238.199000,-13.617800,-36.946600,-0.017212,-0.025635,0.999390,-0.870850,-0.490723,-0.027588,0.491089,-0.870972,-0.013794,424.000000,634.383000,-46.327000,304.170000,3.117000,0.039000,3.141000,0
-0.335000,-1.897600,0.334800,-0.006958,0.012939,0.000367,-0.010743,0.018554,0.000977,-0.018677,-0.011109,0.014160,238.199000,-13.617800,-36.946600,-0.017334,-0.025513,0.999390,-0.870972,-0.490601,-0.027588,0.491089,-0.870972,-0.013672,428.000000,634.074000,-46.324000,304.156000,3.117000,0.039000,3.141000,0
-0.335000,-1.897600,0.334800,-0.007080,0.013062,0.000367,-0.010743,0.018676,0.000855,-0.018799,-0.011231,0.014282,238.199000,-13.617800,-36.946600,-0.017456,-0.025391,0.999390,-0.870972,-0.490479,-0.027710,0.490967,-0.871094,-0.013550,428.000000,633.792000,-46.324000,304.140000,3.117000,0.039000,3.141000,0
-0.446000,-1.897600,0.334800,-0.007324,0.013184,0.000367,-0.010865,0.018799,0.000855,-0.019043,-0.011353,0.014526,238.088000,-13.617800,-36.946600,-0.017700,-0.025269,0.999390,-0.871094,-0.490356,-0.027710,0.490723,-0.871216,-0.013306,432.000000,633.515000,-46.324000,304.125000,3.117000,0.038000,3.141000,0
-0.446000,-2.009200,0.334800,-0.007446,0.013306,0.000367,-0.010987,0.018921,0.000733,-0.019165,-0.011353,0.014648,238.088000,-13.729400,-36.946600,-0.017822,-0.025146,0.999390,-0.871216,-0.490234,-0.027832,0.490601,-0.871216,-0.013184,432.000000,633.239000,-46.325000,304.121000,3.117000,0.038000,3.141000,0
-0.446000,-2.009200,0.446400,-0.007568,0.013428,0.000367,-0.011109,0.019165,0.000610,-0.019410,-0.011475,0.014892,238.088000,-13.729400,-36.835000,-0.017944,-0.025024,0.999390,-0.871338,-0.489990,-0.027954,0.490356,-0.871338,-0.012939,436.000000,632.965000,-46.331000,304.128000,3.117000,0.039000,3.141000,0
-0.446000,-2.009200,0.446400,-0.007813,0.013672,0.000367,-0.011109,0.019287,0.000610,-0.019532,-0.011597,0.015015,238.088000,-13.729400,-36.835000,-0.018188,-0.024780,0.999390,-0.871338,-0.489868,-0.027954,0.490234,-0.871460,-0.012817,436.000000,632.717000,-46.335000,304.128000,3.117000,0.039000,3.141000,0
-0.446000,-2.009200,0.446400,-0.007935,0.013794,0.000367,-0.011231,0.019531,0.000488,-0.019654,-0.011719,0.015259,238.088000,-13.729400,-36.835000,-0.018311,-0.024658,0.999390,-0.871460,-0.489624,-0.028076,0.490112,-0.871582,-0.012573,440.000000,632.409000,-46.340000,304.132000,3.117000,0.038000,3.141000,0
-0.446000,-2.009200,0.446400,-0.008057,0.013916,0.000367,-0.011353,0.019775,0.000488,-0.019898,-0.011841,0.015503,238.088000,-13.729400,-36.835000,-0.018433,-0.024536,0.999390,-0.871582,-0.489380,-0.028076,0.489868,-0.871704,-0.012329,444.000000,632.137000,-46.343000,304.142000,3.117000,0.039000,3.141000,0
-0.446000,-2.009200,0.446400,-0.008301,0.014160,0.000367,-0.011475,0.019897,0.000366,-0.020142,-0.011963,0.015747,238.088000,-13.729400,-36.835000,-0.018677,-0.024292,0.999390,-0.871704,-0.489258,-0.028198,0.489624,-0.871826,-0.012085,444.000000,631.860000,-46.346000,304.140000,3.117000,0.039000,3.141000,0
-0.446000,-2.120800,0.446400,-0.008545,0.014282,0.000367,-0.011597,0.020019,0.000366,-0.020264,-0.012085,0.015991,238.088000,-13.841000,-36.835000,-0.018921,-0.024170,0.999390,-0.871826,-0.489136,-0.028198,0.489502,-0.871948,-0.011841,448.000000,631.584000,-46.346000,304.141000,3.117000,0.039000,3.141000,0
-0.446000,-2.120800,0.446400,-0.008667,0.014526,0.000367,-0.011597,0.020263,0.000244,-0.020386,-0.012085,0.016235,238.088000,-13.841000,-36.835000,-0.019043,-0.023926,0.999390,-0.871826,-0.488892,-0.028320,0.489380,-0.871948,-0.011597,452.000000,631.305000,-46.344000,304.153000,3.117000,0.039000,3.141000,0
-0.446000,-2.120800,0.446400,-0.008789,0.014648,0.000367,-0.011719,0.020385,0.000244,-0.020508,-0.012207,0.016357,238.088000,-13.841000,-36.835000,-0.019165,-0.023804,0.999390,-0.871948,-0.488770,-0.028320,0.489258,-0.872070,-0.011475,456.000000,631.054000,-46.343000,304.158000,3.117000,0.039000,3.141000,0
-0.558000,-2.120800,0.446400,-0.009033,0.014771,0.000367,-0.011841,0.020508,0.000122,-0.020752,-0.012329,0.016601,237.976000,-13.841000,-36.835000,-0.019409,-0.023682,0.999390,-0.872070,-0.488647,-0.028442,0.489014,-0.872192,-0.011230,464.000000,630.752000,-46.342000,304.157000,3.117000,0.039000,3.141000,0
-0.558000,-2.120800,0.446400,-0.009155,0.014893,0.000367,-0.011841,0.020630,0.000122,-0.020874,-0.012329,0.016846,237.976000,-13.841000,-36.835000,-0.019531,-0.023560,0.999390,-0.872070,-0.488525,-0.028442,0.488892,-0.872192,-0.010986,468.000000,630.470000,-46.339000,304.160000,3.117000,0.039000,3.141000,0
-0.558000,-2.120800,0.558100,-0.009277,0.015137,0.000367,-0.011963,0.020752,0.000000,-0.020996,-0.012451,0.017090,237.976000,-13.841000,-36.723300,-0.019653,-0.023315,0.999390,-0.872192,-0.488403,-0.028564,0.488770,-0.872314,-0.010742,472.000000,630.181000,-46.335000,304.164000,3.117000,0.039000,3.141000,0
-0.558000,-2.120800,0.558100,-0.009521,0.015137,0.000367,-0.012085,0.020874,-0.000122,-0.021119,-0.012574,0.017212,237.976000,-13.841000,-36.723300,-0.019897,-0.023315,0.999390,-0.872314,-0.488281,-0.028687,0.488647,-0.872437,-0.010620,476.000000,629.896000,-46.333000,304.158000,3.117000,0.038000,3.141000,0
-0.558000,-2.232400,0.558100,-0.009643,0.015259,0.000367,-0.012085,0.020996,-0.000122,-0.021241,-0.012574,0.017334,237.976000,-13.952600,-36.723300,-0.020019,-0.023193,0.999390,-0.872314,-0.488159,-0.028687,0.488525,-0.872437,-0.010498,484.000000,629.618000,-46.331000,304.157000,3.117000,0.039000,3.141000,0
-0.558000,-2.232400,0.558100,-0.009766,0.015503,0.000367,-0.012208,0.021240,-0.000244,-0.021485,-0.012696,0.017578,237.976000,-13.952600,-36.723300,-0.020142,-0.022949,0.999390,-0.872437,-0.487915,-0.028809,0.488281,-0.872559,-0.010254,488.000000,629.363000,-46.328000,304.159000,3.117000,0.039000,3.141000,0
-0.558000,-2.232400,0.558100,-0.010010,0.015503,0.000367,-0.012208,0.021362,-0.000366,-0.021607,-0.012818,0.017822,237.976000,-13.952600,-36.723300,-0.020386,-0.022949,0.999390,-0.872437,-0.487793,-0.028931,0.488159,-0.872681,-0.010010,496.000000,629.051000,-46.324000,304.162000,3.117000,0.039000,3.141000,0
-0.558000,-2.232400,0.558100,-0.010132,0.015747,0.000367,-0.012330,0.021484,-0.000488,-0.021729,-0.012940,0.017944,237.976000,-13.952600,-36.723300,-0.020508,-0.022705,0.999390,-0.872559,-0.487671,-0.029053,0.488037,-0.872803,-0.009888,500.000000,628.772000,-46.323000,304.162000,3.117000,0.039000,3.141000,0
-0.558000,-2.232400,0.558100,-0.010376,0.015869,0.000367,-0.012452,0.021728,-0.000488,-0.021973,-0.012940,0.018188,237.976000,-13.952600,-36.723300,-0.020752,-0.022583,0.999390,-0.872681,-0.487427,-0.029053,0.487793,-0.872803,-0.009644,508.000000,628.494000,-46.323000,304.165000,3.117000,0.039000,3.141000,0
-0.558000,-2.232400,0.558100,-0.010498,0.015991,0.000367,-0.012574,0.021850,-0.000610,-0.022095,-0.013062,0.018311,237.976000,-13.952600,-36.723300,-0.020874,-0.022461,0.999390,-0.872803,-0.487305,-0.029175,0.487671,-0.872925,-0.009521,512.000000,628.216000,-46.324000,304.180000,3.117000,0.039000,3.141000,0
-0.669000,-2.232400,0.558100,-0.010742,0.016113,0.000367,-0.012696,0.021972,-0.000732,-0.022339,-0.013184,0.018555,237.865000,-13.952600,-36.723300,-0.021118,-0.022339,0.999390,-0.872925,-0.487183,-0.029297,0.487427,-0.873047,-0.009277,520.000000,627.930000,-46.327000,304.184000,3.117000,0.039000,3.141000,0
-0.669000,-2.344100,0.558100,-0.010864,0.016235,0.000367,-0.012696,0.022217,-0.000854,-0.022461,-0.013306,0.018799,237.865000,-14.064300,-36.723300,-0.021240,-0.022217,0.999390,-0.872925,-0.486938,-0.029419,0.487305,-0.873169,-0.009033,524.000000,627.679000,-46.331000,304.197000,3.117000,0.039000,3.141000,0
-0.669000,-2.344100,0.669700,-0.011108,0.016479,0.000367,-0.012818,0.022339,-0.000977,-0.022705,-0.013428,0.019043,237.865000,-14.064300,-36.611700,-0.021484,-0.021973,0.999390,-0.873047,-0.486816,-0.029541,0.487061,-0.873291,-0.008789,536.000000,627.379000,-46.338000,304.212000,3.117000,0.039000,3.141000,0
-0.669000,-2.344100,0.669700,-0.011353,0.016602,0.000367,-0.012940,0.022583,-0.000977,-0.022828,-0.013550,0.019287,237.865000,-14.064300,-36.611700,-0.021729,-0.021851,0.999390,-0.873169,-0.486572,-0.029541,0.486938,-0.873413,-0.008545,540.000000,627.097000,-46.344000,304.215000,3.117000,0.039000,3.141000,0
-0.669000,-2.344100,0.669700,-0.011475,0.016724,0.000367,-0.013062,0.022705,-0.001099,-0.022950,-0.013550,0.019409,237.865000,-14.064300,-36.611700,-0.021851,-0.021729,0.999390,-0.873291,-0.486450,-0.029663,0.486816,-0.873413,-0.008423,548.000000,626.819000,-46.349000,304.214000,3.117000,0.039000,3.141000,0
-0.669000,-2.344100,0.669700,-0.011719,0.016968,0.000367,-0.013184,0.022949,-0.001221,-0.023194,-0.013794,0.019775,237.865000,-14.064300,-36.611700,-0.022095,-0.021484,0.999390,-0.873413,-0.486206,-0.029785,0.486572,-0.873657,-0.008057,556.000000,626.538000,-46.350000,304.215000,3.117000,0.039000,3.141000,0
-0.781000,-2.344100,0.669700,-0.011841,0.017090,0.000367,-0.013184,0.023071,-0.001221,-0.023438,-0.013794,0.020019,237.753000,-14.064300,-36.611700,-0.022217,-0.021362,0.999390,-0.873413,-0.486084,-0.029785,0.486328,-0.873657,-0.007813,564.000000,626.258000,-46.352000,304.218000,3.117000,0.039000,3.141000,0
-0.781000,-2.455700,0.669700,-0.012207,0.017334,0.000367,-0.013306,0.023315,-0.001343,-0.023682,-0.013916,0.020264,237.753000,-14.175900,-36.611700,-0.022583,-0.021118,0.999390,-0.873535,-0.485840,-0.029907,0.486084,-0.873779,-0.007568,572.000000,626.002000,-46.353000,304.215000,3.117000,0.039000,3.141000,0
-0.781000,-2.455700,0.669700,-0.012329,0.017456,0.000367,-0.013428,0.023559,-0.001465,-0.023804,-0.014038,0.020508,237.753000,-14.175900,-36.611700,-0.022705,-0.020996,0.999390,-0.873657,-0.485596,-0.030029,0.485962,-0.873901,-0.007324,580.000000,625.684000,-46.351000,304.205000,3.117000,0.039000,3.141000,0
-0.781000,-2.455700,0.669700,-0.012573,0.017700,0.000367,-0.013550,0.023803,-0.001587,-0.024048,-0.014160,0.020752,237.753000,-14.175900,-36.611700,-0.022949,-0.020752,0.999390,-0.873779,-0.485352,-0.030151,0.485718,-0.874023,-0.007080,592.000000,625.393000,-46.346000,304.195000,3.117000,0.039000,3.141000,0
-0.781000,-2.455700,0.669700,-0.012695,0.017822,0.000367,-0.013672,0.023926,-0.001587,-0.024170,-0.014283,0.020996,237.753000,-14.175900,-36.611700,-0.023071,-0.020630,0.999390,-0.873901,-0.485229,-0.030151,0.485596,-0.874146,-0.006836,596.000000,625.107000,-46.342000,304.180000,3.117000,0.039000,3.141000,0
-0.781000,-2.455700,0.781300,-0.012817,0.017944,0.000367,-0.013672,0.024048,-0.001709,-0.024292,-0.014405,0.021240,237.753000,-14.175900,-36.500100,-0.023193,-0.020508,0.999390,-0.873901,-0.485107,-0.030273,0.485474,-0.874268,-0.006592,604.000000,624.819000,-46.336000,304.159000,3.117000,0.039000,3.141000,0
-0.893000,-2.567300,0.781300,-0.013062,0.018188,0.000367,-0.013794,0.024292,-0.001831,-0.024537,-0.014527,0.021484,237.641000,-14.287500,-36.500100,-0.023438,-0.020264,0.999390,-0.874023,-0.484863,-0.030395,0.485229,-0.874390,-0.006348,616.000000,624.530000,-46.330000,304.146000,3.117000,0.039000,3.141000,0
-0.893000,-2.567300,0.781300,-0.013306,0.018311,0.000367,-0.013917,0.024414,-0.001831,-0.024659,-0.014649,0.021728,237.641000,-14.287500,-36.500100,-0.023682,-0.020142,0.999390,-0.874146,-0.484741,-0.030395,0.485107,-0.874512,-0.006104,624.000000,624.274000,-46.324000,304.136000,3.117000,0.039000,3.141000,0
-0.893000,-2.567300,0.781300,-0.013428,0.018433,0.000367,-0.014039,0.024536,-0.001953,-0.024903,-0.014649,0.021851,237.641000,-14.287500,-36.500100,-0.023804,-0.020019,0.999390,-0.874268,-0.484619,-0.030518,0.484863,-0.874512,-0.005981,628.000000,623.960000,-46.320000,304.118000,3.117000,0.039000,3.141000,0
-0.893000,-2.567300,0.781300,-0.013672,0.018677,0.000367,-0.014161,0.024780,-0.002075,-0.025147,-0.014771,0.022217,237.641000,-14.287500,-36.500100,-0.024048,-0.019775,0.999390,-0.874390,-0.484375,-0.030640,0.484619,-0.874634,-0.005615,640.000000,623.672000,-46.316000,304.116000,3.117000,0.039000,3.141000,0
-0.893000,-2.567300,0.781300,-0.013916,0.018921,0.000367,-0.014161,0.024902,-0.002075,-0.025269,-0.014893,0.022461,237.641000,-14.287500,-36.500100,-0.024292,-0.019531,0.999390,-0.874390,-0.484253,-0.030640,0.484497,-0.874756,-0.005371,648.000000,623.387000,-46.314000,304.127000,3.117000,0.039000,3.141000,0
-0.893000,-2.567300,0.781300,-0.014160,0.019165,0.000367,-0.014283,0.025146,-0.002197,-0.025513,-0.015015,0.022827,237.641000,-14.287500,-36.500100,-0.024536,-0.019287,0.999390,-0.874512,-0.484009,-0.030762,0.484253,-0.874878,-0.005005,660.000000,623.100000,-46.314000,304.124000,3.117000,0.039000,3.141000,0
-1.004000,-2.678900,0.781300,-0.014282,0.019287,0.000367,-0.014405,0.025390,-0.002319,-0.025635,-0.015137,0.022949,237.530000,-14.399100,-36.500100,-0.024658,-0.019165,0.999390,-0.874634,-0.483765,-0.030884,0.484131,-0.875000,-0.004883,668.000000,622.819000,-46.318000,304.133000,3.117000,0.039000,3.141000,0
-1.004000,-2.678900,0.781300,-0.014648,0.019531,0.000367,-0.014527,0.025512,-0.002441,-0.025879,-0.015259,0.023315,237.530000,-14.399100,-36.500100,-0.025024,-0.018921,0.999390,-0.874756,-0.483643,-0.031006,0.483887,-0.875122,-0.004517,680.000000,622.565000,-46.320000,304.150000,3.117000,0.039000,3.141000,0
-1.004000,-2.678900,0.781300,-0.014770,0.019653,0.000367,-0.014649,0.025757,-0.002563,-0.026001,-0.015381,0.023560,237.530000,-14.399100,-36.500100,-0.025146,-0.018799,0.999390,-0.874878,-0.483398,-0.031128,0.483765,-0.875244,-0.004272,688.000000,622.253000,-46.323000,304.168000,3.117000,0.039000,3.141000,0
-1.004000,-2.678900,0.892900,-0.015015,0.019775,0.000367,-0.014649,0.025879,-0.002563,-0.026245,-0.015381,0.023804,237.530000,-14.399100,-36.388500,-0.025391,-0.018677,0.999390,-0.874878,-0.483276,-0.031128,0.483521,-0.875244,-0.004028,696.000000,621.970000,-46.326000,304.175000,3.117000,0.039000,3.141000,0
-1.004000,-2.678900,0.892900,-0.015259,0.020020,0.000367,-0.014771,0.026123,-0.002808,-0.026490,-0.015503,0.024170,237.530000,-14.399100,-36.388500,-0.025635,-0.018433,0.999390,-0.875000,-0.483032,-0.031372,0.483276,-0.875366,-0.003662,712.000000,621.683000,-46.329000,304.189000,3.117000,0.039000,3.141000,0
-1.116000,-2.678900,0.892900,-0.015503,0.020264,0.000367,-0.014893,0.026245,-0.002930,-0.026612,-0.015625,0.024292,237.418000,-14.399100,-36.388500,-0.025879,-0.018188,0.999390,-0.875122,-0.482910,-0.031494,0.483154,-0.875488,-0.003540,720.000000,621.394000,-46.329000,304.204000,3.117000,0.039000,3.141000,0
-1.116000,-2.678900,0.892900,-0.015747,0.020386,0.000367,-0.015015,0.026367,-0.003052,-0.026734,-0.015747,0.024536,237.418000,-14.399100,-36.388500,-0.026123,-0.018066,0.999390,-0.875244,-0.482788,-0.031616,0.483032,-0.875610,-0.003296,728.000000,621.104000,-46.333000,304.209000,3.117000,0.039000,3.141000,0
-1.116000,-2.790500,0.892900,-0.015991,0.020630,0.000367,-0.015137,0.026611,-0.003174,-0.026978,-0.015869,0.024902,237.418000,-14.510700,-36.388500,-0.026367,-0.017822,0.999390,-0.875366,-0.482544,-0.031738,0.482788,-0.875732,-0.002930,740.000000,620.849000,-46.336000,304.218000,3.117000,0.039000,3.141000,0
-1.116000,-2.790500,0.892900,-0.016235,0.020752,0.000367,-0.015137,0.026733,-0.003296,-0.027100,-0.015991,0.025146,237.418000,-14.510700,-36.388500,-0.026611,-0.017700,0.999390,-0.875366,-0.482422,-0.031860,0.482666,-0.875854,-0.002686,748.000000,620.530000,-46.339000,304.230000,3.117000,0.039000,3.141000,0
-1.228000,-2.790500,0.892900,-0.016602,0.020874,0.000367,-0.015259,0.026977,-0.003418,-0.027344,-0.015991,0.025391,237.306000,-14.510700,-36.388500,-0.026978,-0.017578,0.999390,-0.875488,-0.482178,-0.031982,0.482422,-0.875854,-0.002441,764.000000,620.233000,-46.341000,304.226000,3.117000,0.039000,3.141000,0
-1.228000,-2.790500,0.892900,-0.016724,0.020996,0.000367,-0.015381,0.027099,-0.003540,-0.027466,-0.016114,0.025635,237.306000,-14.510700,-36.388500,-0.027100,-0.017456,0.999390,-0.875610,-0.482056,-0.032105,0.482300,-0.875977,-0.002197,772.000000,619.944000,-46.344000,304.213000,3.117000,0.039000,3.141000,0
-1.228000,-2.790500,0.892900,-0.016968,0.021240,0.000367,-0.015381,0.027221,-0.003662,-0.027588,-0.016236,0.025879,237.306000,-14.510700,-36.388500,-0.027344,-0.017212,0.999390,-0.875610,-0.481934,-0.032227,0.482178,-0.876099,-0.001953,780.000000,619.658000,-46.345000,304.201000,3.117000,0.039000,3.141000,0
-1.228000,-2.790500,1.004500,-0.017212,0.021362,0.000367,-0.015503,0.027343,-0.003784,-0.027710,-0.016236,0.026123,237.306000,-14.510700,-36.276900,-0.027588,-0.017090,0.999390,-0.875732,-0.481812,-0.032349,0.482056,-0.876099,-0.001709,792.000000,619.365000,-46.346000,304.186000,3.117000,0.039000,3.141000,0
-1.228000,-2.790500,1.004500,-0.017456,0.021484,0.000245,-0.015503,0.027466,-0.003906,-0.027832,-0.016358,0.026367,237.306000,-14.510700,-36.276900,-0.027832,-0.016968,0.999268,-0.875732,-0.481689,-0.032471,0.481934,-0.876221,-0.001465,804.000000,619.098000,-46.345000,304.165000,3.117000,0.039000,3.141000,0
-1.339000,-2.902200,1.004500,-0.017700,0.021729,0.000245,-0.015625,0.027710,-0.004028,-0.028077,-0.016480,0.026733,237.195000,-14.622400,-36.276900,-0.028076,-0.016724,0.999268,-0.875854,-0.481445,-0.032593,0.481689,-0.876343,-0.001099,816.000000,618.779000,-46.344000,304.149000,3.117000,0.038000,3.141000,0
-1.339000,-2.902200,1.004500,-0.017944,0.021851,0.000245,-0.015748,0.027832,-0.004150,-0.028199,-0.016480,0.026978,237.195000,-14.622400,-36.276900,-0.028320,-0.016602,0.999268,-0.875977,-0.481323,-0.032715,0.481567,-0.876343,-0.000854,824.000000,618.521000,-46.341000,304.142000,3.117000,0.038000,3.141000,0
