Dif_X,Dif_Y,Dif_Z,Dif_X1,Dif_X2,Dif_X3,Dif_Y1,Dif_Y2,Dif_Y3,Dif_Z1,Dif_Z2,Dif_Z3,NDI_X,NDI_Y,NDI_Z,NDI_Rot_X1,NDI_Rot_X2,NDI_Rot_X3,NDI_Rot_Y1,NDI_Rot_Y2,NDI_Rot_Y3,NDI_Rot_Z1,NDI_Rot_Z2,NDI_Rot_Z3,NDI_Quality,Kuka_X,Kuka_Y,Kuka_Z,Kuka_A,Kuka_B,Kuka_C,Kuka_TSL
-1.005000,-3.460280,1.674300,-0.026245,0.023193,-0.000123,-0.016846,0.031616,-0.011597,-0.032226,-0.017944,0.031494,237.306000,8.594820,-35.718800,-0.039063,-0.013550,0.999023,-0.885376,-0.463135,-0.040894,0.463135,-0.886230,0.005981,1072.000000,641.704000,-46.364000,304.176000,3.117000,0.038000,3.141000,0
-1.005000,-3.460280,1.674300,-0.026245,0.023193,-0.000123,-0.016846,0.031616,-0.011597,-0.032226,-0.017944,0.031494,237.306000,8.594820,-35.718800,-0.039063,-0.013550,0.999023,-0.885376,-0.463135,-0.040894,0.463135,-0.886230,0.005981,1076.000000,641.704000,-46.364000,304.176000,3.117000,0.038000,3.141000,0
-1.005000,-3.460280,1.674300,-0.026245,0.023193,-0.000123,-0.016846,0.031738,-0.011597,-0.032226,-0.017944,0.031494,237.306000,8.594820,-35.718800,-0.039063,-0.013550,0.999023,-0.885376,-0.463013,-0.040894,0.463135,-0.886230,0.005981,1076.000000,641.704000,-46.364000,304.176000,3.117000,0.038000,3.141000,0
-1.005000,-3.460280,1.674300,-0.026245,0.023193,-0.000123,-0.016846,0.031738,-0.011597,-0.032226,-0.017944,0.031494,237.306000,8.594820,-35.718800,-0.039063,-0.013550,0.999023,-0.885376,-0.463013,-0.040894,0.463135,-0.886230,0.005981,1076.000000,641.704000,-46.364000,304.176000,3.117000,0.038000,3.141000,0
-1.005000,-3.460280,1.674300,-0.026123,0.023193,-0.000123,-0.016846,0.031738,-0.011475,-0.032226,-0.017944,0.031494,237.306000,8.594820,-35.718800,-0.038940,-0.013550,0.999023,-0.885376,-0.463013,-0.040772,0.463135,-0.886230,0.005981,1076.000000,641.704000,-46.364000,304.176000,3.117000,0.038000,3.141000,0
-1.005000,-3.460280,1.674300,-0.026123,0.023193,-0.000123,-0.016846,0.031738,-0.011475,-0.032226,-0.017944,0.031494,237.306000,8.594820,-35.718800,-0.038940,-0.013550,0.999023,-0.885376,-0.463013,-0.040772,0.463135,-0.886230,0.005981,1076.000000,641.704000,-46.364000,304.176000,3.117000,0.038000,3.141000,0
-1.005000,-3.460280,1.674300,-0.026123,0.023193,-0.000123,-0.016846,0.031738,-0.011475,-0.032226,-0.017944,0.031494,237.306000,8.594820,-35.718800,-0.038940,-0.013550,0.999023,-0.885376,-0.463013,-0.040772,0.463135,-0.886230,0.005981,1076.000000,641.704000,-46.364000,304.176000,3.117000,0.038000,3.141000,0
-1.005000,-3.460280,1.674300,-0.026123,0.023193,-0.000123,-0.016846,0.031738,-0.011475,-0.032226,-0.017944,0.031494,237.306000,8.594820,-35.718800,-0.038940,-0.013550,0.999023,-0.885376,-0.463013,-0.040772,0.463135,-0.886230,0.005981,1076.000000,641.704000,-46.364000,304.176000,3.117000,0.038000,3.141000,0
-1.005000,-3.460280,1.674300,-0.026123,0.023193,-0.000123,-0.016968,0.031738,-0.011475,-0.032226,-0.017944,0.031494,237.306000,8.594820,-35.718800,-0.038940,-0.013550,0.999023,-0.885498,-0.463013,-0.040772,0.463135,-0.886230,0.005981,1076.000000,641.704000,-46.364000,304.176000,3.117000,0.038000,3.141000,0
-1.005000,-3.460280,1.674300,-0.026123,0.023193,-0.000123,-0.016968,0.031738,-0.011475,-0.032226,-0.017944,0.031494,237.306000,8.594820,-35.718800,-0.038940,-0.013550,0.999023,-0.885498,-0.463013,-0.040772,0.463135,-0.886230,0.005981,1076.000000,641.704000,-46.364000,304.176000,3.117000,0.038000,3.141000,0
-1.005000,-3.460280,1.674300,-0.026123,0.023193,-0.000123,-0.016968,0.031738,-0.011475,-0.032226,-0.017944,0.031494,237.306000,8.594820,-35.718800,-0.038940,-0.013550,0.999023,-0.885498,-0.463013,-0.040772,0.463135,-0.886230,0.005981,1072.000000,641.704000,-46.364000,304.176000,3.117000,0.038000,3.141000,0
-1.005000,-3.460280,1.674300,-0.026123,0.023193,-0.000123,-0.016968,0.031738,-0.011475,-0.032226,-0.017944,0.031494,237.306000,8.594820,-35.718800,-0.038940,-0.013550,0.999023,-0.885498,-0.463013,-0.040772,0.463135,-0.886230,0.005981,1072.000000,641.704000,-46.364000,304.176000,3.117000,0.038000,3.141000,0
-1.005000,-3.460280,1.674300,-0.026123,0.023193,-0.000123,-0.016968,0.031738,-0.011475,-0.032226,-0.017944,0.031494,237.306000,8.594820,-35.718800,-0.038940,-0.013550,0.999023,-0.885498,-0.463013,-0.040772,0.463135,-0.886230,0.005981,1072.000000,641.704000,-46.364000,304.176000,3.117000,0.038000,3.141000,0
-1.005000,-3.460280,1.674300,-0.026123,0.023193,-0.000123,-0.016968,0.031738,-0.011475,-0.032226,-0.017944,0.031494,237.306000,8.594820,-35.718800,-0.038940,-0.013550,0.999023,-0.885498,-0.463013,-0.040772,0.463135,-0.886230,0.005981,1072.000000,641.704000,-46.364000,304.176000,3.117000,0.038000,3.141000,0
-1.005000,-3.460280,1.674300,-0.026123,0.023193,-0.000123,-0.016968,0.031738,-0.011475,-0.032226,-0.017944,0.031494,237.306000,8.594820,-35.718800,-0.038940,-0.013550,0.999023,-0.885498,-0.463013,-0.040772,0.463135,-0.886230,0.005981,1072.000000,641.704000,-46.364000,304.176000,3.117000,0.038000,3.141000,0
-1.005000,-3.460280,1.674300,-0.026123,0.023193,-0.000123,-0.016968,0.031738,-0.011475,-0.032226,-0.017944,0.031494,237.306000,8.594820,-35.718800,-0.038940,-0.013550,0.999023,-0.885498,-0.463013,-0.040772,0.463135,-0.886230,0.005981,1072.000000,641.704000,-46.364000,304.176000,3.117000,0.038000,3.141000,0
-1.005000,-3.460280,1.674300,-0.026123,0.023193,-0.000123,-0.016968,0.031738,-0.011475,-0.032226,-0.017944,0.031494,237.306000,8.594820,-35.718800,-0.038940,-0.013550,0.999023,-0.885498,-0.463013,-0.040772,0.463135,-0.886230,0.005981,1072.000000,641.704000,-46.364000,304.176000,3.117000,0.038000,3.141000,0
-1.005000,-3.460280,1.674300,-0.026123,0.023193,-0.000123,-0.016968,0.031738,-0.011475,-0.032226,-0.017944,0.031494,237.306000,8.594820,-35.718800,-0.038940,-0.013550,0.999023,-0.885498,-0.463013,-0.040772,0.463135,-0.886230,0.005981,1072.000000,641.704000,-46.364000,304.176000,3.117000,0.038000,3.141000,0
-1.005000,-3.460280,1.674300,-0.026123,0.023193,-0.000123,-0.016968,0.031738,-0.011475,-0.032226,-0.017944,0.031494,237.306000,8.594820,-35.718800,-0.038940,-0.013550,0.999023,-0.885498,-0.463013,-0.040772,0.463135,-0.886230,0.005981,1072.000000,641.704000,-46.364000,304.176000,3.117000,0.038000,3.141000,0
-1.005000,-3.460280,1.674300,-0.026123,0.023193,-0.000123,-0.016968,0.031738,-0.011475,-0.032226,-0.017944,0.031494,237.306000,8.594820,-35.718800,-0.038940,-0.013550,0.999023,-0.885498,-0.463013,-0.040772,0.463135,-0.886230,0.005981,1072.000000,641.704000,-46.364000,304.176000,3.117000,0.038000,3.141000,0
-1.005000,-3.460280,1.674300,-0.026123,0.023193,-0.000123,-0.016968,0.031738,-0.011475,-0.032226,-0.017944,0.031494,237.306000,8.594820,-35.718800,-0.038940,-0.013550,0.999023,-0.885498,-0.463013,-0.040772,0.463135,-0.886230,0.005981,1072.000000,641.704000,-46.364000,304.176000,3.117000,0.038000,3.141000,0
-1.005000,-3.460280,1.674300,-0.026123,0.023193,-0.000123,-0.016968,0.031738,-0.011475,-0.032348,-0.017944,0.031494,237.306000,8.594820,-35.718800,-0.038940,-0.013550,0.999023,-0.885498,-0.463013,-0.040772,0.463013,-0.886230,0.005981,1072.000000,641.704000,-46.364000,304.176000,3.117000,0.038000,3.141000,0
-1.005000,-3.460280,1.674300,-0.026123,0.023193,-0.000123,-0.016968,0.031738,-0.011475,-0.032348,-0.017944,0.031494,237.306000,8.594820,-35.718800,-0.038940,-0.013550,0.999023,-0.885498,-0.463013,-0.040772,0.463013,-0.886230,0.005981,1072.000000,641.704000,-46.364000,304.176000,3.117000,0.038000,3.141000,0
-1.005000,-3.460280,1.674300,-0.026123,0.023193,-0.000123,-0.016968,0.031738,-0.011475,-0.032348,-0.017944,0.031494,237.306000,8.594820,-35.718800,-0.038940,-0.013550,0.999023,-0.885498,-0.463013,-0.040772,0.463013,-0.886230,0.005981,1072.000000,641.704000,-46.364000,304.176000,3.117000,0.038000,3.141000,0
-1.005000,-3.460280,1.674300,-0.026123,0.023193,-0.000123,-0.016968,0.031738,-0.011475,-0.032348,-0.017944,0.031494,237.306000,8.594820,-35.718800,-0.038940,-0.013550,0.999023,-0.885498,-0.463013,-0.040772,0.463013,-0.886230,0.005981,1076.000000,641.704000,-46.364000,304.176000,3.117000,0.038000,3.141000,0
-1.005000,-3.460280,1.674300,-0.026123,0.023193,-0.000123,-0.016968,0.031738,-0.011475,-0.032348,-0.017944,0.031494,237.306000,8.594820,-35.718800,-0.038940,-0.013550,0.999023,-0.885498,-0.463013,-0.040772,0.463013,-0.886230,0.005981,1076.000000,641.704000,-46.364000,304.176000,3.117000,0.038000,3.141000,0
-1.005000,-3.460280,1.674300,-0.026123,0.023193,-0.000123,-0.016968,0.031738,-0.011475,-0.032226,-0.017944,0.031494,237.306000,8.594820,-35.718800,-0.038940,-0.013550,0.999023,-0.885498,-0.463013,-0.040772,0.463135,-0.886230,0.005981,1076.000000,641.704000,-46.364000,304.176000,3.117000,0.038000,3.141000,0
-1.005000,-3.460280,1.674300,-0.026123,0.023193,-0.000123,-0.016968,0.031738,-0.011475,-0.032226,-0.017944,0.031494,237.306000,8.594820,-35.718800,-0.038940,-0.013550,0.999023,-0.885498,-0.463013,-0.040772,0.463135,-0.886230,0.005981,1076.000000,641.704000,-46.364000,304.176000,3.117000,0.038000,3.141000,0
-1.005000,-3.460280,1.674300,-0.026123,0.023193,-0.000123,-0.016968,0.031738,-0.011475,-0.032226,-0.017944,0.031494,237.306000,8.594820,-35.718800,-0.038940,-0.013550,0.999023,-0.885498,-0.463013,-0.040772,0.463135,-0.886230,0.005981,1076.000000,641.704000,-46.364000,304.176000,3.117000,0.038000,3.141000,0
-1.005000,-3.460280,1.674300,-0.026123,0.023193,-0.000123,-0.016968,0.031738,-0.011475,-0.032226,-0.017944,0.031494,237.306000,8.594820,-35.718800,-0.038940,-0.013550,0.999023,-0.885498,-0.463013,-0.040772,0.463135,-0.886230,0.005981,1076.000000,641.704000,-46.364000,304.176000,3.117000,0.038000,3.141000,0
-1.005000,-3.460280,1.674300,-0.026123,0.023193,-0.000123,-0.016968,0.031738,-0.011475,-0.032226,-0.017944,0.031494,237.306000,8.594820,-35.718800,-0.038940,-0.013550,0.999023,-0.885498,-0.463013,-0.040772,0.463135,-0.886230,0.005981,1076.000000,641.704000,-46.364000,304.176000,3.117000,0.038000,3.141000,0
-1.005000,-3.460280,1.674300,-0.026123,0.023193,-0.000123,-0.016968,0.031738,-0.011475,-0.032348,-0.017944,0.031494,237.306000,8.594820,-35.718800,-0.038940,-0.013550,0.999023,-0.885498,-0.463013,-0.040772,0.463013,-0.886230,0.005981,1076.000000,641.704000,-46.364000,304.176000,3.117000,0.038000,3.141000,0
-1.005000,-3.460280,1.674300,-0.026123,0.023193,-0.000123,-0.016968,0.031738,-0.011475,-0.032348,-0.017944,0.031616,237.306000,8.594820,-35.718800,-0.038940,-0.013550,0.999023,-0.885498,-0.463013,-0.040772,0.463013,-0.886230,0.006104,1076.000000,641.704000,-46.364000,304.176000,3.117000,0.038000,3.141000,0
-1.005000,-3.460280,1.674300,-0.026123,0.023193,-0.000123,-0.016968,0.031738,-0.011475,-0.032348,-0.018067,0.031616,237.306000,8.594820,-35.718800,-0.038940,-0.013550,0.999023,-0.885498,-0.463013,-0.040772,0.463013,-0.886353,0.006104,1076.000000,641.704000,-46.364000,304.176000,3.117000,0.038000,3.141000,0
-1.005000,-3.460280,1.674300,-0.026123,0.023193,-0.000123,-0.016968,0.031738,-0.011475,-0.032348,-0.018067,0.031616,237.306000,8.594820,-35.718800,-0.038940,-0.013550,0.999023,-0.885498,-0.463013,-0.040772,0.463013,-0.886353,0.006104,1076.000000,641.704000,-46.364000,304.176000,3.117000,0.038000,3.141000,0
-1.005000,-3.460280,1.674300,-0.026123,0.023193,-0.000123,-0.016968,0.031738,-0.011475,-0.032348,-0.018067,0.031616,237.306000,8.594820,-35.718800,-0.038940,-0.013550,0.999023,-0.885498,-0.463013,-0.040772,0.463013,-0.886353,0.006104,1076.000000,641.704000,-46.364000,304.176000,3.117000,0.038000,3.141000,0
-1.005000,-3.460280,1.674300,-0.026123,0.023193,-0.000123,-0.016968,0.031738,-0.011475,-0.032348,-0.018067,0.031616,237.306000,8.594820,-35.718800,-0.038940,-0.013550,0.999023,-0.885498,-0.463013,-0.040772,0.463013,-0.886353,0.006104,1076.000000,641.704000,-46.364000,304.176000,3.117000,0.038000,3.141000,0
-1.005000,-3.460280,1.674300,-0.026123,0.023193,-0.000123,-0.016968,0.031738,-0.011475,-0.032348,-0.018067,0.031494,237.306000,8.594820,-35.718800,-0.038940,-0.013550,0.999023,-0.885498,-0.463013,-0.040772,0.463013,-0.886353,0.005981,1076.000000,641.704000,-46.364000,304.176000,3.117000,0.038000,3.141000,0
-1.005000,-3.460280,1.674300,-0.026123,0.023193,-0.000123,-0.016968,0.031738,-0.011475,-0.032348,-0.017944,0.031494,237.306000,8.594820,-35.718800,-0.038940,-0.013550,0.999023,-0.885498,-0.463013,-0.040772,0.463013,-0.886230,0.005981,1076.000000,641.704000,-46.364000,304.176000,3.117000,0.038000,3.141000,0
-1.005000,-3.460280,1.674300,-0.026123,0.023193,-0.000123,-0.016968,0.031738,-0.011475,-0.032226,-0.017944,0.031494,237.306000,8.594820,-35.718800,-0.038940,-0.013550,0.999023,-0.885498,-0.463013,-0.040772,0.463135,-0.886230,0.005981,1076.000000,641.701000,-46.364000,304.174000,3.117000,0.038000,3.141000,0
-1.005000,-3.460280,1.674300,-0.026123,0.023193,-0.000123,-0.016968,0.031738,-0.011475,-0.032226,-0.017944,0.031494,237.306000,8.594820,-35.718800,-0.038940,-0.013550,0.999023,-0.885498,-0.463013,-0.040772,0.463135,-0.886230,0.005981,1076.000000,641.694000,-46.363000,304.167000,3.117000,0.038000,3.141000,0
-1.005000,-3.460280,1.674300,-0.026001,0.023193,-0.000123,-0.016968,0.031738,-0.011353,-0.032226,-0.017944,0.031494,237.306000,8.594820,-35.718800,-0.038818,-0.013550,0.999023,-0.885498,-0.463013,-0.040649,0.463135,-0.886230,0.005981,1076.000000,641.677000,-46.361000,304.153000,3.117000,0.038000,3.141000,0
-1.005000,-3.460280,1.674300,-0.026001,0.023193,-0.000123,-0.016968,0.031738,-0.011353,-0.032226,-0.017944,0.031494,237.306000,8.594820,-35.718800,-0.038818,-0.013550,0.999023,-0.885498,-0.463013,-0.040649,0.463135,-0.886230,0.005981,1076.000000,641.562000,-46.349000,304.117000,3.117000,0.038000,3.141000,0
-1.005000,-3.460280,1.674300,-0.026001,0.023193,-0.000123,-0.016968,0.031738,-0.011353,-0.032226,-0.017944,0.031494,237.306000,8.594820,-35.718800,-0.038818,-0.013550,0.999023,-0.885498,-0.463013,-0.040649,0.463135,-0.886230,0.005981,1076.000000,641.469000,-46.342000,304.088000,3.117000,0.038000,3.141000,0
-1.005000,-3.460280,1.674300,-0.026001,0.023193,-0.000123,-0.016968,0.031738,-0.011353,-0.032226,-0.017944,0.031494,237.306000,8.594820,-35.718800,-0.038818,-0.013550,0.999023,-0.885498,-0.463013,-0.040649,0.463135,-0.886230,0.005981,1076.000000,641.351000,-46.334000,304.054000,3.117000,0.038000,3.141000,0
-1.005000,-3.460280,1.674300,-0.026001,0.023193,-0.000123,-0.016968,0.031738,-0.011353,-0.032226,-0.017944,0.031494,237.306000,8.594820,-35.718800,-0.038818,-0.013550,0.999023,-0.885498,-0.463013,-0.040649,0.463135,-0.886230,0.005981,1076.000000,641.202000,-46.328000,304.030000,3.117000,0.038000,3.141000,0
-1.005000,-3.460280,1.674300,-0.026001,0.023193,-0.000123,-0.016968,0.031738,-0.011353,-0.032226,-0.017944,0.031494,237.306000,8.594820,-35.718800,-0.038818,-0.013550,0.999023,-0.885498,-0.463013,-0.040649,0.463135,-0.886230,0.005981,1076.000000,641.017000,-46.322000,304.004000,3.117000,0.038000,3.141000,0
-1.005000,-3.460280,1.674300,-0.026001,0.023315,-0.000123,-0.016968,0.031738,-0.011353,-0.032226,-0.017944,0.031494,237.306000,8.594820,-35.718800,-0.038818,-0.013428,0.999023,-0.885498,-0.463013,-0.040649,0.463135,-0.886230,0.005981,1076.000000,640.813000,-46.317000,304.003000,3.117000,0.038000,3.141000,0
-1.005000,-3.460280,1.674300,-0.026001,0.023315,-0.000123,-0.016968,0.031738,-0.011353,-0.032226,-0.017944,0.031494,237.306000,8.594820,-35.718800,-0.038818,-0.013428,0.999023,-0.885498,-0.463013,-0.040649,0.463135,-0.886230,0.005981,1076.000000,640.592000,-46.310000,304.001000,3.117000,0.038000,3.141000,0
-1.005000,-3.460280,1.674300,-0.026001,0.023315,-0.000123,-0.016968,0.031738,-0.011353,-0.032226,-0.017944,0.031494,237.306000,8.594820,-35.718800,-0.038818,-0.013428,0.999023,-0.885498,-0.463013,-0.040649,0.463135,-0.886230,0.005981,1076.000000,640.347000,-46.305000,304.003000,3.117000,0.038000,3.141000,0
-1.005000,-3.460280,1.674300,-0.026001,0.023315,-0.000123,-0.016968,0.031738,-0.011353,-0.032348,-0.017944,0.031616,237.306000,8.594820,-35.718800,-0.038818,-0.013428,0.999023,-0.885498,-0.463013,-0.040649,0.463013,-0.886230,0.006104,1076.000000,640.076000,-46.299000,304.018000,3.117000,0.038000,3.141000,0
-1.005000,-3.460280,1.674300,-0.026123,0.023315,-0.000123,-0.016968,0.031860,-0.011353,-0.032348,-0.018067,0.031616,237.306000,8.594820,-35.718800,-0.038940,-0.013428,0.999023,-0.885498,-0.462891,-0.040649,0.463013,-0.886353,0.006104,1076.000000,639.795000,-46.294000,304.042000,3.117000,0.038000,3.141000,0
-1.005000,-3.460280,1.674300,-0.026123,0.023437,-0.000123,-0.016968,0.031860,-0.011353,-0.032348,-0.018067,0.031616,237.306000,8.594820,-35.718800,-0.038940,-0.013306,0.999023,-0.885498,-0.462891,-0.040649,0.463013,-0.886353,0.006104,1080.000000,639.518000,-46.292000,304.050000,3.117000,0.038000,3.141000,0
-1.005000,-3.460280,1.674300,-0.026245,0.023437,-0.000123,-0.016968,0.031860,-0.011475,-0.032348,-0.018067,0.031738,237.306000,8.594820,-35.718800,-0.039063,-0.013306,0.999023,-0.885498,-0.462891,-0.040772,0.463013,-0.886353,0.006226,1080.000000,639.242000,-46.293000,304.069000,3.117000,0.039000,3.141000,0
-1.005000,-3.460280,1.674300,-0.026245,0.023437,-0.000123,-0.016968,0.031860,-0.011475,-0.032470,-0.018067,0.031860,237.306000,8.594820,-35.718800,-0.039063,-0.013306,0.999023,-0.885498,-0.462891,-0.040772,0.462891,-0.886353,0.006348,1080.000000,638.961000,-46.294000,304.092000,3.117000,0.039000,3.141000,0
-1.005000,-3.460280,1.674300,-0.026367,0.023560,-0.000123,-0.016968,0.031982,-0.011475,-0.032470,-0.018067,0.031860,237.306000,8.594820,-35.718800,-0.039185,-0.013184,0.999023,-0.885498,-0.462769,-0.040772,0.462891,-0.886353,0.006348,1084.000000,638.681000,-46.297000,304.106000,3.117000,0.039000,3.141000,0
-1.005000,-3.460280,1.674300,-0.026367,0.023560,-0.000123,-0.017090,0.031982,-0.011597,-0.032592,-0.018189,0.031982,237.306000,8.594820,-35.718800,-0.039185,-0.013184,0.999023,-0.885620,-0.462769,-0.040894,0.462769,-0.886475,0.006470,1084.000000,638.408000,-46.305000,304.119000,3.117000,0.039000,3.141000,0
-1.005000,-3.460280,1.674300,-0.026489,0.023682,-0.000123,-0.017090,0.032105,-0.011597,-0.032592,-0.018189,0.031982,237.306000,8.594820,-35.718800,-0.039307,-0.013062,0.999023,-0.885620,-0.462646,-0.040894,0.462769,-0.886475,0.006470,1088.000000,638.134000,-46.310000,304.132000,3.117000,0.039000,3.141000,0
-1.005000,-3.460280,1.674300,-0.026611,0.023682,-0.000123,-0.017090,0.032227,-0.011597,-0.032715,-0.018189,0.032105,237.306000,8.594820,-35.718800,-0.039429,-0.013062,0.999023,-0.885620,-0.462524,-0.040894,0.462646,-0.886475,0.006592,1088.000000,637.866000,-46.316000,304.158000,3.117000,0.039000,3.141000,0
-1.116000,-3.460280,1.674300,-0.026611,0.023804,-0.000123,-0.017212,0.032227,-0.011719,-0.032715,-0.018189,0.032227,237.195000,8.594820,-35.718800,-0.039429,-0.012939,0.999023,-0.885742,-0.462524,-0.041016,0.462646,-0.886475,0.006714,1092.000000,637.591000,-46.322000,304.166000,3.117000,0.039000,3.141000,0
-1.116000,-3.571900,1.674300,-0.026733,0.023804,-0.000123,-0.017212,0.032349,-0.011719,-0.032837,-0.018311,0.032349,237.195000,8.483200,-35.718800,-0.039551,-0.012939,0.999023,-0.885742,-0.462402,-0.041016,0.462524,-0.886597,0.006836,1096.000000,637.325000,-46.329000,304.180000,3.117000,0.039000,3.141000,0
-1.116000,-3.571900,1.674300,-0.026978,0.023926,-0.000123,-0.017212,0.032349,-0.011841,-0.032959,-0.018311,0.032471,237.195000,8.483200,-35.718800,-0.039795,-0.012817,0.999023,-0.885742,-0.462402,-0.041138,0.462402,-0.886597,0.006958,1100.000000,637.055000,-46.339000,304.203000,3.117000,0.039000,3.141000,0
-1.116000,-3.571900,1.674300,-0.027100,0.024048,-0.000123,-0.017334,0.032471,-0.011963,-0.033081,-0.018433,0.032715,237.195000,8.483200,-35.718800,-0.039917,-0.012695,0.999023,-0.885864,-0.462280,-0.041260,0.462280,-0.886719,0.007202,1104.000000,636.773000,-46.349000,304.216000,3.117000,0.039000,3.141000,0
-1.116000,-3.571900,1.674300,-0.027466,0.024292,-0.000123,-0.017334,0.032715,-0.012085,-0.033325,-0.018555,0.033081,237.195000,8.483200,-35.718800,-0.040283,-0.012451,0.999023,-0.885864,-0.462036,-0.041382,0.462036,-0.886841,0.007568,1108.000000,636.497000,-46.359000,304.228000,3.117000,0.039000,3.141000,0
-1.228000,-3.571900,1.674300,-0.027710,0.024414,-0.000245,-0.017456,0.032837,-0.012329,-0.033447,-0.018555,0.033325,237.083000,8.483200,-35.718800,-0.040527,-0.012329,0.998901,-0.885986,-0.461914,-0.041626,0.461914,-0.886841,0.007813,1116.000000,636.222000,-46.363000,304.235000,3.117000,0.039000,3.141000,0
-1.228000,-3.571900,1.786000,-0.027954,0.024658,-0.000245,-0.017578,0.033081,-0.012451,-0.033569,-0.018677,0.033569,237.083000,8.483200,-35.607100,-0.040772,-0.012085,0.998901,-0.886108,-0.461670,-0.041748,0.461792,-0.886963,0.008057,1124.000000,635.947000,-46.367000,304.236000,3.117000,0.039000,3.141000,0
-1.228000,-3.683520,1.786000,-0.028442,0.024902,-0.000245,-0.017700,0.033325,-0.012817,-0.033935,-0.018799,0.034058,237.083000,8.371580,-35.607100,-0.041260,-0.011841,0.998901,-0.886230,-0.461426,-0.042114,0.461426,-0.887085,0.008545,1136.000000,635.675000,-46.370000,304.233000,3.117000,0.039000,3.141000,0
-1.339000,-3.683520,1.786000,-0.028809,0.025146,-0.000245,-0.017700,0.033447,-0.012939,-0.034057,-0.018921,0.034424,236.972000,8.371580,-35.607100,-0.041626,-0.011597,0.998901,-0.886230,-0.461304,-0.042236,0.461304,-0.887207,0.008911,1144.000000,635.399000,-46.371000,304.226000,3.117000,0.039000,3.141000,0
-1.339000,-3.683520,1.786000,-0.029297,0.025513,-0.000245,-0.017823,0.033691,-0.013306,-0.034423,-0.019043,0.034912,236.972000,8.371580,-35.607100,-0.042114,-0.011230,0.998901,-0.886353,-0.461060,-0.042603,0.460938,-0.887329,0.009399,1160.000000,635.119000,-46.370000,304.214000,3.117000,0.039000,3.141000,0
-1.451000,-3.683520,1.786000,-0.029663,0.025635,-0.000245,-0.017945,0.033936,-0.013550,-0.034546,-0.019165,0.035278,236.860000,8.371580,-35.607100,-0.042480,-0.011108,0.998901,-0.886475,-0.460815,-0.042847,0.460815,-0.887451,0.009766,1168.000000,634.840000,-46.365000,304.198000,3.117000,0.039000,3.141000,0
-1.451000,-3.683520,1.786000,-0.030029,0.025879,-0.000245,-0.017945,0.034058,-0.013794,-0.034668,-0.019165,0.035522,236.860000,8.371580,-35.607100,-0.042847,-0.010864,0.998901,-0.886475,-0.460693,-0.043091,0.460693,-0.887451,0.010010,1180.000000,634.561000,-46.359000,304.175000,3.117000,0.038000,3.141000,0
-1.563000,-3.795140,1.897600,-0.030518,0.026123,-0.000245,-0.018067,0.034180,-0.014038,-0.034912,-0.019287,0.036011,236.748000,8.259960,-35.495500,-0.043335,-0.010620,0.998901,-0.886597,-0.460571,-0.043335,0.460449,-0.887573,0.010498,1200.000000,634.278000,-46.353000,304.152000,3.117000,0.038000,3.141000,0
-1.563000,-3.795140,1.897600,-0.030884,0.026367,-0.000245,-0.018189,0.034302,-0.014282,-0.035034,-0.019409,0.036377,236.748000,8.259960,-35.495500,-0.043701,-0.010376,0.998901,-0.886719,-0.460449,-0.043579,0.460327,-0.887695,0.010864,1212.000000,634.001000,-46.347000,304.138000,3.117000,0.038000,3.141000,0
-1.563000,-3.795140,1.897600,-0.031372,0.026611,-0.000367,-0.018189,0.034546,-0.014526,-0.035278,-0.019531,0.036865,236.748000,8.259960,-35.495500,-0.044189,-0.010132,0.998779,-0.886719,-0.460205,-0.043823,0.460083,-0.887817,0.011352,1232.000000,633.722000,-46.341000,304.117000,3.117000,0.038000,3.141000,0
-1.674000,-3.795140,1.897600,-0.031616,0.026855,-0.000367,-0.018311,0.034668,-0.014648,-0.035400,-0.019531,0.037109,236.637000,8.259960,-35.495500,-0.044434,-0.009888,0.998779,-0.886841,-0.460083,-0.043945,0.459961,-0.887817,0.011597,1248.000000,633.443000,-46.334000,304.098000,3.117000,0.038000,3.141000,0
-1.674000,-3.795140,1.897600,-0.031982,0.027222,-0.000367,-0.018433,0.034912,-0.014893,-0.035644,-0.019653,0.037598,236.637000,8.259960,-35.495500,-0.044800,-0.009521,0.998779,-0.886963,-0.459839,-0.044189,0.459717,-0.887939,0.012085,1272.000000,633.171000,-46.329000,304.100000,3.117000,0.038000,3.141000,0
-1.786000,-3.906760,1.897600,-0.032226,0.027344,-0.000367,-0.018433,0.035034,-0.014893,-0.035766,-0.019776,0.037842,236.525000,8.148340,-35.495500,-0.045044,-0.009399,0.998779,-0.886963,-0.459717,-0.044189,0.459595,-0.888062,0.012329,1284.000000,632.894000,-46.327000,304.101000,3.117000,0.038000,3.141000,0
-1.786000,-3.906760,1.897600,-0.032349,0.027588,-0.000367,-0.018555,0.035278,-0.015015,-0.036010,-0.019898,0.038086,236.525000,8.148340,-35.495500,-0.045166,-0.009155,0.998779,-0.887085,-0.459473,-0.044311,0.459351,-0.888184,0.012573,1300.000000,632.617000,-46.327000,304.104000,3.117000,0.038000,3.141000,0
-1.898000,-3.906760,1.897600,-0.032715,0.027954,-0.000367,-0.018677,0.035522,-0.015137,-0.036255,-0.020020,0.038574,236.413000,8.148340,-35.495500,-0.045532,-0.008789,0.998779,-0.887207,-0.459229,-0.044434,0.459106,-0.888306,0.013062,1328.000000,632.338000,-46.328000,304.115000,3.117000,0.038000,3.141000,0
-1.898000,-3.906760,1.897600,-0.032959,0.028198,-0.000367,-0.018799,0.035645,-0.015259,-0.036499,-0.020142,0.038940,236.413000,8.148340,-35.495500,-0.045776,-0.008545,0.998779,-0.887329,-0.459106,-0.044556,0.458862,-0.888428,0.013428,1344.000000,632.061000,-46.331000,304.130000,3.117000,0.038000,3.141000,0
-2.009000,-3.906760,1.897600,-0.033325,0.028564,-0.000367,-0.018921,0.035889,-0.015381,-0.036743,-0.020264,0.039307,236.302000,8.148340,-35.495500,-0.046143,-0.008179,0.998779,-0.887451,-0.458862,-0.044678,0.458618,-0.888550,0.013794,1372.000000,631.785000,-46.336000,304.137000,3.117000,0.038000,3.141000,0
-2.009000,-4.018380,1.897600,-0.033569,0.028809,-0.000367,-0.018921,0.036011,-0.015503,-0.036865,-0.020264,0.039673,236.302000,8.036720,-35.495500,-0.046387,-0.007935,0.998779,-0.887451,-0.458740,-0.044800,0.458496,-0.888550,0.014160,1388.000000,631.511000,-46.340000,304.151000,3.117000,0.038000,3.141000,0
-2.121000,-4.018380,1.897600,-0.033814,0.028931,-0.000367,-0.019043,0.036255,-0.015747,-0.036987,-0.020386,0.039917,236.190000,8.036720,-35.495500,-0.046631,-0.007813,0.998779,-0.887573,-0.458496,-0.045044,0.458374,-0.888672,0.014404,1408.000000,631.232000,-46.345000,304.177000,3.117000,0.038000,3.141000,0
-2.121000,-4.018380,1.897600,-0.034180,0.029297,-0.000367,-0.019043,0.036377,-0.015869,-0.037231,-0.020386,0.040405,236.190000,8.036720,-35.495500,-0.046997,-0.007446,0.998779,-0.887573,-0.458374,-0.045166,0.458130,-0.888672,0.014893,1436.000000,630.958000,-46.352000,304.187000,3.117000,0.038000,3.141000,0
-2.232000,-4.018380,1.897600,-0.034424,0.029419,-0.000489,-0.019165,0.036377,-0.015991,-0.037353,-0.020508,0.040649,236.079000,8.036720,-35.495500,-0.047241,-0.007324,0.998657,-0.887695,-0.458374,-0.045288,0.458008,-0.888794,0.015137,1452.000000,630.690000,-46.358000,304.200000,3.117000,0.039000,3.141000,0
-2.232000,-4.018380,1.897600,-0.034668,0.029663,-0.000489,-0.019165,0.036499,-0.016113,-0.037353,-0.020508,0.041016,236.079000,8.036720,-35.495500,-0.047485,-0.007080,0.998657,-0.887695,-0.458252,-0.045410,0.458008,-0.888794,0.015503,1484.000000,630.412000,-46.362000,304.214000,3.117000,0.039000,3.141000,0
-2.344000,-4.018380,1.897600,-0.034790,0.029907,-0.000489,-0.019165,0.036621,-0.016235,-0.037475,-0.020508,0.041138,235.967000,8.036720,-35.495500,-0.047607,-0.006836,0.998657,-0.887695,-0.458130,-0.045532,0.457886,-0.888794,0.015625,1500.000000,630.127000,-46.365000,304.217000,3.117000,0.039000,3.141000,0
-2.344000,-4.018380,1.786000,-0.035034,0.030029,-0.000489,-0.019165,0.036621,-0.016235,-0.037475,-0.020630,0.041382,235.967000,8.036720,-35.607100,-0.047852,-0.006714,0.998657,-0.887695,-0.458130,-0.045532,0.457886,-0.888916,0.015869,1520.000000,629.847000,-46.367000,304.205000,3.117000,0.039000,3.141000,0
-2.456000,-4.018380,1.786000,-0.035156,0.030273,-0.000489,-0.019287,0.036621,-0.016235,-0.037597,-0.020630,0.041748,235.855000,8.036720,-35.607100,-0.047974,-0.006470,0.998657,-0.887817,-0.458130,-0.045532,0.457764,-0.888916,0.016235,1548.000000,629.573000,-46.366000,304.196000,3.117000,0.039000,3.141000,0
-2.456000,-4.018380,1.786000,-0.035278,0.030396,-0.000489,-0.019287,0.036743,-0.016357,-0.037597,-0.020630,0.041870,235.855000,8.036720,-35.607100,-0.048096,-0.006348,0.998657,-0.887817,-0.458008,-0.045654,0.457764,-0.888916,0.016357,1568.000000,629.291000,-46.364000,304.185000,3.117000,0.039000,3.141000,0
-2.567000,-4.018380,1.786000,-0.035400,0.030518,-0.000489,-0.019287,0.036743,-0.016357,-0.037719,-0.020630,0.042114,235.744000,8.036720,-35.607100,-0.048218,-0.006226,0.998657,-0.887817,-0.458008,-0.045654,0.457642,-0.888916,0.016602,1588.000000,629.006000,-46.360000,304.161000,3.117000,0.039000,3.141000,0
-2.567000,-4.130000,1.786000,-0.035645,0.030762,-0.000489,-0.019287,0.036865,-0.016480,-0.037719,-0.020752,0.042358,235.744000,7.925100,-35.607100,-0.048462,-0.005981,0.998657,-0.887817,-0.457886,-0.045776,0.457642,-0.889038,0.016846,1616.000000,628.731000,-46.357000,304.141000,3.117000,0.039000,3.141000,0
-2.679000,-4.130000,1.786000,-0.035767,0.031006,-0.000489,-0.019287,0.036865,-0.016480,-0.037841,-0.020752,0.042603,235.632000,7.925100,-35.607100,-0.048584,-0.005737,0.998657,-0.887817,-0.457886,-0.045776,0.457520,-0.889038,0.017090,1636.000000,628.451000,-46.353000,304.123000,3.117000,0.039000,3.141000,0
-2.790000,-4.130000,1.786000,-0.036133,0.031372,-0.000489,-0.019287,0.036865,-0.016724,-0.037841,-0.020752,0.043091,235.521000,7.925100,-35.607100,-0.048950,-0.005371,0.998657,-0.887817,-0.457886,-0.046020,0.457520,-0.889038,0.017578,1684.000000,628.167000,-46.350000,304.114000,3.117000,0.039000,3.141000,0
-2.902000,-4.130000,1.674300,-0.036377,0.031616,-0.000489,-0.019287,0.036865,-0.016724,-0.037964,-0.020752,0.043457,235.409000,7.925100,-35.718800,-0.049194,-0.005127,0.998657,-0.887817,-0.457886,-0.046020,0.457397,-0.889038,0.017944,1716.000000,627.602000,-46.350000,304.112000,3.117000,0.039000,3.141000,0
-3.014000,-4.130000,1.674300,-0.036499,0.031860,-0.000489,-0.019287,0.036865,-0.016724,-0.037964,-0.020752,0.043701,235.297000,7.925100,-35.718800,-0.049316,-0.004883,0.998657,-0.887817,-0.457886,-0.046020,0.457397,-0.889038,0.018188,1736.000000,627.328000,-46.353000,304.124000,3.117000,0.039000,3.141000,0
-3.014000,-4.130000,1.674300,-0.036621,0.032105,-0.000489,-0.019409,0.036987,-0.016724,-0.037964,-0.020752,0.043945,235.297000,7.925100,-35.718800,-0.049439,-0.004639,0.998657,-0.887939,-0.457764,-0.046020,0.457397,-0.889038,0.018433,1760.000000,627.046000,-46.358000,304.130000,3.117000,0.039000,3.141000,0
-3.237000,-4.130000,1.562700,-0.036621,0.032349,-0.000489,-0.019409,0.036987,-0.016601,-0.038086,-0.020874,0.044312,235.074000,7.925100,-35.830400,-0.049439,-0.004395,0.998657,-0.887939,-0.457764,-0.045898,0.457275,-0.889160,0.018799,1796.000000,626.764000,-46.365000,304.128000,3.117000,0.039000,3.141000,0
-3.237000,-4.130000,1.562700,-0.036621,0.032593,-0.000489,-0.019409,0.037109,-0.016601,-0.038208,-0.020874,0.044434,235.074000,7.925100,-35.830400,-0.049439,-0.004150,0.998657,-0.887939,-0.457642,-0.045898,0.457153,-0.889160,0.018921,1820.000000,626.488000,-46.367000,304.133000,3.117000,0.039000,3.141000,0
-3.349000,-4.130000,1.451100,-0.036621,0.032959,-0.000489,-0.019532,0.037231,-0.016480,-0.038330,-0.020874,0.044800,234.962000,7.925100,-35.942000,-0.049439,-0.003784,0.998657,-0.888062,-0.457520,-0.045776,0.457031,-0.889160,0.019287,1860.000000,626.208000,-46.369000,304.144000,3.117000,0.039000,3.141000,0
-3.460000,-4.130000,1.451100,-0.036621,0.033203,-0.000489,-0.019532,0.037231,-0.016357,-0.038330,-0.020996,0.044922,234.851000,7.925100,-35.942000,-0.049439,-0.003540,0.998657,-0.888062,-0.457520,-0.045654,0.457031,-0.889282,0.019409,1884.000000,625.922000,-46.372000,304.151000,3.117000,0.039000,3.141000,0
-3.572000,-4.241620,1.339500,-0.036621,0.033325,-0.000489,-0.019532,0.037354,-0.016235,-0.038452,-0.020996,0.045044,234.739000,7.813480,-36.053600,-0.049439,-0.003418,0.998657,-0.888062,-0.457397,-0.045532,0.456909,-0.889282,0.019531,1912.000000,625.635000,-46.374000,304.149000,3.117000,0.039000,3.141000,0
-3.683000,-4.241620,1.339500,-0.036499,0.033569,-0.000489,-0.019532,0.037354,-0.015991,-0.038452,-0.020996,0.045166,234.628000,7.813480,-36.053600,-0.049316,-0.003174,0.998657,-0.888062,-0.457397,-0.045288,0.456909,-0.889282,0.019653,1948.000000,625.348000,-46.373000,304.149000,3.117000,0.039000,3.141000,0
-3.795000,-4.241620,1.227900,-0.036377,0.033691,-0.000489,-0.019532,0.037231,-0.015869,-0.038330,-0.020996,0.045288,234.516000,7.813480,-36.165200,-0.049194,-0.003052,0.998657,-0.888062,-0.457520,-0.045166,0.457031,-0.889282,0.019775,1976.000000,625.060000,-46.372000,304.139000,3.117000,0.039000,3.141000,0
-3.907000,-4.241620,1.227900,-0.036255,0.033814,-0.000489,-0.019532,0.037231,-0.015625,-0.038330,-0.020874,0.045410,234.404000,7.813480,-36.165200,-0.049072,-0.002930,0.998657,-0.888062,-0.457520,-0.044922,0.457031,-0.889160,0.019897,2016.000000,624.775000,-46.369000,304.127000,3.117000,0.039000,3.141000,0
-4.018000,-4.241620,1.116200,-0.036133,0.033936,-0.000489,-0.019532,0.037109,-0.015503,-0.038208,-0.020874,0.045410,234.293000,7.813480,-36.276900,-0.048950,-0.002808,0.998657,-0.888062,-0.457642,-0.044800,0.457153,-0.889160,0.019897,2040.000000,624.486000,-46.364000,304.119000,3.117000,0.039000,3.141000,0
-4.018000,-4.241620,1.004600,-0.035889,0.034058,-0.000489,-0.019409,0.036987,-0.015259,-0.038086,-0.020752,0.045410,234.293000,7.813480,-36.388500,-0.048706,-0.002686,0.998657,-0.887939,-0.457764,-0.044556,0.457275,-0.889038,0.019897,2068.000000,624.200000,-46.359000,304.111000,3.117000,0.039000,3.141000,0
-4.242000,-4.130000,0.893000,-0.035645,0.034180,-0.000489,-0.019409,0.036743,-0.014893,-0.037841,-0.020630,0.045410,234.069000,7.925100,-36.500100,-0.048462,-0.002563,0.998657,-0.887939,-0.458008,-0.044189,0.457520,-0.888916,0.019897,2108.000000,623.917000,-46.354000,304.101000,3.117000,0.039000,3.141000,0
-4.353000,-4.130000,0.893000,-0.035278,0.034302,-0.000489,-0.019287,0.036621,-0.014526,-0.037719,-0.020630,0.045410,233.958000,7.925100,-36.500100,-0.048096,-0.002441,0.998657,-0.887817,-0.458130,-0.043823,0.457642,-0.888916,0.019897,2132.000000,623.625000,-46.347000,304.100000,3.117000,0.039000,3.141000,0
-4.465000,-4.130000,0.781400,-0.034912,0.034546,-0.000489,-0.019165,0.036377,-0.014038,-0.037475,-0.020508,0.045288,233.846000,7.925100,-36.611700,-0.047730,-0.002197,0.998657,-0.887695,-0.458374,-0.043335,0.457886,-0.888794,0.019775,2176.000000,623.342000,-46.342000,304.110000,3.117000,0.039000,3.141000,0
-4.576000,-4.130000,0.669800,-0.034546,0.034668,-0.000367,-0.019165,0.036255,-0.013794,-0.037353,-0.020386,0.045288,233.735000,7.925100,-36.723300,-0.047363,-0.002075,0.998779,-0.887695,-0.458496,-0.043091,0.458008,-0.888672,0.019775,2204.000000,623.058000,-46.338000,304.110000,3.117000,0.039000,3.141000,0
-4.688000,-4.130000,0.558100,-0.034180,0.034668,-0.000367,-0.019043,0.036011,-0.013306,-0.037109,-0.020264,0.045166,233.623000,7.925100,-36.835000,-0.046997,-0.002075,0.998779,-0.887573,-0.458740,-0.042603,0.458252,-0.888550,0.019653,2232.000000,622.774000,-46.337000,304.121000,3.117000,0.039000,3.141000,0
-4.800000,-4.130000,0.334900,-0.033569,0.034912,-0.000367,-0.018921,0.035767,-0.012695,-0.036865,-0.020142,0.045044,233.511000,7.925100,-37.058200,-0.046387,-0.001831,0.998779,-0.887451,-0.458984,-0.041992,0.458496,-0.888428,0.019531,2276.000000,622.496000,-46.335000,304.143000,3.117000,0.039000,3.141000,0
-4.911000,-4.018380,0.223300,-0.033081,0.034912,-0.000367,-0.018799,0.035522,-0.012329,-0.036621,-0.020020,0.044922,233.400000,8.036720,-37.169800,-0.045898,-0.001831,0.998779,-0.887329,-0.459229,-0.041626,0.458740,-0.888306,0.019409,2308.000000,622.211000,-46.335000,304.157000,3.117000,0.039000,3.141000,0
-5.135000,-4.018380,0.111700,-0.032471,0.035034,-0.000367,-0.018677,0.035156,-0.011719,-0.036255,-0.019898,0.044800,233.176000,8.036720,-37.281400,-0.045288,-0.001709,0.998779,-0.887207,-0.459595,-0.041016,0.459106,-0.888184,0.019287,2352.000000,621.927000,-46.336000,304.162000,3.117000,0.039000,3.141000,0
-5.246000,-4.018380,0.000000,-0.031982,0.035034,-0.000245,-0.018555,0.034912,-0.011230,-0.036010,-0.019776,0.044556,233.065000,8.036720,-37.393100,-0.044800,-0.001709,0.998901,-0.887085,-0.459839,-0.040527,0.459351,-0.888062,0.019043,2384.000000,621.639000,-46.336000,304.178000,3.117000,0.039000,3.141000,0
-5.358000,-4.018380,-0.111600,-0.031494,0.035034,-0.000245,-0.018433,0.034668,-0.010742,-0.035766,-0.019653,0.044434,232.953000,8.036720,-37.504700,-0.044311,-0.001709,0.998901,-0.886963,-0.460083,-0.040039,0.459595,-0.887939,0.018921,2412.000000,621.348000,-46.337000,304.194000,3.117000,0.039000,3.141000,0
-5.469000,-4.018380,-0.334800,-0.030762,0.035034,-0.000245,-0.018311,0.034302,-0.010132,-0.035278,-0.019409,0.044067,232.842000,8.036720,-37.727900,-0.043579,-0.001709,0.998901,-0.886841,-0.460449,-0.039429,0.460083,-0.887695,0.018555,2460.000000,621.088000,-46.340000,304.198000,3.117000,0.039000,3.141000,0
-5.581000,-3.906760,-0.446500,-0.030151,0.035034,-0.000245,-0.018189,0.033936,-0.009643,-0.035034,-0.019287,0.043701,232.730000,8.148340,-37.839600,-0.042969,-0.001709,0.998901,-0.886719,-0.460815,-0.038940,0.460327,-0.887573,0.018188,2488.000000,620.776000,-46.346000,304.208000,3.117000,0.039000,3.141000,0
-5.804000,-3.906760,-0.558100,-0.029297,0.034790,-0.000123,-0.017945,0.033447,-0.008911,-0.034423,-0.019043,0.043213,232.507000,8.148340,-37.951200,-0.042114,-0.001953,0.999023,-0.886475,-0.461304,-0.038208,0.460938,-0.887329,0.017700,2532.000000,620.484000,-46.351000,304.221000,3.117000,0.039000,3.141000,0
-6.028000,-3.795140,-0.781300,-0.028076,0.034546,-0.000123,-0.017578,0.032715,-0.007934,-0.033691,-0.018555,0.042481,232.283000,8.259960,-38.174400,-0.040894,-0.002197,0.999023,-0.886108,-0.462036,-0.037231,0.461670,-0.886841,0.016968,2592.000000,619.931000,-46.361000,304.208000,3.117000,0.039000,3.141000,0
-6.251000,-3.795140,-1.004600,-0.026978,0.034302,-0.000123,-0.017334,0.032105,-0.007080,-0.033081,-0.018311,0.041748,232.060000,8.259960,-38.397700,-0.039795,-0.002441,0.999023,-0.885864,-0.462646,-0.036377,0.462280,-0.886597,0.016235,2632.000000,619.613000,-46.363000,304.196000,3.117000,0.039000,3.141000,0
-6.362000,-3.683520,-1.116200,-0.026245,0.034180,0.000000,-0.017090,0.031738,-0.006470,-0.032592,-0.018067,0.041260,231.949000,8.371580,-38.509300,-0.039063,-0.002563,0.999146,-0.885620,-0.463013,-0.035767,0.462769,-0.886353,0.015747,2660.000000,619.350000,-46.365000,304.185000,3.117000,0.039000,3.141000,0
-6.586000,-3.683520,-1.451000,-0.024902,0.033814,0.000000,-0.016724,0.031006,-0.005493,-0.031860,-0.017700,0.040405,231.725000,8.371580,-38.844100,-0.037720,-0.002930,0.999146,-0.885254,-0.463745,-0.034790,0.463501,-0.885986,0.014893,2700.000000,619.026000,-46.365000,304.161000,3.117000,0.039000,3.141000,0
-6.697000,-3.571900,-1.562700,-0.023926,0.033569,0.000000,-0.016480,0.030396,-0.004761,-0.031372,-0.017456,0.039673,231.614000,8.483200,-38.955800,-0.036743,-0.003174,0.999146,-0.885010,-0.464355,-0.034058,0.463989,-0.885742,0.014160,2728.000000,618.737000,-46.364000,304.148000,3.117000,0.039000,3.141000,0
-6.809000,-3.571900,-1.785900,-0.022827,0.033203,0.000122,-0.016236,0.029907,-0.003906,-0.030761,-0.017090,0.038940,231.502000,8.483200,-39.179000,-0.035645,-0.003540,0.999268,-0.884766,-0.464844,-0.033203,0.464600,-0.885376,0.013428,2756.000000,618.455000,-46.362000,304.142000,3.117000,0.039000,3.141000,0
-7.032000,-3.460280,-2.120800,-0.021118,0.032837,0.000122,-0.015869,0.028931,-0.002563,-0.029785,-0.016602,0.037720,231.279000,8.594820,-39.513900,-0.033936,-0.003906,0.999268,-0.884399,-0.465820,-0.031860,0.465576,-0.884888,0.012207,2796.000000,618.161000,-46.360000,304.128000,3.117000,0.039000,3.141000,0
-7.255000,-3.460280,-2.232400,-0.019775,0.032471,0.000122,-0.015503,0.028320,-0.001587,-0.029174,-0.016235,0.036865,231.056000,8.594820,-39.625500,-0.032593,-0.004272,0.999268,-0.884033,-0.466431,-0.030884,0.466187,-0.884521,0.011352,2820.000000,617.870000,-46.359000,304.114000,3.117000,0.039000,3.141000,0
-7.479000,-3.348650,-2.678900,-0.017822,0.031982,0.000244,-0.015015,0.027344,0.000000,-0.028076,-0.015747,0.035522,230.832000,8.706450,-40.072000,-0.030640,-0.004761,0.999390,-0.883545,-0.467407,-0.029297,0.467285,-0.884033,0.010010,2860.000000,617.615000,-46.357000,304.108000,3.117000,0.039000,3.141000,0
