Dif_X,Dif_Y,Dif_Z,Dif_X1,Dif_X2,Dif_X3,Dif_Y1,Dif_Y2,Dif_Y3,Dif_Z1,Dif_Z2,Dif_Z3,NDI_X,NDI_Y,NDI_Z,NDI_Rot_X1,NDI_Rot_X2,NDI_Rot_X3,NDI_Rot_Y1,NDI_Rot_Y2,NDI_Rot_Y3,NDI_Rot_Z1,NDI_Rot_Z2,NDI_Rot_Z3,NDI_Quality,Kuka_X,Kuka_Y,Kuka_Z,Kuka_A,Kuka_B,Kuka_C,Kuka_TSL
-2.121,4.2416,1.786,-0.0292968,-0.0289306,-0.002075,-0.035278,-0.017822,0.0101318,0.020019,-0.034058,-0.0388184,261.082000,-26.677400,-35.607100,-0.070557,-0.030762,0.996948,-0.472778,0.881104,-0.006348,-0.878296,-0.471924,-0.076660,1832.000000,543.588000,-19.992000,303.632000,3.116000,0.040000,3.141000,0
-2.121,4.2416,1.786,-0.0292968,-0.0289306,-0.002075,-0.0354,-0.017822,0.0101318,0.020019,-0.034058,-0.0388184,261.082000,-26.677400,-35.607100,-0.070557,-0.030762,0.996948,-0.472900,0.881104,-0.006348,-0.878296,-0.471924,-0.076660,1832.000000,543.588000,-19.992000,303.631000,3.116000,0.040000,3.141000,0
-2.121,4.2416,1.786,-0.0292968,-0.0289306,-0.002075,-0.0354,-0.017822,0.0101318,0.020019,-0.034058,-0.0388184,261.082000,-26.677400,-35.607100,-0.070557,-0.030762,0.996948,-0.472900,0.881104,-0.006348,-0.878296,-0.471924,-0.076660,1832.000000,543.588000,-19.992000,303.632000,3.116000,0.040000,3.141000,0
-2.121,4.2416,1.786,-0.0292968,-0.0289306,-0.002075,-0.0354,-0.017822,0.0101318,0.020019,-0.034058,-0.0388184,261.082000,-26.677400,-35.607100,-0.070557,-0.030762,0.996948,-0.472900,0.881104,-0.006348,-0.878296,-0.471924,-0.076660,1832.000000,543.588000,-19.992000,303.632000,3.116000,0.040000,3.141000,0
-2.121,4.2416,1.786,-0.0292968,-0.0289306,-0.002075,-0.0354,-0.017945,0.0102539,0.020019,-0.034058,-0.0388184,261.082000,-26.677400,-35.607100,-0.070557,-0.030762,0.996948,-0.472900,0.880981,-0.006226,-0.878296,-0.471924,-0.076660,1832.000000,543.588000,-19.992000,303.631000,3.116000,0.040000,3.141000,0
-2.121,4.2416,1.786,-0.0292968,-0.0289306,-0.002075,-0.0354,-0.017945,0.0102539,0.020019,-0.034058,-0.0388184,261.082000,-26.677400,-35.607100,-0.070557,-0.030762,0.996948,-0.472900,0.880981,-0.006226,-0.878296,-0.471924,-0.076660,1832.000000,543.588000,-19.992000,303.631000,3.116000,0.040000,3.141000,10
-2.121,4.2416,1.786,-0.0292968,-0.0289306,-0.002075,-0.0354,-0.017945,0.0102539,0.020019,-0.034058,-0.0388184,261.082000,-26.677400,-35.607100,-0.070557,-0.030762,0.996948,-0.472900,0.880981,-0.006226,-0.878296,-0.471924,-0.076660,1832.000000,543.588000,-19.992000,303.631000,3.116000,0.040000,3.141000,0
-2.121,4.2416,1.786,-0.0292968,-0.0289306,-0.002075,-0.0354,-0.017945,0.0102539,0.020019,-0.034058,-0.0388184,261.082000,-26.677400,-35.607100,-0.070557,-0.030762,0.996948,-0.472900,0.880981,-0.006226,-0.878296,-0.471924,-0.076660,1832.000000,543.588000,-19.992000,303.632000,3.116000,0.040000,3.141000,0
-2.121,4.2416,1.786,-0.0292968,-0.0289306,-0.002075,-0.0354,-0.017945,0.0102539,0.020019,-0.034058,-0.0388184,261.082000,-26.677400,-35.607100,-0.070557,-0.030762,0.996948,-0.472900,0.880981,-0.006226,-0.878296,-0.471924,-0.076660,1832.000000,543.588000,-19.992000,303.632000,3.116000,0.040000,3.141000,0
-2.121,4.2416,1.786,-0.0292968,-0.0289306,-0.002075,-0.0354,-0.017945,0.0102539,0.020019,-0.034058,-0.0388184,261.082000,-26.677400,-35.607100,-0.070557,-0.030762,0.996948,-0.472900,0.880981,-0.006226,-0.878296,-0.471924,-0.076660,1832.000000,543.588000,-19.992000,303.632000,3.116000,0.040000,3.141000,0
-2.121,4.2416,1.786,-0.0292968,-0.0289306,-0.002075,-0.0354,-0.017945,0.0102539,0.020019,-0.034058,-0.0388184,261.082000,-26.677400,-35.607100,-0.070557,-0.030762,0.996948,-0.472900,0.880981,-0.006226,-0.878296,-0.471924,-0.076660,1832.000000,543.588000,-19.992000,303.632000,3.116000,0.040000,3.141000,0
-2.121,4.2416,1.786,-0.0292968,-0.0289306,-0.002075,-0.0354,-0.017945,0.0101318,0.020019,-0.034058,-0.0388184,261.082000,-26.677400,-35.607100,-0.070557,-0.030762,0.996948,-0.472900,0.880981,-0.006348,-0.878296,-0.471924,-0.076660,1832.000000,543.588000,-19.992000,303.632000,3.116000,0.040000,3.141000,0
-2.121,4.2416,1.786,-0.0292968,-0.0289306,-0.002075,-0.0354,-0.017945,0.0101318,0.020019,-0.034058,-0.0388184,261.082000,-26.677400,-35.607100,-0.070557,-0.030762,0.996948,-0.472900,0.880981,-0.006348,-0.878296,-0.471924,-0.076660,1832.000000,543.588000,-19.992000,303.632000,3.116000,0.040000,3.141000,0
-2.121,4.2416,1.786,-0.0292968,-0.0289306,-0.002075,-0.0354,-0.017945,0.0101318,0.020019,-0.034058,-0.0388184,261.082000,-26.677400,-35.607100,-0.070557,-0.030762,0.996948,-0.472900,0.880981,-0.006348,-0.878296,-0.471924,-0.076660,1832.000000,543.588000,-19.992000,303.632000,3.116000,0.040000,3.141000,0
-2.121,4.3532,1.786,-0.0292968,-0.0289306,-0.002075,-0.0354,-0.017945,0.0101318,0.020019,-0.03418,-0.0388184,261.082000,-26.565800,-35.607100,-0.070557,-0.030762,0.996948,-0.472900,0.880981,-0.006348,-0.878296,-0.472046,-0.076660,1832.000000,543.588000,-19.992000,303.632000,3.116000,0.040000,3.141000,0
-2.121,4.3532,1.786,-0.0292968,-0.0289306,-0.002075,-0.035522,-0.017945,0.0101318,0.020019,-0.03418,-0.0389404,261.082000,-26.565800,-35.607100,-0.070557,-0.030762,0.996948,-0.473022,0.880981,-0.006348,-0.878296,-0.472046,-0.076782,1832.000000,543.588000,-19.992000,303.632000,3.116000,0.040000,3.141000,0
-2.121,4.3532,1.786,-0.0294189,-0.0289306,-0.002075,-0.035522,-0.017945,0.0101318,0.020019,-0.03418,-0.0389404,261.082000,-26.565800,-35.607100,-0.070679,-0.030762,0.996948,-0.473022,0.880981,-0.006348,-0.878296,-0.472046,-0.076782,1832.000000,543.588000,-19.992000,303.632000,3.116000,0.040000,3.141000,0
-2.121,4.3532,1.786,-0.0294189,-0.0289306,-0.002197,-0.035522,-0.017945,0.0101318,0.020019,-0.03418,-0.0389404,261.082000,-26.565800,-35.607100,-0.070679,-0.030762,0.996826,-0.473022,0.880981,-0.006348,-0.878296,-0.472046,-0.076782,1828.000000,543.588000,-19.992000,303.632000,3.116000,0.040000,3.141000,0
-2.121,4.3532,1.786,-0.0294189,-0.0289306,-0.002197,-0.035522,-0.017945,0.0101318,0.020019,-0.03418,-0.0389404,261.082000,-26.565800,-35.607100,-0.070679,-0.030762,0.996826,-0.473022,0.880981,-0.006348,-0.878296,-0.472046,-0.076782,1828.000000,543.588000,-19.993000,303.632000,3.116000,0.040000,3.141000,0
-2.121,4.3532,1.786,-0.0294189,-0.0289306,-0.002197,-0.035522,-0.017945,0.0101318,0.020019,-0.03418,-0.0389404,261.082000,-26.565800,-35.607100,-0.070679,-0.030762,0.996826,-0.473022,0.880981,-0.006348,-0.878296,-0.472046,-0.076782,1828.000000,543.588000,-19.992000,303.632000,3.116000,0.040000,3.141000,0
-2.121,4.3532,1.786,-0.0294189,-0.0289306,-0.002075,-0.035522,-0.017945,0.0101318,0.020019,-0.03418,-0.0389404,261.082000,-26.565800,-35.607100,-0.070679,-0.030762,0.996948,-0.473022,0.880981,-0.006348,-0.878296,-0.472046,-0.076782,1828.000000,543.588000,-19.992000,303.632000,3.116000,0.040000,3.141000,0
-2.121,4.3532,1.786,-0.0292968,-0.0289306,-0.002075,-0.035522,-0.017945,0.0101318,0.020019,-0.03418,-0.0389404,261.082000,-26.565800,-35.607100,-0.070557,-0.030762,0.996948,-0.473022,0.880981,-0.006348,-0.878296,-0.472046,-0.076782,1828.000000,543.588000,-19.992000,303.632000,3.116000,0.040000,3.141000,0
-2.121,4.3532,1.786,-0.0292968,-0.0289306,-0.002075,-0.035522,-0.017945,0.0101318,0.020019,-0.03418,-0.0388184,261.082000,-26.565800,-35.607100,-0.070557,-0.030762,0.996948,-0.473022,0.880981,-0.006348,-0.878296,-0.472046,-0.076660,1828.000000,543.588000,-19.992000,303.632000,3.116000,0.040000,3.141000,0
-2.121,4.3532,1.786,-0.0292968,-0.0289306,-0.002075,-0.035522,-0.017945,0.0101318,0.020019,-0.03418,-0.0388184,261.082000,-26.565800,-35.607100,-0.070557,-0.030762,0.996948,-0.473022,0.880981,-0.006348,-0.878296,-0.472046,-0.076660,1828.000000,543.588000,-19.992000,303.631000,3.116000,0.040000,3.141000,0
-2.121,4.3532,1.786,-0.0292968,-0.0289306,-0.002075,-0.035522,-0.017945,0.0101318,0.020019,-0.03418,-0.0388184,261.082000,-26.565800,-35.607100,-0.070557,-0.030762,0.996948,-0.473022,0.880981,-0.006348,-0.878296,-0.472046,-0.076660,1828.000000,543.588000,-19.992000,303.631000,3.116000,0.040000,3.141000,0
-2.121,4.3532,1.786,-0.0292968,-0.0289306,-0.002075,-0.035522,-0.017945,0.0101318,0.020019,-0.03418,-0.0388184,261.082000,-26.565800,-35.607100,-0.070557,-0.030762,0.996948,-0.473022,0.880981,-0.006348,-0.878296,-0.472046,-0.076660,1828.000000,543.588000,-19.993000,303.632000,3.116000,0.040000,3.141000,0
-2.121,4.2416,1.786,-0.0292968,-0.0289306,-0.002075,-0.035522,-0.017945,0.0101318,0.020019,-0.03418,-0.0388184,261.082000,-26.677400,-35.607100,-0.070557,-0.030762,0.996948,-0.473022,0.880981,-0.006348,-0.878296,-0.472046,-0.076660,1828.000000,543.588000,-19.992000,303.631000,3.116000,0.040000,3.141000,0
-2.121,4.2416,1.786,-0.0292968,-0.0289306,-0.002075,-0.0354,-0.017945,0.0101318,0.020019,-0.03418,-0.0388184,261.082000,-26.677400,-35.607100,-0.070557,-0.030762,0.996948,-0.472900,0.880981,-0.006348,-0.878296,-0.472046,-0.076660,1828.000000,543.588000,-19.992000,303.632000,3.116000,0.040000,3.141000,0
-2.121,4.2416,1.786,-0.0292968,-0.0289306,-0.002075,-0.0354,-0.017945,0.0101318,0.020019,-0.03418,-0.0388184,261.082000,-26.677400,-35.607100,-0.070557,-0.030762,0.996948,-0.472900,0.880981,-0.006348,-0.878296,-0.472046,-0.076660,1828.000000,543.588000,-19.992000,303.632000,3.116000,0.040000,3.141000,0
-2.121,4.2416,1.786,-0.0292968,-0.0289306,-0.002075,-0.0354,-0.017945,0.0101318,0.020019,-0.034058,-0.0388184,261.082000,-26.677400,-35.607100,-0.070557,-0.030762,0.996948,-0.472900,0.880981,-0.006348,-0.878296,-0.471924,-0.076660,1828.000000,543.588000,-19.992000,303.632000,3.116000,0.040000,3.141000,0
-2.121,4.2416,1.786,-0.0292968,-0.0289306,-0.002075,-0.0354,-0.017945,0.0101318,0.020019,-0.034058,-0.0388184,261.082000,-26.677400,-35.607100,-0.070557,-0.030762,0.996948,-0.472900,0.880981,-0.006348,-0.878296,-0.471924,-0.076660,1828.000000,543.588000,-19.992000,303.632000,3.116000,0.040000,3.141000,10
-2.121,4.2416,1.786,-0.0292968,-0.0289306,-0.002075,-0.0354,-0.017945,0.0101318,0.020019,-0.034058,-0.0388184,261.082000,-26.677400,-35.607100,-0.070557,-0.030762,0.996948,-0.472900,0.880981,-0.006348,-0.878296,-0.471924,-0.076660,1828.000000,543.588000,-19.993000,303.632000,3.116000,0.040000,3.141000,0
-2.121,4.2416,1.786,-0.0292968,-0.0289306,-0.002075,-0.0354,-0.017945,0.0101318,0.020019,-0.034058,-0.0388184,261.082000,-26.677400,-35.607100,-0.070557,-0.030762,0.996948,-0.472900,0.880981,-0.006348,-0.878296,-0.471924,-0.076660,1828.000000,543.588000,-19.992000,303.632000,3.116000,0.040000,3.141000,0
-2.121,4.2416,1.786,-0.0292968,-0.0289306,-0.002075,-0.0354,-0.017822,0.0101318,0.020019,-0.034058,-0.0388184,261.082000,-26.677400,-35.607100,-0.070557,-0.030762,0.996948,-0.472900,0.881104,-0.006348,-0.878296,-0.471924,-0.076660,1828.000000,543.588000,-19.992000,303.632000,3.116000,0.040000,3.141000,0
-2.121,4.2416,1.786,-0.0292968,-0.0289306,-0.002075,-0.0354,-0.017945,0.0101318,0.020019,-0.034058,-0.0388184,261.082000,-26.677400,-35.607100,-0.070557,-0.030762,0.996948,-0.472900,0.880981,-0.006348,-0.878296,-0.471924,-0.076660,1828.000000,543.588000,-19.992000,303.632000,3.116000,0.040000,3.141000,0
-2.121,4.2416,1.786,-0.0292968,-0.0289306,-0.002075,-0.0354,-0.017945,0.0101318,0.020019,-0.034058,-0.0388184,261.082000,-26.677400,-35.607100,-0.070557,-0.030762,0.996948,-0.472900,0.880981,-0.006348,-0.878296,-0.471924,-0.076660,1828.000000,543.588000,-19.992000,303.632000,3.116000,0.040000,3.141000,0
-2.121,4.2416,1.786,-0.0292968,-0.0289306,-0.002075,-0.0354,-0.017945,0.0101318,0.020019,-0.034058,-0.0388184,261.082000,-26.677400,-35.607100,-0.070557,-0.030762,0.996948,-0.472900,0.880981,-0.006348,-0.878296,-0.471924,-0.076660,1828.000000,543.588000,-19.992000,303.632000,3.116000,0.040000,3.141000,0
-2.121,4.2416,1.786,-0.0292968,-0.0289306,-0.002075,-0.0354,-0.017945,0.0101318,0.020019,-0.034058,-0.0388184,261.082000,-26.677400,-35.607100,-0.070557,-0.030762,0.996948,-0.472900,0.880981,-0.006348,-0.878296,-0.471924,-0.076660,1828.000000,543.588000,-19.993000,303.632000,3.116000,0.040000,3.141000,0
-2.121,4.2416,1.786,-0.0292968,-0.0289306,-0.002075,-0.0354,-0.017945,0.0101318,0.020019,-0.034058,-0.0388184,261.082000,-26.677400,-35.607100,-0.070557,-0.030762,0.996948,-0.472900,0.880981,-0.006348,-0.878296,-0.471924,-0.076660,1828.000000,543.588000,-19.992000,303.632000,3.116000,0.040000,3.141000,0
-2.121,4.2416,1.786,-0.0292968,-0.0289306,-0.002075,-0.0354,-0.017945,0.0101318,0.020019,-0.034058,-0.0388184,261.082000,-26.677400,-35.607100,-0.070557,-0.030762,0.996948,-0.472900,0.880981,-0.006348,-0.878296,-0.471924,-0.076660,1828.000000,543.588000,-19.992000,303.632000,3.116000,0.040000,3.141000,0
-2.121,4.2416,1.786,-0.0292968,-0.0289306,-0.002075,-0.0354,-0.017945,0.0101318,0.020019,-0.03418,-0.0388184,261.082000,-26.677400,-35.607100,-0.070557,-0.030762,0.996948,-0.472900,0.880981,-0.006348,-0.878296,-0.472046,-0.076660,1828.000000,543.588000,-19.992000,303.632000,3.116000,0.040000,3.141000,0
-2.121,4.2416,1.786,-0.0292968,-0.0289306,-0.002075,-0.0354,-0.017945,0.0101318,0.020019,-0.03418,-0.0388184,261.082000,-26.677400,-35.607100,-0.070557,-0.030762,0.996948,-0.472900,0.880981,-0.006348,-0.878296,-0.472046,-0.076660,1828.000000,543.588000,-19.992000,303.632000,3.116000,0.040000,3.141000,0
-2.121,4.2416,1.786,-0.0292968,-0.0289306,-0.002075,-0.0354,-0.017945,0.0101318,0.020019,-0.03418,-0.0388184,261.082000,-26.677400,-35.607100,-0.070557,-0.030762,0.996948,-0.472900,0.880981,-0.006348,-0.878296,-0.472046,-0.076660,1828.000000,543.588000,-19.992000,303.631000,3.116000,0.040000,3.141000,0
-2.121,4.2416,1.786,-0.0292968,-0.0289306,-0.002075,-0.0354,-0.017945,0.0101318,0.020019,-0.03418,-0.0388184,261.082000,-26.677400,-35.607100,-0.070557,-0.030762,0.996948,-0.472900,0.880981,-0.006348,-0.878296,-0.472046,-0.076660,1828.000000,543.588000,-19.992000,303.631000,3.116000,0.040000,3.141000,10
-2.121,4.2416,1.786,-0.0292968,-0.0289306,-0.002075,-0.0354,-0.017945,0.0101318,0.020019,-0.03418,-0.0388184,261.082000,-26.677400,-35.607100,-0.070557,-0.030762,0.996948,-0.472900,0.880981,-0.006348,-0.878296,-0.472046,-0.076660,1828.000000,543.588000,-19.992000,303.631000,3.116000,0.040000,3.141000,20
-2.121,4.2416,1.786,-0.0292968,-0.0289306,-0.002075,-0.0354,-0.017945,0.0101318,0.020019,-0.03418,-0.0388184,261.082000,-26.677400,-35.607100,-0.070557,-0.030762,0.996948,-0.472900,0.880981,-0.006348,-0.878296,-0.472046,-0.076660,1828.000000,543.588000,-19.992000,303.631000,3.116000,0.040000,3.141000,30
-2.121,4.2416,1.786,-0.0292968,-0.0289306,-0.002075,-0.0354,-0.017945,0.0101318,0.020019,-0.03418,-0.0388184,261.082000,-26.677400,-35.607100,-0.070557,-0.030762,0.996948,-0.472900,0.880981,-0.006348,-0.878296,-0.472046,-0.076660,1828.000000,543.588000,-19.992000,303.631000,3.116000,0.040000,3.141000,40
-2.121,4.2416,1.786,-0.0292968,-0.0289306,-0.002075,-0.0354,-0.017945,0.0101318,0.020019,-0.03418,-0.0388184,261.082000,-26.677400,-35.607100,-0.070557,-0.030762,0.996948,-0.472900,0.880981,-0.006348,-0.878296,-0.472046,-0.076660,1828.000000,543.588000,-19.992000,303.631000,3.116000,0.040000,3.141000,50
-2.121,4.2416,1.786,-0.0292968,-0.0289306,-0.002075,-0.0354,-0.017945,0.0101318,0.020019,-0.03418,-0.0389404,261.082000,-26.677400,-35.607100,-0.070557,-0.030762,0.996948,-0.472900,0.880981,-0.006348,-0.878296,-0.472046,-0.076782,1828.000000,543.588000,-19.992000,303.631000,3.116000,0.040000,3.141000,60
-2.121,4.2416,1.786,-0.0292968,-0.0289306,-0.002075,-0.0354,-0.017945,0.0101318,0.020019,-0.034058,-0.0389404,261.082000,-26.677400,-35.607100,-0.070557,-0.030762,0.996948,-0.472900,0.880981,-0.006348,-0.878296,-0.471924,-0.076782,1828.000000,543.588000,-19.992000,303.631000,3.116000,0.040000,3.141000,70
-2.121,4.2416,1.786,-0.0292968,-0.0289306,-0.002075,-0.0354,-0.017945,0.0101318,0.020019,-0.034058,-0.0389404,261.082000,-26.677400,-35.607100,-0.070557,-0.030762,0.996948,-0.472900,0.880981,-0.006348,-0.878296,-0.471924,-0.076782,1828.000000,543.588000,-19.993000,303.632000,3.116000,0.040000,3.141000,0
-2.121,4.2416,1.786,-0.0292968,-0.0289306,-0.002075,-0.0354,-0.017945,0.0101318,0.020019,-0.034058,-0.0389404,261.082000,-26.677400,-35.607100,-0.070557,-0.030762,0.996948,-0.472900,0.880981,-0.006348,-0.878296,-0.471924,-0.076782,1828.000000,543.588000,-19.993000,303.632000,3.116000,0.040000,3.141000,10
-2.121,4.2416,1.786,-0.0292968,-0.0289306,-0.002075,-0.0354,-0.017945,0.0101318,0.020019,-0.034058,-0.0389404,261.082000,-26.677400,-35.607100,-0.070557,-0.030762,0.996948,-0.472900,0.880981,-0.006348,-0.878296,-0.471924,-0.076782,1832.000000,543.588000,-19.993000,303.632000,3.116000,0.040000,3.141000,0
-2.121,4.2416,1.786,-0.0292968,-0.0289306,-0.002075,-0.0354,-0.017945,0.0101318,0.020019,-0.034058,-0.0389404,261.082000,-26.677400,-35.607100,-0.070557,-0.030762,0.996948,-0.472900,0.880981,-0.006348,-0.878296,-0.471924,-0.076782,1832.000000,543.588000,-19.993000,303.632000,3.116000,0.040000,3.141000,10
-2.121,4.2416,1.786,-0.0292968,-0.0289306,-0.002075,-0.0354,-0.017822,0.0101318,0.020019,-0.034058,-0.0389404,261.082000,-26.677400,-35.607100,-0.070557,-0.030762,0.996948,-0.472900,0.881104,-0.006348,-0.878296,-0.471924,-0.076782,1832.000000,543.588000,-19.993000,303.632000,3.116000,0.040000,3.141000,20
-2.121,4.2416,1.786,-0.0294189,-0.0289306,-0.002075,-0.0354,-0.017822,0.0101318,0.020019,-0.034058,-0.0389404,261.082000,-26.677400,-35.607100,-0.070679,-0.030762,0.996948,-0.472900,0.881104,-0.006348,-0.878296,-0.471924,-0.076782,1832.000000,543.588000,-19.992000,303.632000,3.116000,0.040000,3.141000,0
-2.121,4.2416,1.786,-0.0294189,-0.0289306,-0.002075,-0.0354,-0.017822,0.0101318,0.020019,-0.034058,-0.0389404,261.082000,-26.677400,-35.607100,-0.070679,-0.030762,0.996948,-0.472900,0.881104,-0.006348,-0.878296,-0.471924,-0.076782,1832.000000,543.588000,-19.992000,303.632000,3.116000,0.040000,3.141000,10
-2.121,4.2416,1.786,-0.0294189,-0.0289306,-0.002197,-0.0354,-0.017822,0.0101318,0.020019,-0.034058,-0.0389404,261.082000,-26.677400,-35.607100,-0.070679,-0.030762,0.996826,-0.472900,0.881104,-0.006348,-0.878296,-0.471924,-0.076782,1832.000000,543.589000,-19.993000,303.632000,3.116000,0.040000,3.141000,0
-2.121,4.2416,1.786,-0.0294189,-0.0289306,-0.002197,-0.035278,-0.017822,0.0101318,0.020019,-0.034058,-0.0389404,261.082000,-26.677400,-35.607100,-0.070679,-0.030762,0.996826,-0.472778,0.881104,-0.006348,-0.878296,-0.471924,-0.076782,1832.000000,543.589000,-19.993000,303.632000,3.116000,0.040000,3.141000,10
-2.121,4.2416,1.786,-0.0294189,-0.0289306,-0.002197,-0.0354,-0.017822,0.0101318,0.020019,-0.034058,-0.0389404,261.082000,-26.677400,-35.607100,-0.070679,-0.030762,0.996826,-0.472900,0.881104,-0.006348,-0.878296,-0.471924,-0.076782,1832.000000,543.588000,-19.993000,303.632000,3.116000,0.040000,3.141000,0
-2.121,4.2416,1.786,-0.0294189,-0.0289306,-0.002197,-0.0354,-0.017822,0.0100098,0.020019,-0.034058,-0.0389404,261.082000,-26.677400,-35.607100,-0.070679,-0.030762,0.996826,-0.472900,0.881104,-0.006470,-0.878296,-0.471924,-0.076782,1832.000000,543.588000,-19.993000,303.632000,3.116000,0.040000,3.141000,10
-2.121,4.2416,1.786,-0.029541,-0.0289306,-0.002197,-0.0354,-0.017822,0.0100098,0.020019,-0.034058,-0.0390625,261.082000,-26.677400,-35.607100,-0.070801,-0.030762,0.996826,-0.472900,0.881104,-0.006470,-0.878296,-0.471924,-0.076904,1832.000000,543.588000,-19.993000,303.632000,3.116000,0.040000,3.141000,19
-2.121,4.2416,1.786,-0.029541,-0.0289306,-0.002197,-0.0354,-0.017945,0.0101318,0.020019,-0.034058,-0.0390625,261.082000,-26.677400,-35.607100,-0.070801,-0.030762,0.996826,-0.472900,0.880981,-0.006348,-0.878296,-0.471924,-0.076904,1832.000000,543.588000,-19.993000,303.632000,3.116000,0.040000,3.141000,30
-2.121,4.2416,1.786,-0.029541,-0.0289306,-0.002197,-0.0354,-0.017945,0.0101318,0.020019,-0.034058,-0.0390625,261.082000,-26.677400,-35.607100,-0.070801,-0.030762,0.996826,-0.472900,0.880981,-0.006348,-0.878296,-0.471924,-0.076904,1832.000000,543.588000,-19.993000,303.632000,3.116000,0.040000,3.141000,40
-2.121,4.2416,1.786,-0.029541,-0.0289306,-0.002197,-0.0354,-0.017945,0.0101318,0.020019,-0.034058,-0.0390625,261.082000,-26.677400,-35.607100,-0.070801,-0.030762,0.996826,-0.472900,0.880981,-0.006348,-0.878296,-0.471924,-0.076904,1832.000000,543.588000,-19.993000,303.632000,3.116000,0.040000,3.141000,50
-2.121,4.2416,1.786,-0.029541,-0.0289306,-0.002197,-0.0354,-0.017945,0.0101318,0.020019,-0.034058,-0.0390625,261.082000,-26.677400,-35.607100,-0.070801,-0.030762,0.996826,-0.472900,0.880981,-0.006348,-0.878296,-0.471924,-0.076904,1832.000000,543.588000,-19.993000,303.632000,3.116000,0.040000,3.141000,60
-2.121,4.2416,1.786,-0.029541,-0.0289306,-0.002197,-0.0354,-0.017945,0.0101318,0.020019,-0.034058,-0.0390625,261.082000,-26.677400,-35.607100,-0.070801,-0.030762,0.996826,-0.472900,0.880981,-0.006348,-0.878296,-0.471924,-0.076904,1832.000000,543.589000,-19.993000,303.632000,3.116000,0.040000,3.141000,0
-2.121,4.2416,1.786,-0.029541,-0.0290527,-0.002197,-0.0354,-0.017945,0.0101318,0.020019,-0.034058,-0.0390625,261.082000,-26.677400,-35.607100,-0.070801,-0.030884,0.996826,-0.472900,0.880981,-0.006348,-0.878296,-0.471924,-0.076904,1832.000000,543.589000,-19.993000,303.632000,3.116000,0.040000,3.141000,0
-2.121,4.2416,1.786,-0.029541,-0.0290527,-0.002197,-0.0354,-0.017945,0.0101318,0.020019,-0.034058,-0.0390625,261.082000,-26.677400,-35.607100,-0.070801,-0.030884,0.996826,-0.472900,0.880981,-0.006348,-0.878296,-0.471924,-0.076904,1832.000000,543.589000,-19.993000,303.632000,3.116000,0.040000,3.141000,0
-2.121,4.2416,1.786,-0.029541,-0.0290527,-0.002197,-0.0354,-0.017945,0.0101318,0.020019,-0.034058,-0.0390625,261.082000,-26.677400,-35.607100,-0.070801,-0.030884,0.996826,-0.472900,0.880981,-0.006348,-0.878296,-0.471924,-0.076904,1832.000000,543.589000,-19.993000,303.632000,3.116000,0.040000,3.141000,0
-2.121,4.2416,1.786,-0.029541,-0.0289306,-0.002197,-0.0354,-0.017945,0.0101318,0.020019,-0.034058,-0.0390625,261.082000,-26.677400,-35.607100,-0.070801,-0.030762,0.996826,-0.472900,0.880981,-0.006348,-0.878296,-0.471924,-0.076904,1832.000000,543.589000,-19.993000,303.632000,3.116000,0.040000,3.141000,11
-2.121,4.2416,1.786,-0.029541,-0.0289306,-0.002197,-0.0354,-0.017945,0.0101318,0.020019,-0.034058,-0.0390625,261.082000,-26.677400,-35.607100,-0.070801,-0.030762,0.996826,-0.472900,0.880981,-0.006348,-0.878296,-0.471924,-0.076904,1832.000000,543.589000,-19.993000,303.632000,3.116000,0.040000,3.141000,21
-2.121,4.2416,1.786,-0.029541,-0.0289306,-0.002197,-0.0354,-0.017945,0.0101318,0.020019,-0.034058,-0.0390625,261.082000,-26.677400,-35.607100,-0.070801,-0.030762,0.996826,-0.472900,0.880981,-0.006348,-0.878296,-0.471924,-0.076904,1832.000000,543.588000,-19.993000,303.632000,3.116000,0.040000,3.141000,0
-2.121,4.2416,1.786,-0.029541,-0.0289306,-0.002197,-0.0354,-0.017945,0.0101318,0.020019,-0.034058,-0.0390625,261.082000,-26.677400,-35.607100,-0.070801,-0.030762,0.996826,-0.472900,0.880981,-0.006348,-0.878296,-0.471924,-0.076904,1832.000000,543.589000,-19.993000,303.632000,3.116000,0.040000,3.141000,0
-2.121,4.2416,1.786,-0.029541,-0.0289306,-0.002197,-0.0354,-0.017822,0.0101318,0.020019,-0.034058,-0.0390625,261.082000,-26.677400,-35.607100,-0.070801,-0.030762,0.996826,-0.472900,0.881104,-0.006348,-0.878296,-0.471924,-0.076904,1832.000000,543.589000,-19.993000,303.632000,3.116000,0.040000,3.141000,10
-2.121,4.2416,1.786,-0.029541,-0.0290527,-0.002197,-0.0354,-0.017822,0.0101318,0.020019,-0.034058,-0.0390625,261.082000,-26.677400,-35.607100,-0.070801,-0.030884,0.996826,-0.472900,0.881104,-0.006348,-0.878296,-0.471924,-0.076904,1832.000000,543.589000,-19.993000,303.632000,3.116000,0.040000,3.141000,20
-2.121,4.2416,1.786,-0.029541,-0.0290527,-0.002197,-0.0354,-0.017822,0.0101318,0.020019,-0.034058,-0.0390625,261.082000,-26.677400,-35.607100,-0.070801,-0.030884,0.996826,-0.472900,0.881104,-0.006348,-0.878296,-0.471924,-0.076904,1832.000000,543.589000,-19.993000,303.632000,3.116000,0.040000,3.141000,30
-2.121,4.2416,1.786,-0.029541,-0.0290527,-0.002197,-0.0354,-0.017822,0.0101318,0.020019,-0.034058,-0.0390625,261.082000,-26.677400,-35.607100,-0.070801,-0.030884,0.996826,-0.472900,0.881104,-0.006348,-0.878296,-0.471924,-0.076904,1832.000000,543.589000,-19.993000,303.632000,3.116000,0.040000,3.141000,40
-2.121,4.2416,1.786,-0.029541,-0.0290527,-0.002197,-0.035278,-0.017822,0.0101318,0.020019,-0.034058,-0.0390625,261.082000,-26.677400,-35.607100,-0.070801,-0.030884,0.996826,-0.472778,0.881104,-0.006348,-0.878296,-0.471924,-0.076904,1832.000000,543.589000,-19.993000,303.632000,3.116000,0.040000,3.141000,0
-2.121,4.2416,1.786,-0.029541,-0.0290527,-0.002197,-0.035278,-0.017822,0.0101318,0.020019,-0.033936,-0.0390625,261.082000,-26.677400,-35.607100,-0.070801,-0.030884,0.996826,-0.472778,0.881104,-0.006348,-0.878296,-0.471802,-0.076904,1832.000000,543.589000,-19.993000,303.632000,3.116000,0.040000,3.141000,0
-2.121,4.2416,1.786,-0.0294189,-0.0289306,-0.002197,-0.035278,-0.017822,0.0101318,0.019897,-0.033936,-0.0390625,261.082000,-26.677400,-35.607100,-0.070679,-0.030762,0.996826,-0.472778,0.881104,-0.006348,-0.878418,-0.471802,-0.076904,1832.000000,543.589000,-19.993000,303.632000,3.116000,0.040000,3.141000,0
-2.121,4.2416,1.786,-0.0294189,-0.0289306,-0.002197,-0.035278,-0.017822,0.0101318,0.019897,-0.033936,-0.0390625,261.082000,-26.677400,-35.607100,-0.070679,-0.030762,0.996826,-0.472778,0.881104,-0.006348,-0.878418,-0.471802,-0.076904,1832.000000,543.589000,-19.993000,303.632000,3.116000,0.040000,3.141000,0
-2.121,4.2416,1.786,-0.0294189,-0.0289306,-0.002197,-0.035278,-0.017822,0.0101318,0.019897,-0.033936,-0.0390625,261.082000,-26.677400,-35.607100,-0.070679,-0.030762,0.996826,-0.472778,0.881104,-0.006348,-0.878418,-0.471802,-0.076904,1832.000000,543.589000,-19.993000,303.632000,3.116000,0.040000,3.141000,10
-2.121,4.2416,1.786,-0.0294189,-0.0289306,-0.002197,-0.035278,-0.017822,0.0101318,0.019897,-0.033936,-0.0389404,261.082000,-26.677400,-35.607100,-0.070679,-0.030762,0.996826,-0.472778,0.881104,-0.006348,-0.878418,-0.471802,-0.076782,1832.000000,543.589000,-19.993000,303.632000,3.116000,0.040000,3.141000,20
-2.121,4.2416,1.786,-0.0294189,-0.0289306,-0.002197,-0.035278,-0.017822,0.0101318,0.019897,-0.033936,-0.0389404,261.082000,-26.677400,-35.607100,-0.070679,-0.030762,0.996826,-0.472778,0.881104,-0.006348,-0.878418,-0.471802,-0.076782,1832.000000,543.589000,-19.993000,303.632000,3.116000,0.040000,3.141000,0
-2.121,4.2416,1.786,-0.0294189,-0.0289306,-0.002197,-0.035278,-0.017822,0.0101318,0.019897,-0.033936,-0.0389404,261.082000,-26.677400,-35.607100,-0.070679,-0.030762,0.996826,-0.472778,0.881104,-0.006348,-0.878418,-0.471802,-0.076782,1832.000000,543.589000,-19.993000,303.632000,3.116000,0.040000,3.141000,10
-2.121,4.2416,1.786,-0.0294189,-0.0289306,-0.002197,-0.035278,-0.017822,0.0101318,0.019897,-0.033936,-0.0389404,261.082000,-26.677400,-35.607100,-0.070679,-0.030762,0.996826,-0.472778,0.881104,-0.006348,-0.878418,-0.471802,-0.076782,1832.000000,543.589000,-19.993000,303.632000,3.116000,0.040000,3.141000,20
-2.121,4.2416,1.786,-0.0294189,-0.0289306,-0.002197,-0.035278,-0.017822,0.0101318,0.020019,-0.034058,-0.0389404,261.082000,-26.677400,-35.607100,-0.070679,-0.030762,0.996826,-0.472778,0.881104,-0.006348,-0.878296,-0.471924,-0.076782,1832.000000,543.589000,-19.993000,303.632000,3.116000,0.040000,3.141000,0
-2.121,4.2416,1.786,-0.0292968,-0.0289306,-0.002075,-0.035278,-0.017822,0.0101318,0.020019,-0.034058,-0.0389404,261.082000,-26.677400,-35.607100,-0.070557,-0.030762,0.996948,-0.472778,0.881104,-0.006348,-0.878296,-0.471924,-0.076782,1832.000000,543.589000,-19.993000,303.632000,3.116000,0.040000,3.141000,10
-2.121,4.2416,1.786,-0.0292968,-0.0289306,-0.002075,-0.0354,-0.017822,0.0102539,0.020019,-0.034058,-0.0389404,261.082000,-26.677400,-35.607100,-0.070557,-0.030762,0.996948,-0.472900,0.881104,-0.006226,-0.878296,-0.471924,-0.076782,1832.000000,543.589000,-19.993000,303.632000,3.116000,0.040000,3.141000,20
-2.121,4.2416,1.786,-0.0292968,-0.0289306,-0.002075,-0.0354,-0.017822,0.0102539,0.020019,-0.034058,-0.0389404,261.082000,-26.677400,-35.607100,-0.070557,-0.030762,0.996948,-0.472900,0.881104,-0.006226,-0.878296,-0.471924,-0.076782,1832.000000,543.589000,-19.993000,303.632000,3.116000,0.040000,3.141000,30
-2.121,4.2416,1.786,-0.0292968,-0.0289306,-0.002075,-0.0354,-0.017822,0.0102539,0.020019,-0.034058,-0.0389404,261.082000,-26.677400,-35.607100,-0.070557,-0.030762,0.996948,-0.472900,0.881104,-0.006226,-0.878296,-0.471924,-0.076782,1832.000000,543.589000,-19.993000,303.632000,3.116000,0.040000,3.141000,40
-2.121,4.2416,1.786,-0.0292968,-0.0289306,-0.002075,-0.0354,-0.017822,0.0102539,0.020019,-0.034058,-0.0389404,261.082000,-26.677400,-35.607100,-0.070557,-0.030762,0.996948,-0.472900,0.881104,-0.006226,-0.878296,-0.471924,-0.076782,1832.000000,543.593000,-19.993000,303.635000,3.116000,0.040000,3.141000,0
-2.121,4.2416,1.786,-0.0292968,-0.0289306,-0.002075,-0.0354,-0.017822,0.0102539,0.020019,-0.034058,-0.0389404,261.082000,-26.677400,-35.607100,-0.070557,-0.030762,0.996948,-0.472900,0.881104,-0.006226,-0.878296,-0.471924,-0.076782,1832.000000,543.593000,-19.993000,303.635000,3.116000,0.040000,3.141000,10
-2.121,4.2416,1.786,-0.0292968,-0.0289306,-0.002075,-0.0354,-0.017822,0.0102539,0.020019,-0.034058,-0.0389404,261.082000,-26.677400,-35.607100,-0.070557,-0.030762,0.996948,-0.472900,0.881104,-0.006226,-0.878296,-0.471924,-0.076782,1832.000000,543.601000,-19.993000,303.642000,3.116000,0.040000,3.141000,0
-2.121,4.2416,1.786,-0.0292968,-0.0290527,-0.002075,-0.0354,-0.017822,0.0102539,0.020019,-0.034058,-0.0389404,261.082000,-26.677400,-35.607100,-0.070557,-0.030884,0.996948,-0.472900,0.881104,-0.006226,-0.878296,-0.471924,-0.076782,1832.000000,543.613000,-19.993000,303.652000,3.116000,0.040000,3.141000,0
-2.121,4.2416,1.786,-0.0292968,-0.0290527,-0.002075,-0.0354,-0.017822,0.0102539,0.020019,-0.034058,-0.0389404,261.082000,-26.677400,-35.607100,-0.070557,-0.030884,0.996948,-0.472900,0.881104,-0.006226,-0.878296,-0.471924,-0.076782,1832.000000,543.621000,-19.993000,303.659000,3.116000,0.040000,3.141000,0
-2.121,4.2416,1.786,-0.0292968,-0.0289306,-0.002075,-0.0354,-0.017822,0.0102539,0.020019,-0.034058,-0.0389404,261.082000,-26.677400,-35.607100,-0.070557,-0.030762,0.996948,-0.472900,0.881104,-0.006226,-0.878296,-0.471924,-0.076782,1832.000000,543.621000,-19.993000,303.659000,3.116000,0.040000,3.141000,12
-2.121,4.2416,1.786,-0.0292968,-0.0289306,-0.002075,-0.035278,-0.017822,0.0102539,0.020019,-0.034058,-0.0389404,261.082000,-26.677400,-35.607100,-0.070557,-0.030762,0.996948,-0.472778,0.881104,-0.006226,-0.878296,-0.471924,-0.076782,1836.000000,543.621000,-19.993000,303.659000,3.116000,0.040000,3.141000,22
-2.121,4.2416,1.786,-0.0292968,-0.0289306,-0.002075,-0.035278,-0.017822,0.0102539,0.020019,-0.034058,-0.0389404,261.082000,-26.677400,-35.607100,-0.070557,-0.030762,0.996948,-0.472778,0.881104,-0.006226,-0.878296,-0.471924,-0.076782,1836.000000,543.661000,-19.993000,303.692000,3.116000,0.040000,3.141000,0
-2.121,4.2416,1.786,-0.0292968,-0.0289306,-0.002075,-0.035278,-0.017822,0.0102539,0.019897,-0.033936,-0.0389404,261.082000,-26.677400,-35.607100,-0.070557,-0.030762,0.996948,-0.472778,0.881104,-0.006226,-0.878418,-0.471802,-0.076782,1836.000000,543.663000,-19.993000,303.693000,3.116000,0.040000,3.141000,0
-2.121,4.2416,1.786,-0.0292968,-0.0289306,-0.002075,-0.035278,-0.017822,0.0102539,0.019897,-0.033936,-0.0389404,261.082000,-26.677400,-35.607100,-0.070557,-0.030762,0.996948,-0.472778,0.881104,-0.006226,-0.878418,-0.471802,-0.076782,1836.000000,543.663000,-19.993000,303.693000,3.116000,0.040000,3.141000,10
-2.121,4.2416,1.786,-0.0292968,-0.0289306,-0.002075,-0.035278,-0.017822,0.0102539,0.019897,-0.033936,-0.0389404,261.082000,-26.677400,-35.607100,-0.070557,-0.030762,0.996948,-0.472778,0.881104,-0.006226,-0.878418,-0.471802,-0.076782,1836.000000,543.663000,-19.993000,303.693000,3.116000,0.040000,3.141000,20
-2.121,4.2416,1.786,-0.0292968,-0.0290527,-0.002075,-0.035278,-0.017822,0.0102539,0.019897,-0.033936,-0.0388184,261.082000,-26.677400,-35.607100,-0.070557,-0.030884,0.996948,-0.472778,0.881104,-0.006226,-0.878418,-0.471802,-0.076660,1836.000000,543.691000,-19.992000,303.701000,3.116000,0.040000,3.141000,0
-2.121,4.2416,1.786,-0.0292968,-0.0290527,-0.002075,-0.035278,-0.017822,0.0102539,0.019897,-0.033936,-0.0388184,261.082000,-26.677400,-35.607100,-0.070557,-0.030884,0.996948,-0.472778,0.881104,-0.006226,-0.878418,-0.471802,-0.076660,1836.000000,543.691000,-19.992000,303.701000,3.116000,0.040000,3.141000,10
-2.121,4.2416,1.786,-0.0292968,-0.0290527,-0.002075,-0.035278,-0.017822,0.0102539,0.019897,-0.033936,-0.0388184,261.082000,-26.677400,-35.607100,-0.070557,-0.030884,0.996948,-0.472778,0.881104,-0.006226,-0.878418,-0.471802,-0.076660,1836.000000,543.743000,-19.994000,303.702000,3.116000,0.040000,3.141000,0
-2.121,4.2416,1.786,-0.0292968,-0.0290527,-0.002075,-0.035278,-0.017822,0.0102539,0.019897,-0.033936,-0.0388184,261.082000,-26.677400,-35.607100,-0.070557,-0.030884,0.996948,-0.472778,0.881104,-0.006226,-0.878418,-0.471802,-0.076660,1836.000000,543.750000,-19.994000,303.702000,3.116000,0.040000,3.141000,0
-2.121,4.2416,1.786,-0.0292968,-0.0290527,-0.002075,-0.035278,-0.017822,0.0102539,0.019897,-0.033936,-0.0389404,261.082000,-26.677400,-35.607100,-0.070557,-0.030884,0.996948,-0.472778,0.881104,-0.006226,-0.878418,-0.471802,-0.076782,1836.000000,543.750000,-19.994000,303.702000,3.116000,0.040000,3.141000,10
-2.121,4.2416,1.786,-0.0292968,-0.0290527,-0.002075,-0.035278,-0.017822,0.0102539,0.019897,-0.033936,-0.0389404,261.082000,-26.677400,-35.607100,-0.070557,-0.030884,0.996948,-0.472778,0.881104,-0.006226,-0.878418,-0.471802,-0.076782,1836.000000,543.750000,-19.994000,303.702000,3.116000,0.040000,3.141000,20
-2.121,4.2416,1.786,-0.0292968,-0.0290527,-0.002075,-0.035278,-0.017822,0.0102539,0.019897,-0.033936,-0.0389404,261.082000,-26.677400,-35.607100,-0.070557,-0.030884,0.996948,-0.472778,0.881104,-0.006226,-0.878418,-0.471802,-0.076782,1836.000000,543.825000,-19.993000,303.697000,3.116000,0.040000,3.141000,0
-2.233,4.2416,1.786,-0.0292968,-0.0290527,-0.002075,-0.035278,-0.017822,0.0102539,0.019897,-0.033936,-0.0389404,260.970000,-26.677400,-35.607100,-0.070557,-0.030884,0.996948,-0.472778,0.881104,-0.006226,-0.878418,-0.471802,-0.076782,1840.000000,543.825000,-19.993000,303.697000,3.116000,0.040000,3.141000,14
-2.233,4.2416,1.786,-0.0292968,-0.0290527,-0.002075,-0.035278,-0.017822,0.0102539,0.019897,-0.034058,-0.0389404,260.970000,-26.677400,-35.607100,-0.070557,-0.030884,0.996948,-0.472778,0.881104,-0.006226,-0.878418,-0.471924,-0.076782,1840.000000,543.895000,-19.990000,303.692000,3.116000,0.040000,3.141000,0
-2.233,4.2416,1.786,-0.0292968,-0.0290527,-0.002075,-0.0354,-0.017822,0.0102539,0.020019,-0.034058,-0.0389404,260.970000,-26.677400,-35.607100,-0.070557,-0.030884,0.996948,-0.472900,0.881104,-0.006226,-0.878296,-0.471924,-0.076782,1840.000000,543.912000,-19.990000,303.692000,3.116000,0.040000,3.141000,0
-2.233,4.2416,1.786,-0.0292968,-0.0290527,-0.002075,-0.0354,-0.017822,0.0102539,0.020019,-0.034058,-0.0388184,260.970000,-26.677400,-35.607100,-0.070557,-0.030884,0.996948,-0.472900,0.881104,-0.006226,-0.878296,-0.471924,-0.076660,1840.000000,543.912000,-19.990000,303.692000,3.116000,0.040000,3.141000,10
-2.233,4.2416,1.786,-0.0292968,-0.0290527,-0.002075,-0.0354,-0.017822,0.010376,0.020019,-0.034058,-0.0388184,260.970000,-26.677400,-35.607100,-0.070557,-0.030884,0.996948,-0.472900,0.881104,-0.006104,-0.878296,-0.471924,-0.076660,1840.000000,544.007000,-19.992000,303.697000,3.116000,0.040000,3.141000,0
-2.233,4.2416,1.786,-0.0291748,-0.0290527,-0.002075,-0.0354,-0.017945,0.010376,0.020019,-0.034058,-0.0388184,260.970000,-26.677400,-35.607100,-0.070435,-0.030884,0.996948,-0.472900,0.880981,-0.006104,-0.878296,-0.471924,-0.076660,1840.000000,544.033000,-19.993000,303.699000,3.116000,0.040000,3.141000,0
-2.233,4.2416,1.786,-0.0291748,-0.0290527,-0.002075,-0.0354,-0.017945,0.010376,0.020019,-0.034058,-0.0388184,260.970000,-26.677400,-35.607100,-0.070435,-0.030884,0.996948,-0.472900,0.880981,-0.006104,-0.878296,-0.471924,-0.076660,1840.000000,544.033000,-19.993000,303.699000,3.116000,0.040000,3.141000,10
-2.233,4.3532,1.786,-0.0292968,-0.0291748,-0.002075,-0.0354,-0.017945,0.010376,0.020019,-0.03418,-0.0389404,260.970000,-26.565800,-35.607100,-0.070557,-0.031006,0.996948,-0.472900,0.880981,-0.006104,-0.878296,-0.472046,-0.076782,1840.000000,544.168000,-19.991000,303.712000,3.116000,0.040000,3.141000,0
-2.233,4.3532,1.786,-0.0292968,-0.0291748,-0.002075,-0.035522,-0.017945,0.010376,0.020019,-0.03418,-0.0389404,260.970000,-26.565800,-35.607100,-0.070557,-0.031006,0.996948,-0.473022,0.880981,-0.006104,-0.878296,-0.472046,-0.076782,1840.000000,544.179000,-19.991000,303.713000,3.116000,0.040000,3.141000,0
-2.233,4.3532,1.786,-0.0292968,-0.0291748,-0.002197,-0.035522,-0.017945,0.010376,0.020019,-0.03418,-0.0389404,260.970000,-26.565800,-35.607100,-0.070557,-0.031006,0.996826,-0.473022,0.880981,-0.006104,-0.878296,-0.472046,-0.076782,1844.000000,544.179000,-19.991000,303.713000,3.116000,0.040000,3.141000,10
-2.233,4.3532,1.786,-0.0294189,-0.0291748,-0.002197,-0.035522,-0.017945,0.010376,0.020141,-0.03418,-0.0390625,260.970000,-26.565800,-35.607100,-0.070679,-0.031006,0.996826,-0.473022,0.880981,-0.006104,-0.878174,-0.472046,-0.076904,1844.000000,544.302000,-19.989000,303.722000,3.116000,0.040000,3.141000,0
-2.233,4.3532,1.786,-0.0294189,-0.0291748,-0.002197,-0.035645,-0.018067,0.010376,0.020141,-0.034302,-0.0390625,260.970000,-26.565800,-35.607100,-0.070679,-0.031006,0.996826,-0.473145,0.880859,-0.006104,-0.878174,-0.472168,-0.076904,1844.000000,544.302000,-19.989000,303.722000,3.116000,0.040000,3.141000,10
-2.233,4.3532,1.786,-0.0294189,-0.0291748,-0.002197,-0.035645,-0.018067,0.0102539,0.020141,-0.034302,-0.0390625,260.970000,-26.565800,-35.607100,-0.070679,-0.031006,0.996826,-0.473145,0.880859,-0.006226,-0.878174,-0.472168,-0.076904,1844.000000,544.419000,-19.989000,303.720000,3.116000,0.040000,3.141000,0
-2.233,4.3532,1.786,-0.0294189,-0.0291748,-0.002197,-0.035645,-0.018067,0.0102539,0.020141,-0.034302,-0.0390625,260.970000,-26.565800,-35.607100,-0.070679,-0.031006,0.996826,-0.473145,0.880859,-0.006226,-0.878174,-0.472168,-0.076904,1844.000000,544.504000,-19.991000,303.718000,3.116000,0.040000,3.141000,0
-2.233,4.3532,1.786,-0.029541,-0.0291748,-0.002197,-0.035645,-0.018067,0.0102539,0.020141,-0.034302,-0.0391846,260.970000,-26.565800,-35.607100,-0.070801,-0.031006,0.996826,-0.473145,0.880859,-0.006226,-0.878174,-0.472168,-0.077026,1844.000000,544.579000,-19.992000,303.711000,3.116000,0.040000,3.141000,0
-2.233,4.3532,1.786,-0.029541,-0.0291748,-0.002197,-0.035767,-0.018067,0.0102539,0.020141,-0.034424,-0.0391846,260.970000,-26.565800,-35.607100,-0.070801,-0.031006,0.996826,-0.473267,0.880859,-0.006226,-0.878174,-0.472290,-0.077026,1848.000000,544.655000,-19.989000,303.705000,3.116000,0.039000,3.141000,0
-2.233,4.3532,1.786,-0.029541,-0.0291748,-0.002197,-0.035767,-0.018067,0.0102539,0.020141,-0.034424,-0.0391846,260.970000,-26.565800,-35.607100,-0.070801,-0.031006,0.996826,-0.473267,0.880859,-0.006226,-0.878174,-0.472290,-0.077026,1848.000000,544.718000,-19.987000,303.704000,3.116000,0.039000,3.141000,0
-2.233,4.3532,1.786,-0.029541,-0.0292968,-0.002197,-0.035767,-0.018067,0.0102539,0.020141,-0.034424,-0.0393066,260.970000,-26.565800,-35.607100,-0.070801,-0.031128,0.996826,-0.473267,0.880859,-0.006226,-0.878174,-0.472290,-0.077148,1848.000000,544.810000,-19.986000,303.711000,3.116000,0.039000,3.141000,0
-2.233,4.3532,1.786,-0.0296631,-0.0292968,-0.002197,-0.035767,-0.018067,0.0102539,0.020141,-0.034424,-0.0393066,260.970000,-26.565800,-35.607100,-0.070923,-0.031128,0.996826,-0.473267,0.880859,-0.006226,-0.878174,-0.472290,-0.077148,1848.000000,544.919000,-19.985000,303.728000,3.116000,0.039000,3.141000,0
