Dif_X,Dif_Y,Dif_Z,Dif_X1,Dif_X2,Dif_X3,Dif_Y1,Dif_Y2,Dif_Y3,Dif_Z1,Dif_Z2,Dif_Z3,NDI_X,NDI_Y,NDI_Z,NDI_Rot_X1,NDI_Rot_X2,NDI_Rot_X3,NDI_Rot_Y1,NDI_Rot_Y2,NDI_Rot_Y3,NDI_Rot_Z1,NDI_Rot_Z2,NDI_Rot_Z3,NDI_Quality,Kuka_X,Kuka_Y,Kuka_Z,Kuka_A,Kuka_B,Kuka_C,Kuka_TSL
-10.939,0,-8.8181,0.0222168,-0.0101318,0.000977,-0.008178,-0.00354,0.0185547,0.002929,-0.007324,0.015625,254.831000,19.087200,-45.541400,-0.031494,-0.005981,0.999390,-0.441528,0.897217,-0.008545,-0.896729,-0.441528,-0.030884,2828.000000,614.253000,-20.048000,304.593000,3.117000,0.040000,3.141000,0
-10.827,0.1116,-8.4832,0.0206298,-0.0118408,0.000855,-0.009399,-0.004151,0.0194092,0.00354,-0.008545,0.0134277,254.943000,19.198800,-45.206500,-0.033081,-0.007690,0.999268,-0.442749,0.896606,-0.007690,-0.896118,-0.442749,-0.033081,2852.000000,614.018000,-20.049000,304.597000,3.117000,0.040000,3.141000,0
-10.716,0.2232,-8.26,0.0195312,-0.0129394,0.000855,-0.010131,-0.004517,0.0198975,0.004028,-0.009277,0.012085,255.054000,19.310400,-44.983300,-0.034180,-0.008789,0.999268,-0.443481,0.896240,-0.007202,-0.895630,-0.443481,-0.034424,2868.000000,613.728000,-20.050000,304.606000,3.117000,0.040000,3.141000,0
-10.604,0.3349,-7.9251,0.0179443,-0.0145264,0.000733,-0.01123,-0.005127,0.0203857,0.004638,-0.010254,0.0098877,255.166000,19.422100,-44.648400,-0.035767,-0.010376,0.999146,-0.444580,0.895630,-0.006714,-0.895020,-0.444458,-0.036621,2892.000000,613.439000,-20.050000,304.618000,3.117000,0.040000,3.141000,0
-10.493,0.4465,-7.7019,0.0168457,-0.0155029,0.000733,-0.01184,-0.005371,0.0207519,0.005005,-0.010864,0.0084229,255.277000,19.533700,-44.425200,-0.036865,-0.011352,0.999146,-0.445190,0.895386,-0.006348,-0.894653,-0.445068,-0.038086,2908.000000,613.144000,-20.050000,304.625000,3.117000,0.040000,3.141000,0
-10.381,0.5581,-7.5903,0.015747,-0.0163574,0.00061,-0.012451,-0.005737,0.0209961,0.005249,-0.011475,0.0070801,255.389000,19.645300,-44.313600,-0.037964,-0.012207,0.999023,-0.445801,0.895020,-0.006104,-0.894409,-0.445679,-0.039429,2924.000000,612.849000,-20.052000,304.621000,3.117000,0.040000,3.141000,0
-10.158,0.6697,-7.2554,0.0141601,-0.0175781,0.00061,-0.013305,-0.006104,0.0213623,0.005737,-0.012329,0.005127,255.612000,19.756900,-43.978700,-0.039551,-0.013428,0.999023,-0.446655,0.894653,-0.005737,-0.893921,-0.446533,-0.041382,2948.000000,612.556000,-20.053000,304.623000,3.117000,0.040000,3.141000,0
-9.823,0.893,-6.5857,0.0107421,-0.0200195,0.000366,-0.015258,-0.00708,0.0219727,0.006958,-0.01416,0.0010986,255.947000,19.980200,-43.309000,-0.042969,-0.015869,0.998779,-0.448608,0.893677,-0.005127,-0.892700,-0.448364,-0.045410,2992.000000,611.658000,-20.050000,304.616000,3.117000,0.039000,3.141000,0
-9.711,1.0046,-6.4741,0.0098877,-0.020752,0.000366,-0.015869,-0.007446,0.0222168,0.007202,-0.014649,-0.0001221,256.059000,20.091800,-43.197400,-0.043823,-0.016602,0.998779,-0.449219,0.893311,-0.004883,-0.892456,-0.448853,-0.046631,3004.000000,611.330000,-20.048000,304.613000,3.117000,0.039000,3.141000,0
-9.6,1.1162,-6.1392,0.0085449,-0.0217285,0.000244,-0.016723,-0.007813,0.0224609,0.007812,-0.015503,-0.001709,256.170000,20.203400,-42.862500,-0.045166,-0.017578,0.998657,-0.450073,0.892944,-0.004639,-0.891846,-0.449707,-0.048218,3016.000000,611.062000,-20.047000,304.607000,3.117000,0.039000,3.141000,0
-9.265,1.2278,-5.6927,0.0062255,-0.0234375,0.000122,-0.01831,-0.008667,0.0227051,0.008667,-0.01709,-0.0045166,256.505000,20.315000,-42.416000,-0.047485,-0.019287,0.998535,-0.451660,0.892090,-0.004395,-0.890991,-0.451294,-0.051025,3036.000000,610.461000,-20.048000,304.579000,3.117000,0.039000,3.141000,0
-9.153,1.3395,-5.4695,0.005249,-0.0240479,0.000122,-0.018921,-0.008911,0.0229492,0.009033,-0.0177,-0.0057373,256.617000,20.426700,-42.192800,-0.048462,-0.019897,0.998535,-0.452271,0.891846,-0.004150,-0.890625,-0.451904,-0.052246,3040.000000,610.164000,-20.048000,304.576000,3.117000,0.039000,3.141000,0
-9.041,1.4511,-5.3579,0.0042724,-0.0246582,0,-0.019653,-0.009278,0.0229492,0.009399,-0.018311,-0.0068359,256.729000,20.538300,-42.081200,-0.049439,-0.020508,0.998413,-0.453003,0.891479,-0.004150,-0.890259,-0.452515,-0.053345,3044.000000,609.871000,-20.049000,304.575000,3.117000,0.039000,3.141000,0
-8.818,1.5627,-5.023,0.0028076,-0.0256348,-0.000122,-0.020507,-0.009766,0.0230713,0.01001,-0.019165,-0.0085449,256.952000,20.649900,-41.746300,-0.050903,-0.021484,0.998291,-0.453857,0.890991,-0.004028,-0.889648,-0.453369,-0.055054,3048.000000,609.578000,-20.050000,304.570000,3.117000,0.039000,3.141000,0
-8.707,1.6743,-4.7997,0.001831,-0.0262451,-0.000122,-0.021118,-0.010132,0.0231934,0.010376,-0.019775,-0.0096435,257.063000,20.761500,-41.523000,-0.051880,-0.022095,0.998291,-0.454468,0.890625,-0.003906,-0.889282,-0.453979,-0.056152,3048.000000,609.279000,-20.051000,304.571000,3.117000,0.039000,3.141000,0
-8.595,1.7859,-4.5765,0.0004882,-0.0269775,-0.000244,-0.021972,-0.010498,0.0231934,0.010864,-0.02063,-0.0112305,257.175000,20.873100,-41.299800,-0.053223,-0.022827,0.998169,-0.455322,0.890259,-0.003906,-0.888794,-0.454834,-0.057739,3048.000000,608.977000,-20.052000,304.576000,3.117000,0.039000,3.141000,0
-8.483,1.8976,-4.3533,-0.0003662,-0.0274658,-0.000244,-0.022461,-0.010742,0.0231934,0.01123,-0.021118,-0.012207,257.287000,20.984800,-41.076600,-0.054077,-0.023315,0.998169,-0.455811,0.890015,-0.003906,-0.888428,-0.455322,-0.058716,3044.000000,608.689000,-20.054000,304.583000,3.117000,0.039000,3.141000,0
-8.149,2.0092,-3.9068,-0.0025635,-0.0284424,-0.000488,-0.023681,-0.011353,0.0230713,0.011963,-0.022217,-0.0146484,257.621000,21.096400,-40.630100,-0.056274,-0.024292,0.997925,-0.457031,0.889404,-0.004028,-0.887695,-0.456421,-0.061157,3032.000000,608.099000,-20.056000,304.603000,3.117000,0.039000,3.141000,0
-8.037,2.1208,-3.6835,-0.003418,-0.0288086,-0.000488,-0.024047,-0.011597,0.0229492,0.012207,-0.022583,-0.0155029,257.733000,21.208000,-40.406800,-0.057129,-0.024658,0.997925,-0.457397,0.889160,-0.004150,-0.887451,-0.456787,-0.062012,3028.000000,607.801000,-20.057000,304.608000,3.117000,0.039000,3.141000,0
-7.702,2.2324,-3.3487,-0.0053711,-0.029541,-0.00061,-0.024902,-0.011963,0.022583,0.012695,-0.023316,-0.0175781,258.068000,21.319600,-40.072000,-0.059082,-0.025391,0.997803,-0.458252,0.888794,-0.004517,-0.886963,-0.457520,-0.064087,3008.000000,607.217000,-20.060000,304.640000,3.117000,0.039000,3.141000,0
-7.479,2.344,-2.9022,-0.0070801,-0.0300293,-0.000732,-0.025634,-0.012329,0.0222168,0.013305,-0.024048,-0.0192871,258.291000,21.431200,-39.625500,-0.060791,-0.025879,0.997681,-0.458984,0.888428,-0.004883,-0.886353,-0.458252,-0.065796,2976.000000,606.609000,-20.061000,304.647000,3.117000,0.039000,3.141000,0
-7.144,2.4557,-2.5673,-0.008545,-0.0305176,-0.000854,-0.026367,-0.012818,0.0218506,0.013794,-0.02478,-0.020874,258.626000,21.542900,-39.290600,-0.062256,-0.026367,0.997559,-0.459717,0.887939,-0.005249,-0.885864,-0.458984,-0.067383,2944.000000,606.013000,-20.060000,304.661000,3.117000,0.039000,3.141000,0
-6.809,2.5673,-2.1208,-0.0104981,-0.0310059,-0.000976,-0.027588,-0.013428,0.0213623,0.014526,-0.026001,-0.0229492,258.961000,21.654500,-38.844100,-0.064209,-0.026856,0.997437,-0.460938,0.887329,-0.005737,-0.885132,-0.460205,-0.069458,2888.000000,605.111000,-20.058000,304.663000,3.117000,0.039000,3.141000,0
-6.697,2.6789,-2.0092,-0.0111084,-0.0311279,-0.000976,-0.027832,-0.01355,0.0211182,0.01477,-0.026245,-0.0234375,259.073000,21.766100,-38.732500,-0.064819,-0.026978,0.997437,-0.461182,0.887207,-0.005981,-0.884888,-0.460449,-0.069946,2868.000000,604.814000,-20.057000,304.666000,3.117000,0.039000,3.141000,0
-6.363,2.7905,-1.6744,-0.0123291,-0.0314942,-0.001099,-0.028564,-0.013916,0.0207519,0.015137,-0.026978,-0.0246582,259.407000,21.877700,-38.397700,-0.066040,-0.027344,0.997314,-0.461914,0.886841,-0.006348,-0.884521,-0.461182,-0.071167,2820.000000,604.221000,-20.058000,304.698000,3.117000,0.039000,3.141000,0
-6.028,2.9022,-1.3395,-0.0135498,-0.0316162,-0.001221,-0.029296,-0.014282,0.0202637,0.015625,-0.027588,-0.0258789,259.742000,21.989400,-38.062800,-0.067261,-0.027466,0.997192,-0.462646,0.886475,-0.006836,-0.884033,-0.461792,-0.072388,2748.000000,603.331000,-20.058000,304.705000,3.117000,0.040000,3.141000,0
-5.581,3.0138,-1.0046,-0.0150147,-0.0316162,-0.001343,-0.029785,-0.014527,0.0196533,0.015991,-0.028198,-0.0270996,260.189000,22.101000,-37.727900,-0.068726,-0.027466,0.997070,-0.463135,0.886230,-0.007446,-0.883667,-0.462402,-0.073608,2640.000000,602.130000,-20.066000,304.700000,3.117000,0.040000,3.141000,0
-5.135,3.1254,-0.5581,-0.0161133,-0.03125,-0.001343,-0.030273,-0.014771,0.0186767,0.016357,-0.028687,-0.027832,260.635000,22.212600,-37.281400,-0.069824,-0.027100,0.997070,-0.463623,0.885986,-0.008423,-0.883301,-0.462891,-0.074341,2480.000000,600.298000,-20.071000,304.639000,3.117000,0.039000,3.141000,0
-4.8,3.1254,-0.4465,-0.0162354,-0.0310059,-0.001343,-0.030395,-0.014893,0.0184326,0.016479,-0.028809,-0.0279541,260.970000,22.212600,-37.169800,-0.069946,-0.026856,0.997070,-0.463745,0.885864,-0.008667,-0.883179,-0.463013,-0.074463,2400.000000,599.354000,-20.075000,304.627000,3.117000,0.039000,3.141000,0
-4.465,3.237,-0.2233,-0.0163575,-0.0307617,-0.001343,-0.030761,-0.015015,0.0180664,0.016601,-0.029175,-0.027832,261.305000,22.324200,-36.946600,-0.070068,-0.026611,0.997070,-0.464111,0.885742,-0.009033,-0.883057,-0.463379,-0.074341,2292.000000,598.181000,-20.077000,304.666000,3.117000,0.039000,3.141000,0
-3.46,3.1254,0.2232,-0.0157471,-0.0280762,-0.001221,-0.030029,-0.014771,0.0159912,0.016235,-0.028809,-0.026123,262.310000,22.212600,-36.500100,-0.069458,-0.023926,0.997192,-0.463379,0.885986,-0.011108,-0.883423,-0.463013,-0.072632,1908.000000,593.270000,-20.093000,304.679000,3.117000,0.039000,3.141000,0
-3.349,3.1254,0.2232,-0.015503,-0.027832,-0.001221,-0.029907,-0.014649,0.0159912,0.016113,-0.028687,-0.0257568,262.421000,22.212600,-36.500100,-0.069214,-0.023682,0.997192,-0.463257,0.886108,-0.011108,-0.883545,-0.462891,-0.072266,1876.000000,593.001000,-20.092000,304.684000,3.117000,0.039000,3.141000,0
-2.456,3.0138,0.3348,-0.0131836,-0.0251465,-0.000976,-0.028198,-0.013794,0.0147705,0.015014,-0.0271,-0.022583,263.314000,22.101000,-36.388500,-0.066894,-0.020996,0.997437,-0.461548,0.886963,-0.012329,-0.884644,-0.461304,-0.069092,1508.000000,587.443000,-20.076000,304.689000,3.117000,0.039000,3.141000,0
-1.451,2.6789,0.2232,-0.008545,-0.0200195,-0.00061,-0.024536,-0.011963,0.0125732,0.012817,-0.023682,-0.0161133,264.319000,21.766100,-36.500100,-0.062256,-0.015869,0.997803,-0.457886,0.888794,-0.014526,-0.886841,-0.457886,-0.062622,1056.000000,577.668000,-20.056000,304.562000,3.116000,0.039000,3.141000,0
-1.116,2.5673,0.1116,-0.0064698,-0.0177002,-0.000488,-0.022705,-0.010986,0.0115967,0.011719,-0.021851,-0.0131836,264.654000,21.654500,-36.611700,-0.060181,-0.013550,0.997925,-0.456055,0.889771,-0.015503,-0.887939,-0.456055,-0.059692,892.000000,573.279000,-20.049000,304.488000,3.117000,0.039000,3.141000,0
-1.005,2.4557,0.1116,-0.0058594,-0.0170899,-0.000366,-0.022094,-0.01062,0.0113525,0.011352,-0.02124,-0.0123291,264.765000,21.542900,-36.611700,-0.059570,-0.012939,0.998047,-0.455444,0.890137,-0.015747,-0.888306,-0.455444,-0.058838,844.000000,571.689000,-20.044000,304.431000,3.116000,0.039000,3.141000,0
-0.893,2.344,0.1116,-0.0050049,-0.0162354,-0.000366,-0.021118,-0.010254,0.0111084,0.010864,-0.020386,-0.0112305,264.877000,21.431200,-36.611700,-0.058716,-0.012085,0.998047,-0.454468,0.890503,-0.015991,-0.888794,-0.454590,-0.057739,780.000000,569.461000,-20.048000,304.418000,3.116000,0.039000,3.141000,0
-0.782,2.2324,0,-0.0041504,-0.0152588,-0.000244,-0.020141,-0.009766,0.0107422,0.010254,-0.019531,-0.0100098,264.988000,21.319600,-36.723300,-0.057861,-0.011108,0.998169,-0.453491,0.890991,-0.016357,-0.889404,-0.453735,-0.056519,720.000000,566.885000,-20.055000,304.375000,3.116000,0.039000,3.141000,0
-0.67,2.1208,0,-0.0035401,-0.0145264,-0.000244,-0.019287,-0.009278,0.010376,0.009765,-0.018677,-0.0091553,265.100000,21.208000,-36.723300,-0.057251,-0.010376,0.998169,-0.452637,0.891479,-0.016724,-0.889893,-0.452881,-0.055664,680.000000,564.940000,-20.043000,304.359000,3.116000,0.040000,3.141000,0
-0.67,2.0092,0,-0.0029297,-0.0136719,-0.000244,-0.018188,-0.008789,0.0100098,0.009155,-0.017578,-0.0083008,265.100000,21.096400,-36.723300,-0.056641,-0.009521,0.998169,-0.451538,0.891968,-0.017090,-0.890503,-0.451782,-0.054810,628.000000,562.685000,-20.034000,304.253000,3.116000,0.039000,3.141000,0
-0.558,1.8976,-0.1117,-0.0021973,-0.0126953,-0.000122,-0.017212,-0.008179,0.0095215,0.008667,-0.016602,-0.0072021,265.212000,20.984800,-36.835000,-0.055908,-0.008545,0.998291,-0.450562,0.892578,-0.017578,-0.890991,-0.450806,-0.053711,576.000000,560.090000,-20.045000,304.184000,3.116000,0.039000,3.141000,0
-0.447,1.7859,-0.1117,-0.0013428,-0.0117188,-0.000122,-0.016113,-0.007691,0.0090332,0.008056,-0.015625,-0.0059814,265.323000,20.873100,-36.835000,-0.055054,-0.007568,0.998291,-0.449463,0.893066,-0.018066,-0.891602,-0.449829,-0.052490,516.000000,556.819000,-20.024000,304.112000,3.116000,0.039000,3.141000,0
-0.335,1.6743,-0.2233,-0.0006104,-0.0106201,0,-0.015014,-0.007202,0.0084228,0.007446,-0.014526,-0.0048828,265.435000,20.761500,-36.946600,-0.054321,-0.006470,0.998413,-0.448364,0.893555,-0.018677,-0.892212,-0.448730,-0.051392,468.000000,553.553000,-20.030000,304.003000,3.116000,0.039000,3.141000,0
-0.335,1.5627,-0.2233,0.000122,-0.00988769,0,-0.014038,-0.006714,0.0081787,0.006958,-0.01355,-0.0040283,265.435000,20.649900,-36.946600,-0.053589,-0.005737,0.998413,-0.447388,0.894043,-0.018921,-0.892700,-0.447754,-0.050537,440.000000,550.743000,-20.006000,303.900000,3.116000,0.039000,3.141000,0
-0.223,1.4511,-0.3349,0.0006103,-0.00891113,0,-0.012939,-0.006226,0.0075683,0.006347,-0.012573,-0.0030517,265.547000,20.538300,-37.058200,-0.053101,-0.004761,0.998413,-0.446289,0.894531,-0.019531,-0.893311,-0.446777,-0.049561,412.000000,548.324000,-19.996000,303.839000,3.116000,0.040000,3.141000,0
-0.223,1.3395,-0.3349,0.0012207,-0.00805664,0,-0.012085,-0.005737,0.0072021,0.005859,-0.011597,-0.0021973,265.547000,20.426700,-37.058200,-0.052490,-0.003906,0.998413,-0.445435,0.895020,-0.019897,-0.893799,-0.445801,-0.048706,396.000000,547.367000,-20.003000,303.807000,3.116000,0.040000,3.141000,0
-0.112,1.2278,-0.3349,0.0017089,-0.00732422,0.000122,-0.010986,-0.005249,0.0068359,0.005249,-0.01062,-0.0014648,265.658000,20.315000,-37.058200,-0.052002,-0.003174,0.998535,-0.444336,0.895508,-0.020264,-0.894409,-0.444824,-0.047974,384.000000,548.455000,-20.002000,303.867000,3.116000,0.040000,3.141000,0
-0.112,1.3395,-0.3349,0.0015869,-0.00744629,0.000122,-0.011108,-0.005249,0.0068359,0.005371,-0.01062,-0.0015869,265.658000,20.426700,-37.058200,-0.052124,-0.003296,0.998535,-0.444458,0.895508,-0.020264,-0.894287,-0.444824,-0.048096,384.000000,551.260000,-20.001000,303.947000,3.116000,0.040000,3.141000,0
-0.223,1.4511,-0.3349,0.0010986,-0.00817871,0,-0.011963,-0.005737,0.0072021,0.005859,-0.011597,-0.0023193,265.547000,20.538300,-37.058200,-0.052612,-0.004028,0.998413,-0.445313,0.895020,-0.019897,-0.893799,-0.445801,-0.048828,388.000000,557.374000,-20.031000,304.082000,3.116000,0.039000,3.141000,0
-0.223,1.5627,-0.2233,0.0006103,-0.0090332,0,-0.012939,-0.006104,0.0076904,0.006347,-0.012451,-0.0031738,265.547000,20.649900,-36.946600,-0.053101,-0.004883,0.998413,-0.446289,0.894653,-0.019409,-0.893311,-0.446655,-0.049683,388.000000,560.989000,-20.045000,304.238000,3.116000,0.040000,3.141000,0
-0.335,1.6743,-0.2233,0,-0.00976562,0,-0.013916,-0.006592,0.0080566,0.006836,-0.013428,-0.0039062,265.435000,20.761500,-36.946600,-0.053711,-0.005615,0.998413,-0.447266,0.894165,-0.019043,-0.892822,-0.447632,-0.050415,396.000000,564.228000,-20.043000,304.328000,3.116000,0.040000,3.141000,0
-0.335,1.7859,-0.2233,-0.0004883,-0.0108643,0,-0.015136,-0.007202,0.008667,0.007446,-0.014649,-0.0048828,265.435000,20.873100,-36.946600,-0.054199,-0.006714,0.998413,-0.448486,0.893555,-0.018433,-0.892212,-0.448853,-0.051392,420.000000,568.096000,-20.055000,304.374000,3.116000,0.040000,3.141000,0
-0.447,1.8976,-0.1117,-0.0012207,-0.0117188,-0.000122,-0.016113,-0.007691,0.0091553,0.008056,-0.015625,-0.0059814,265.323000,20.984800,-36.835000,-0.054932,-0.007568,0.998291,-0.449463,0.893066,-0.017944,-0.891602,-0.449829,-0.052490,444.000000,570.664000,-20.064000,304.446000,3.116000,0.040000,3.141000,0
-0.558,2.0092,-0.1117,-0.0018311,-0.0125732,-0.000122,-0.017089,-0.008179,0.0095215,0.008545,-0.016602,-0.0068359,265.212000,21.096400,-36.835000,-0.055542,-0.008423,0.998291,-0.450439,0.892578,-0.017578,-0.891113,-0.450806,-0.053345,472.000000,572.575000,-20.088000,304.496000,3.116000,0.040000,3.141000,0
-0.67,2.1208,0,-0.0026856,-0.0135498,-0.000244,-0.01831,-0.008789,0.0098877,0.009155,-0.017578,-0.0080566,265.100000,21.208000,-36.723300,-0.056397,-0.009399,0.998169,-0.451660,0.891968,-0.017212,-0.890503,-0.451782,-0.054565,512.000000,574.485000,-20.096000,304.567000,3.117000,0.040000,3.141000,0
-0.67,2.2324,0,-0.0032959,-0.0142822,-0.000244,-0.019043,-0.009155,0.0102539,0.009643,-0.018433,-0.0087891,265.100000,21.319600,-36.723300,-0.057007,-0.010132,0.998169,-0.452393,0.891602,-0.016846,-0.890015,-0.452637,-0.055298,544.000000,576.067000,-20.102000,304.555000,3.117000,0.040000,3.141000,0
-0.782,2.344,0,-0.0042725,-0.0155029,-0.000244,-0.020141,-0.009766,0.0108642,0.010254,-0.019531,-0.0102539,264.988000,21.431200,-36.723300,-0.057983,-0.011352,0.998169,-0.453491,0.890991,-0.016235,-0.889404,-0.453735,-0.056763,608.000000,578.909000,-20.089000,304.552000,3.116000,0.040000,3.141000,0
-1.005,2.4557,0.1116,-0.0052491,-0.0166016,-0.000366,-0.021484,-0.010376,0.0112305,0.010986,-0.020752,-0.0115967,264.765000,21.542900,-36.611700,-0.058960,-0.012451,0.998047,-0.454834,0.890381,-0.015869,-0.888672,-0.454956,-0.058105,672.000000,581.461000,-20.089000,304.635000,3.117000,0.040000,3.141000,0
-1.116,2.5673,0.2232,-0.0065918,-0.0178223,-0.000488,-0.022583,-0.010986,0.0117187,0.011719,-0.021851,-0.0134277,264.654000,21.654500,-36.500100,-0.060303,-0.013672,0.997925,-0.455933,0.889771,-0.015381,-0.887939,-0.456055,-0.059936,736.000000,583.636000,-20.091000,304.657000,3.117000,0.040000,3.141000,0
-1.34,2.6789,0.2232,-0.0076905,-0.0187988,-0.000488,-0.023559,-0.011475,0.012085,0.012207,-0.022705,-0.0147705,264.430000,21.766100,-36.500100,-0.061401,-0.014648,0.997925,-0.456909,0.889282,-0.015015,-0.887451,-0.456909,-0.061279,788.000000,585.193000,-20.077000,304.654000,3.117000,0.040000,3.141000,0
-1.451,2.7905,0.3348,-0.008667,-0.0197754,-0.00061,-0.024536,-0.011963,0.0124512,0.012817,-0.023682,-0.0161133,264.319000,21.877700,-36.388500,-0.062378,-0.015625,0.997803,-0.457886,0.888794,-0.014648,-0.886841,-0.457886,-0.062622,856.000000,587.048000,-20.073000,304.646000,3.116000,0.040000,3.141000,0
-1.674,2.9022,0.3348,-0.0100098,-0.0213623,-0.000732,-0.025879,-0.012573,0.0130615,0.01355,-0.024902,-0.0180664,264.096000,21.989400,-36.388500,-0.063721,-0.017212,0.997681,-0.459229,0.888184,-0.014038,-0.886108,-0.459106,-0.064575,952.000000,589.530000,-20.085000,304.697000,3.116000,0.040000,3.141000,0
-1.674,2.9022,0.3348,-0.0101319,-0.0216065,-0.000732,-0.026001,-0.012695,0.0131836,0.013672,-0.025025,-0.0181885,264.096000,21.989400,-36.388500,-0.063843,-0.017456,0.997681,-0.459351,0.888062,-0.013916,-0.885986,-0.459229,-0.064697,964.000000,589.838000,-20.088000,304.700000,3.117000,0.040000,3.141000,0
-2.009,3.0138,0.4464,-0.0117188,-0.0229492,-0.000854,-0.027099,-0.013184,0.0136719,0.014282,-0.026001,-0.0201416,263.761000,22.101000,-36.276900,-0.065430,-0.018799,0.997559,-0.460449,0.887573,-0.013428,-0.885376,-0.460205,-0.066650,1076.000000,592.292000,-20.096000,304.727000,3.117000,0.040000,3.141000,0
-2.456,3.1254,0.4464,-0.0135498,-0.0247803,-0.000976,-0.02832,-0.013916,0.0144043,0.015137,-0.027222,-0.022583,263.314000,22.212600,-36.276900,-0.067261,-0.020630,0.997437,-0.461670,0.886841,-0.012695,-0.884521,-0.461426,-0.069092,1212.000000,595.062000,-20.087000,304.710000,3.117000,0.040000,3.141000,0
-3.349,3.237,0.3348,-0.0161133,-0.0283203,-0.001343,-0.030029,-0.014771,0.0161133,0.016235,-0.028687,-0.0264892,262.421000,22.324200,-36.388500,-0.069824,-0.024170,0.997070,-0.463379,0.885986,-0.010986,-0.883423,-0.462891,-0.072998,1512.000000,599.951000,-20.075000,304.661000,3.117000,0.040000,3.141000,0
-4.13,3.1254,0,-0.0167237,-0.0301514,-0.001343,-0.030517,-0.015015,0.0174561,0.016479,-0.029053,-0.0279541,261.640000,22.212600,-36.723300,-0.070435,-0.026001,0.997070,-0.463867,0.885742,-0.009644,-0.883179,-0.463257,-0.074463,1764.000000,603.240000,-20.088000,304.720000,3.117000,0.040000,3.141000,0
-4.8,3.0138,-0.3349,-0.0164795,-0.0308838,-0.001343,-0.030029,-0.014649,0.0181885,0.016235,-0.028442,-0.0280762,260.970000,22.101000,-37.058200,-0.070190,-0.026733,0.997070,-0.463379,0.886108,-0.008911,-0.883423,-0.462646,-0.074585,1924.000000,605.038000,-20.077000,304.686000,3.117000,0.040000,3.141000,0
-5.581,2.9022,-1.0046,-0.0147705,-0.0316162,-0.001221,-0.029541,-0.014404,0.0196533,0.015869,-0.027954,-0.0268555,260.189000,21.989400,-37.727900,-0.068481,-0.027466,0.997192,-0.462891,0.886353,-0.007446,-0.883789,-0.462158,-0.073364,2148.000000,607.422000,-20.077000,304.607000,3.117000,0.040000,3.141000,0
-5.916,2.7905,-1.3395,-0.0136719,-0.0316162,-0.001221,-0.02893,-0.01416,0.0202637,0.015503,-0.027344,-0.0258789,259.854000,21.877700,-38.062800,-0.067383,-0.027466,0.997192,-0.462280,0.886597,-0.006836,-0.884155,-0.461548,-0.072388,2232.000000,608.322000,-20.073000,304.613000,3.117000,0.040000,3.141000,0
-6.251,2.6789,-1.6744,-0.0122071,-0.0313721,-0.001099,-0.028198,-0.013672,0.020874,0.014892,-0.026489,-0.0245361,259.519000,21.766100,-38.397700,-0.065918,-0.027222,0.997314,-0.461548,0.887085,-0.006226,-0.884766,-0.460693,-0.071045,2324.000000,609.516000,-20.063000,304.639000,3.117000,0.040000,3.141000,0
-6.586,2.5673,-2.0092,-0.0109864,-0.0311279,-0.000976,-0.027465,-0.013428,0.0212402,0.014526,-0.025879,-0.0233154,259.184000,21.654500,-38.732500,-0.064697,-0.026978,0.997437,-0.460815,0.887329,-0.005859,-0.885132,-0.460083,-0.069824,2392.000000,609.809000,-20.062000,304.638000,3.117000,0.040000,3.141000,0
-6.809,2.4557,-2.3441,-0.0096436,-0.0308838,-0.000976,-0.026855,-0.013062,0.0216064,0.014038,-0.025269,-0.0220947,258.961000,21.542900,-39.067400,-0.063354,-0.026733,0.997437,-0.460205,0.887695,-0.005493,-0.885620,-0.459473,-0.068603,2460.000000,610.411000,-20.064000,304.650000,3.117000,0.040000,3.141000,0
-7.256,2.344,-2.7906,-0.0074463,-0.0302734,-0.000732,-0.025879,-0.012573,0.0220947,0.013428,-0.024414,-0.0197754,258.514000,21.431200,-39.513900,-0.061157,-0.026123,0.997681,-0.459229,0.888184,-0.005005,-0.886230,-0.458618,-0.066284,2552.000000,611.296000,-20.072000,304.629000,3.117000,0.040000,3.141000,0
-7.702,2.1208,-3.3487,-0.0048829,-0.0292969,-0.00061,-0.024658,-0.011963,0.022583,0.012573,-0.023193,-0.0170898,258.068000,21.208000,-40.072000,-0.058594,-0.025146,0.997803,-0.458008,0.888794,-0.004517,-0.887085,-0.457397,-0.063599,2644.000000,612.166000,-20.078000,304.607000,3.117000,0.040000,3.141000,0
-8.149,2.0092,-4.0184,-0.0020752,-0.0279541,-0.000366,-0.023071,-0.011109,0.0228271,0.011596,-0.021607,-0.0140381,257.621000,21.096400,-40.741700,-0.055786,-0.023804,0.998047,-0.456421,0.889648,-0.004272,-0.888062,-0.455811,-0.060547,2732.000000,613.055000,-20.087000,304.592000,3.117000,0.040000,3.141000,0
-8.372,1.8976,-4.2416,-0.0008545,-0.0273438,-0.000366,-0.022338,-0.010742,0.0228271,0.01123,-0.020996,-0.0125732,257.398000,20.984800,-40.964900,-0.054565,-0.023193,0.998047,-0.455688,0.890015,-0.004272,-0.888428,-0.455200,-0.059082,2764.000000,613.349000,-20.087000,304.594000,3.117000,0.040000,3.141000,0
-8.707,1.6743,-4.6881,0.0013427,-0.026001,-0.000122,-0.021118,-0.01001,0.0227051,0.010376,-0.019653,-0.0101318,257.063000,20.761500,-41.411400,-0.052368,-0.021851,0.998291,-0.454468,0.890747,-0.004395,-0.889282,-0.453857,-0.056641,2820.000000,613.941000,-20.088000,304.596000,3.117000,0.040000,3.141000,0
-8.93,1.5627,-5.1346,0.0031738,-0.0247803,0,-0.019897,-0.0094,0.022583,0.009643,-0.018555,-0.0079346,256.840000,20.649900,-41.857900,-0.050537,-0.020630,0.998413,-0.453247,0.891357,-0.004517,-0.890015,-0.452759,-0.054443,2860.000000,614.527000,-20.086000,304.583000,3.117000,0.040000,3.141000,0
-9.153,1.3395,-5.3579,0.0046386,-0.0238037,0,-0.018921,-0.009033,0.0223389,0.009155,-0.0177,-0.0061035,256.617000,20.426700,-42.081200,-0.049072,-0.019653,0.998413,-0.452271,0.891724,-0.004761,-0.890503,-0.451904,-0.052612,2888.000000,614.876000,-20.085000,304.567000,3.117000,0.040000,3.141000,0
-9.488,1.1162,-5.916,0.0072021,-0.0219727,0.000244,-0.017334,-0.008179,0.0220947,0.008179,-0.016113,-0.0030517,256.282000,20.203400,-42.639300,-0.046509,-0.017822,0.998657,-0.450684,0.892578,-0.005005,-0.891479,-0.450317,-0.049561,2928.000000,615.403000,-20.085000,304.544000,3.117000,0.040000,3.141000,0
-9.711,1.0046,-6.3624,0.0095214,-0.0203858,0.000366,-0.015991,-0.007446,0.0217285,0.007324,-0.014893,-0.0002441,256.059000,20.091800,-43.085700,-0.044189,-0.016235,0.998779,-0.449341,0.893311,-0.005371,-0.892334,-0.449097,-0.046753,2956.000000,615.988000,-20.081000,304.518000,3.117000,0.040000,3.141000,0
-9.823,0.893,-6.6973,0.0112304,-0.0192871,0.000488,-0.015014,-0.006958,0.0214844,0.006714,-0.013916,0.0018311,255.947000,19.980200,-43.420600,-0.042480,-0.015137,0.998901,-0.448364,0.893799,-0.005615,-0.892944,-0.448120,-0.044678,2972.000000,616.282000,-20.077000,304.514000,3.117000,0.040000,3.141000,0
-10.158,0.6697,-7.2554,0.0141601,-0.0170899,0.00061,-0.013427,-0.006226,0.0209961,0.005859,-0.012451,0.0053711,255.612000,19.756900,-43.978700,-0.039551,-0.012939,0.999023,-0.446777,0.894531,-0.006104,-0.893799,-0.446655,-0.041138,2996.000000,616.857000,-20.070000,304.496000,3.117000,0.040000,3.141000,0
-10.269,0.5581,-7.4787,0.0152588,-0.0162354,0.00061,-0.012817,-0.00586,0.0207519,0.005493,-0.011841,0.0067139,255.501000,19.645300,-44.202000,-0.038452,-0.012085,0.999023,-0.446167,0.894897,-0.006348,-0.894165,-0.446045,-0.039795,3000.000000,617.154000,-20.067000,304.477000,3.117000,0.040000,3.141000,0
-10.493,0.4465,-7.9251,0.0181884,-0.013916,0.000733,-0.011108,-0.005005,0.0200195,0.004516,-0.010254,0.0102539,255.277000,19.533700,-44.648400,-0.035522,-0.009766,0.999146,-0.444458,0.895752,-0.007080,-0.895142,-0.444458,-0.036255,3012.000000,617.759000,-20.061000,304.452000,3.117000,0.040000,3.141000,0
-10.604,0.3349,-8.1484,0.0192871,-0.0129394,0.000855,-0.010376,-0.004761,0.0196533,0.00415,-0.009522,0.0117188,255.166000,19.422100,-44.871700,-0.034424,-0.008789,0.999268,-0.443726,0.895996,-0.007446,-0.895508,-0.443726,-0.034790,3012.000000,618.022000,-20.060000,304.449000,3.117000,0.040000,3.141000,0
-10.716,0.1116,-8.4832,0.020874,-0.0113525,0.000855,-0.009277,-0.004151,0.019043,0.00354,-0.008545,0.013916,255.054000,19.198800,-45.206500,-0.032837,-0.007202,0.999268,-0.442627,0.896606,-0.008057,-0.896118,-0.442749,-0.032593,3008.000000,618.317000,-20.059000,304.450000,3.117000,0.040000,3.141000,0
-10.939,0,-8.8181,0.0229492,-0.0090332,0.000977,-0.00769,-0.003418,0.0178223,0.002685,-0.006958,0.0167236,254.831000,19.087200,-45.541400,-0.030762,-0.004883,0.999390,-0.441040,0.897339,-0.009277,-0.896973,-0.441162,-0.029785,3000.000000,618.898000,-20.060000,304.454000,3.117000,0.040000,3.141000,0